531167
337416
434417
314500
87792
173458
247417
322250
110916
337375
380750
779500
1438375
2079208
805667
2186583
770333
386375
424083
339500
315541
608417
697833
713000
1350000
1007750
352958
406209
1443250
1646750
539625
692375
1775875
739500
688833
548209
600417
677875
528875
339500
315167
292084
274833
242583
201917
503250
1703083
807208
454417
229000
221208
185792
382250
223959
266750
260500
343708
185083
143250
193667
300917
406750
440167
2072916
1234375
883416
724792
277125
208500
210125
244250
225417
105459
94709
328000
389166
222750
90417
190542
152667
219292
94084
107625
118458
150500
1650416
1270917
1154542
801209
467042
312125
891750
3515041
1370708
913875
911334
178917
460750
531875
386792
2311166
1114875
595042
489625
283416
617041
600375
291750
364000
419125
493125
468375
544750
271791
291209
1918125
1014583
877875
792458
728583
454333
523458
440542
301750
130792
387083
232334
232292
299417
260583
125166
111709
178167
131084
294083
579583
498250
537416
490291
374792
358583
385416
428042
311125
271417
296583
335667
280042
226375
232083
131833
222792
225667
267292
425750
1023250
883333
451625
156875
463166
528875
549625
361500
401792
371167
605209
418958
318083
257916
161542
275417
151125
2412708
2157500
464875
2112917
443458
2870875
2163459
3035500
1534250
1036292
568667
438708
755166
269583
683666
509458
244333
361792
140042
479791
663167
133334
459041
129500
381208
254167
398041
205666
325625
467875
408000
319916
289375
292459
664458
983000
813250
425750
329666
268375
238416
250458
447334
568708
292459
261833
301458
481750
580042
479583
345583
168042
170250
296250
261208
239167
414208
383000
446375
285917
204292
206750
327459
383208
220542
238292
277708
257292
256708
603667
570917
362000
671541
675875
875666
776834
388292
264833
284250
234875
325167
296125
3009708
1534167
885458
411750
375292
1129125
553708
453708
275375
714666
325042
549459
2710209
1260000
649666
653458
490750
357625
628750
423208
1103208
2731083
1043666
661583
494708
417125
1181167
572459
509959
347458
187334
514917
513417
677000
545000
399500
432917
302792
283417
367000
743042
356209
366584
425958
249208
385459
373083
259833
177041
134166
948958
2279125
817792
338625
259417
307458
481458
412125
218083
279250
1689000
725708
756000
861250
685042
874791
1923791
3348333
3201666
3723000
1781291
999666
907000
627916
375416
429667
544084
628000
1247500
1354834
999875
1960500
1363500
620750
803584
707542
542000
600375
428125
430458
1021666
487583
625792
902167
822541
592375
599584
353792
351083
393250
237792
258584
232709
168625
150375
224667
194042
194834
245583
2809125
3419459
975333
1149500
512667
384958
478875
609791
742292
538500
432833
1005208
619375
542417
311667
185417
375875
217542
172542
1008833
1803333
686417
433375
1157000
880458
502833
705959
378584
1429084
1109500
1042416
895875
591417
733459
425500
327417
378958
558125
318250
337500
141458
830916
533042
264750
199250
263375
591917
490250
438875
626084
1128167
905958
841458
547708
515208
421416
445083
425334
408834
406292
430542
675083
958792
616833
458542
410125
329208
552792
693709
360250
247333
79958
713000
1863958
947208
528166
640792
519333
363959
420167
344000
372875
234708
1164417
696208
388333
313083
363875
226125
245000
387084
224375
277125
362041
205750
97000
206083
591041
547625
419917
506417
344375
674375
375583
269542
269667
132292
176875
438833
368166
320791
389000
260916
276500
167833
180791
339709
372125
373167
345500
293292
165958
1212125
1538209
879375
367500
719583
3866792
2469125
1454500
934583
557500
488500
3307375
4711084
1528334
1209334
2101042
1571667
2340500
1060334
507625
390791
496541
525500
978958
1073959
585500
441542
375333
213833
365917
365209
544417
1696083
2514042
2718708
1432583
749250
627291
659500
266833
1665791
966750
272792
316875
201583
537083
230292
288208
388083
199416
1389542
1556542
1588625
1353916
609000
406750
183042
490792
555833
373125
293125
326334
1786959
589292
434083
392292
373916
853333
265833
386583
1789709
2457333
1016041
1062375
416959
530750
1148792
1598292
878708
753333
418417
509000
573583
347167
322500
441959
659417
847916
759042
452417
396000
228292
489959
293542
397208
542667
333250
647459
411292
260042
2409917
3010291
2277042
931458
526958
479500
443667
1987542
1020833
1032250
2367042
1366750
541875
420792
288000
1029167
370000
892417
715584
343167
628292
452208
354458
320875
255000
308625
420125
316209
401875
197292
237333
320458
300917
201541
1765500
1263042
592416
628542
389791
599042
413584
752000
571667
3074750
2420334
741458
696541
571750
370250
996875
1796584
766042
569791
261000
286500
258458
798084
3300750
1261333
848334
578542
434250
465541
959084
730708
276208
278084
496791
247041
413000
430417
169000
416042
258917
314625
472833
384666
1015542
1344250
642250
619834
672167
1017875
1095458
856625
614542
461000
453958
425916
223083
175500
320000
310125
434083
343500
301833
275292
540458
748667
1052084
953500
524166
489833
433458
248292
279500
673583
356917
459208
683042
943750
477916
725042
476083
318000
278625
352875
319125
229500
287166
642542
519125
280791
243458
205000
270917
338042
293708
259208
482167
1469125
530375
270125
436291
404167
405334
367125
250958
248500
264375
156542
228458
346500
562208
277125
273208
235333
434250
570250
355125
977375
1079792
1112584
626375
321709
270875
279541
310125
215958
250625
643083
441500
259917
313042
213750
147625
438917
687417
469208
243959
1338750
918000
599917
221042
322500
238542
406625
324000
355917
163375
276458
375292
270500
171250
317167
171375
106042
186167
206791
102459
131500
207542
250375
140959
130208
101584
92833
118041
271209
185833
1905042
1351916
1582417
674042
387875
705667
443250
509792
766917
2206250
1924084
1132583
565250
1071375
575000
474709
273792
428500
347875
179000
361416
360666
288250
353125
208208
415792
804833
2321125
869542
396625
287791
263709
349500
327042
374875
257500
305208
464334
410250
244584
272583
204250
197167
189250
515292
178375
94375
330250
99750
149708
162417
697375
532917
262041
852208
373541
1146750
582375
576250
810958
361541
520833
290750
273916
293875
2594708
1428500
730833
498500
381000
336875
258958
294791
222417
318125
245208
230333
282750
204500
243958
320583
388250
735500
602041
571917
365583
159708
201500
269417
126833
372792
291167
269000
149083
192792
122791
146125
236500
311083
1049959
3359250
2811084
1194750
1178750
545875
503417
458834
568083
438333
1381875
2142834
996292
914333
535375
409708
1457167
940792
729125
691709
608833
806375
627542
417333
302458
270625
470500
320042
237000
197083
119542
209250
914625
1097875
1215750
468292
274750
255292
182375
268250
266375
306958
246959
869709
659125
315500
268958
293958
688500
645667
295667
238125
257292
273167
212083
249333
146166
277125
386959
291666
249583
245709
174000
298417
300750
479500
483083
410250
345750
217708
736375
1317209
863125
691458
362209
437792
492458
268583
210834
260334
171417
223709
154375
259791
231250
335792
137625
161292
363542
227500
4534709
2116500
927333
611500
448666
562208
509958
576875
368125
365375
354167
460541
374458
1350416
500000
408208
530084
438250
340459
310542
157625
503167
298417
246292
218000
253708
321959
272416
133334
319583
409417
288541
298875
297292
221583
121792
338959
284000
3771125
1317583
699833
1385708
849000
510791
481875
236667
392083
324792
305917
443708
417333
258541
247416
427625
244958
209208
200042
160750
342583
257417
170292
341584
173500
196042
197584
121750
162333
1158291
1243458
971500
537750
853833
300916
296667
249583
249000
293125
1648917
6732000
2327416
1270375
446209
446875
508375
547375
381208
387708
386041
3089083
1295792
749959
423667
486417
278792
469042
466167
243791
233333
449625
512417
289041
622375
484791
678166
772041
558458
353500
324792
199917
740542
673667
505916
498208
380042
470833
463584
291458
370666
613333
5402042
2237875
1357917
842334
856917
1601875
889458
568083
475750
574917
467250
646417
3951459
1472750
667375
741916
542750
491709
315875
640750
883834
868250
975333
633417
279375
336792
222209
436208
287458
189666
219542
257167
175625
111167
287083
331708
333667
464542
256458
214458
122167
198541
2943500
2190916
2133375
1052459
601041
750042
341208
522833
519542
509541
345000
304583
605750
441417
327541
309000
330084
437375
223042
563667
252375
384458
301583
232375
240709
257042
130083
100583
236000
251083
285166
318333
192833
254708
179667
152625
150458
116583
193500
443875
471167
331958
705042
1562209
553375
636500
797583
392958
487166
455125
2622250
1534666
572875
742500
401917
820666
573583
304750
221875
439792
376333
568958
176083
269375
589834
310250
216709
176375
221542
241875
228291
121917
178666
173292
158500
112209
136459
109084
115875
314541
273500
114500
158542
203166
200667
143125
732000
675292
660458
377291
289916
381584
496458
188250
135500
235000
179250
119833
179875
189625
274625
306125
263666
201125
140916
287917
441458
230917
131708
231292
261083
272417
637084
4334667
2324333
1405542
570125
642083
553750
394167
890291
1253500
558167
909875
563833
456375
852875
485625
519959
188667
336875
619125
419834
394541
428958
257750
352542
180458
177125
213375
373458
251916
426375
332250
212709
191625
260417
171167
120417
189958
167208
384500
336916
312042
146583
210042
181208
297458
258708
138791
425125
370792
272166
186917
108834
168000
156833
221375
217417
261666
132416
232083
1147709
1162834
674167
805125
382209
818042
597959
514417
458959
411709
690416
444792
292000
276750
236083
254125
159416
206542
227291
235375
248125
157292
214708
409833
253875
190750
237000
247500
392709
2694833
3396375
3245709
1277792
716292
634916
4657917
1742916
1448666
847208
627041
569542
884750
590792
500000
192375
78625
87209
177584
130208
170875
1803083
592458
486833
85042
95042
299500
525666
154625
85792
386333
251250
4206542
1904125
1132459
745667
363958
301084
267750
364834
168167
873750
3211875
395625
144000
119167
102958
878166
896500
230042
172375
99083
185167
149000
151833
927750
2309625
2110959
559500
138417
123792
78000
134333
202792
1171500
1498417
823167
970292
716000
1255959
981375
635625
222584
456583
1350291
917750
304375
476084
441916
183333
835333
1129250
709916
302541
140584
266000
450875
620834
246000
119416
129250
195208
408667
267375
575666
499583
395125
394916
1734500
2327750
1175209
1032542
896708
767834
518667
288209
201333
171916
359125
179375
374792
413959
250000
453708
175458
127875
161042
220458
128875
4729750
2300917
1409167
1259125
1312875
994625
391459
659125
343208
256375
458417
463333
138375
451084
397583
296458
940125
219917
171792
215875
356917
287500
538250
411250
124792
74541
131125
152833
139583
68958
100750
309875
229375
54375
71875
95750
81000
56250
3779458
797917
436416
882500
356500
403458
1180375
243500
353125
3541000
1316208
1337875
975291
848333
882834
751834
824333
611917
1300166
1265208
655708
951917
1681750
1274292
2597458
1639084
1131166
949083
1143000
695167
1523208
2346750
1094792
643833
563125
582750
511875
527459
449667
343583
364667
385750
1791541
2211500
1752584
3057250
1052833
615041
767750
594334
475167
466708
435542
360083
298250
1011500
822959
501250
1222625
844708
601167
1221166
1966542
1011792
810667
644250
549709
502500
467042
408709
675791
438250
764708
667750
375417
188709
561792
339792
274583
225500
121791
127000
266000
404125
339916
364083
376042
161208
163459
219916
306500
429500
583750
504042
335500
303750
827542
695584
405791
232916
177000
278667
2582417
1912958
932208
546792
530667
505959
759916
500625
314584
808666
1178708
1275959
623500
659500
275709
291791
226667
277541
167625
515125
930000
572583
298000
303250
259250
268458
129666
138833
220334
200541
379083
184792
233334
906792
849583
546458
408000
295792
306792
296666
437125
358250
210875
560667
1403459
768167
383042
172083
294291
402666
417458
323125
340291
170417
266125
493708
347542
194041
194292
244667
145542
220375
268084
211042
294916
194209
277500
327041
692250
1162875
425833
328292
316125
248416
273834
291583
248542
324500
252959
178417
178000
213959
233916
206375
1495416
1087125
680833
326792
304500
216208
200334
555875
1000167
642083
367291
198292
341500
255209
704041
366834
285833
372750
441917
256125
133208
151792
892416
1123459
696291
945750
741417
372667
212583
224583
1054958
619583
405417
319792
281709
151208
270375
173916
187917
218417
373667
308333
234917
815084
500667
336334
182125
364958
923542
682125
612708
324666
348500
220083
221541
153500
175625
549417
3616750
1646083
838833
578709
527417
376125
478250
400084
558458
313875
360458
709166
478125
390792
304166
128792
243500
153709
290459
268875
174917
327417
394625
482833
401750
376625
630166
442708
217583
311250
454291
342083
361666
328541
293667
419458
324958
409708
3370292
967083
612958
353791
353042
444333
335084
558875
696667
422541
342959
160125
211416
236500
242334
481583
213166
171125
197583
317708
1149541
870208
668542
315542
280000
279125
969167
837542
692541
360750
269000
178083
230041
172125
258417
280375
268459
231584
325417
415500
227166
206709
176125
143875
80292
91750
293875
400708
87959
196083
95542
110250
153250
199167
250917
