40458
30333
21708
25666
7750
10917
32041
42875
25125
13667
17959
23750
14833
27000
31792
28708
18459
59250
48458
170333
94000
31250
29250
31042
34042
45500
33459
39584
29375
8250
7292
7834
8167
8834
8167
19416
22750
14833
12292
11916
6375
8041
11834
23583
15542
12292
9208
9125
31709
57708
15792
11667
12083
9333
41250
60375
42042
43375
86459
70042
36291
40250
177541
70375
53750
28417
66917
57459
61459
48333
16167
11500
29792
47875
33333
30750
25250
21208
32542
32875
26541
40458
53625
43542
71208
102417
67458
57709
92375
55667
41833
26334
13625
15625
25000
25792
32000
31875
32458
40750
101708
71750
131875
49500
59166
30959
54000
22708
38916
52375
30666
33791
38458
40792
32000
32625
39000
20375
31292
35667
39292
52292
23167
31459
42667
41250
46375
24750
40750
96542
47333
41125
40458
32000
27167
35416
44292
45542
54334
60625
27708
65333
174000
118000
88167
91958
63042
92292
64667
45583
41667
38458
42375
37125
35375
33666
36875
35291
33792
37916
36292
33708
41750
239708
302292
172750
86542
85250
63500
91125
68250
74458
97167
62792
65834
45000
47958
72584
56292
43375
45625
46500
57250
84083
58208
34209
37833
24625
44208
45916
67333
39750
50375
43375
92500
79666
59541
76666
41791
63542
54875
42417
35792
29000
30958
30708
28625
37125
43208
42750
14334
40542
42084
25750
24375
12584
52792
49166
19250
11000
66667
26458
29042
43791
59958
90791
30500
19709
40542
38042
55750
56167
68042
72250
26750
65042
49250
98292
31083
61375
52833
391875
269625
84375
62750
72500
71875
175458
98709
51083
148041
92667
88417
80250
48042
58416
50167
87916
73000
77708
41916
28291
39625
57208
11250
12542
12042
13500
28334
37917
132750
102958
91250
168833
113708
96167
80208
74667
19042
22000
36083
35166
161917
48833
45000
50167
51334
43916
50375
18000
23958
55500
55458
37875
38000
42375
43625
44583
63541
49708
23625
22750
29416
27834
48875
40750
57083
53625
27792
30834
33834
35083
20416
20667
28708
26375
18667
8333
6250
7541
8584
11000
21625
26666
38417
25458
10833
13000
18834
38750
62292
35291
92334
51959
40333
34750
47333
47833
49458
55208
60375
32542
34709
32500
53834
93708
97375
90167
32167
35500
54125
218125
118459
52542
60000
73209
43042
147958
77875
48833
35667
22584
33125
17792
46417
28833
48167
50084
20208
27833
18500
12000
10708
11500
10167
12541
11292
7500
7750
25792
20792
13083
10333
11042
10291
11500
8375
8625
8750
8167
10541
5875
9625
11167
9416
8625
7792
8792
6125
9375
9125
7625
8500
8458
10542
11791
11125
8750
7625
7458
8083
7791
7541
7666
6708
9042
8625
7958
9250
12625
18292
22292
18709
12542
11042
8458
8375
9750
9500
9000
9208
18292
26292
18084
17875
27708
11875
9833
9167
8416
15041
36000
42958
35416
38041
92958
30916
25708
38750
52542
51166
332708
272583
117458
17458
12542
25917
61208
55417
67250
58958
51292
56042
51791
37500
50417
87416
152125
85792
71083
108500
36625
32166
36042
35709
41583
29583
51792
253750
174583
94500
79625
104417
102125
85583
89042
68625
63708
37875
104416
29083
30208
39083
37292
51583
17083
13542
22584
28500
21459
25750
97500
93625
68625
28208
41167
68125
12875
10875
20209
100000
51041
37250
76208
70583
42084
60375
64292
32291
30250
47708
46875
53750
35416
37125
27541
42958
24833
24792
51084
47083
33542
17209
11625
9750
7666
10458
23375
32125
50583
283458
130333
89375
66917
84500
74500
58209
33875
10167
12125
10333
26209
56708
50792
49916
26834
16125
17000
37333
36125
32584
33292
32458
48542
49000
44584
31375
33292
51042
25333
102209
9208
19292
25125
37000
30250
23458
22167
28083
40166
53750
55041
68541
52500
23083
26666
54542
42458
41375
46666
24916
16166
33584
24959
59041
15959
26500
36667
45125
38833
24542
20750
42708
62458
312375
114417
128041
52959
43709
26375
89542
64833
32542
64458
94208
258209
365917
273334
189667
163458
95292
115334
130667
57458
90792
43042
83417
82042
132750
159792
112500
69500
60667
150125
104708
58083
59458
49250
35292
35334
39500
42458
31416
138875
221125
49125
94084
87083
67292
41708
69000
67791
55875
53542
25209
46625
17250
28958
85000
138000
75875
59958
45334
48709
38541
94375
190291
170708
227500
155042
90334
65666
85375
71041
97125
57083
72625
68083
49541
54416
55042
23667
28792
65834
48875
48042
74833
104917
79833
104791
31833
33417
34750
48583
40084
41958
39000
38833
19125
34750
41541
15500
14584
24916
26334
18125
11375
8084
12042
49375
53625
26792
23834
24500
40417
22334
16125
16708
13708
24959
32666
26959
35625
25042
20417
54417
49542
30958
25125
24291
56083
45000
27791
21625
14542
32750
44708
74417
40375
33792
71042
45958
44667
37250
77709
44542
52875
46083
38792
36500
29916
33041
36000
53042
53667
36125
48416
38917
33042
41083
47667
40291
49458
36417
55125
44667
55875
44917
43042
48125
41166
46542
45208
41875
42667
34208
53750
49000
96500
293334
149208
51500
35916
36875
43791
36084
61583
43125
45750
40375
73584
68791
36625
52667
45666
26583
18291
36042
71541
102833
66000
38083
54125
48333
50333
42791
48584
40417
44167
33917
34167
31542
24375
42250
20042
29625
87250
48333
14000
24542
20167
40917
50292
23000
19292
19625
21459
49166
55250
85500
53917
22166
33250
156042
168958
165750
61000
89125
138125
118291
71750
71500
27416
32250
58750
50417
35916
44333
56083
32125
63000
45750
76416
71750
57875
43167
9417
31750
27584
37458
6291
8958
7958
6833
8292
6500
7250
5917
5917
6000
6083
8083
7084
8375
143167
6833
5917
6708
5584
6334
6167
5000
6292
4417
4541
5250
6625
7042
8375
7166
5417
6125
10583
21750
32125
24000
27667
44416
24750
36291
31125
32500
23958
32208
6083
6417
7375
7334
8834
10625
8875
8209
7709
8875
10958
8500
7917
7542
6459
7750
8584
6917
7875
8417
6417
6333
10792
11333
11375
12834
8500
7958
6541
7458
6417
5958
5167
7083
7000
9250
22917
24667
32625
26917
8042
6542
7333
7167
4875
5000
4583
8791
8500
7625
8750
7417
6542
6417
7625
9000
8792
7375
6541
8250
7375
6708
7916
21916
16292
14625
12042
17625
13917
28458
18583
11500
13125
10708
7541
9000
8583
6750
7583
7917
7083
7917
10000
7292
8333
8208
8750
6583
7750
7958
10416
9334
15500
11209
7083
7458
13417
12209
11542
11708
6625
8083
8375
13042
11500
8583
6875
7416
5625
6291
7834
6375
7875
6084
6750
8250
9417
10834
8708
8500
8500
7583
9750
9125
8417
8708
9333
12792
6917
8000
8500
7584
6917
8625
9250
8083
6708
7542
7417
14292
17250
13916
9417
11625
11416
10875
24209
23375
38833
23916
15041
18125
20875
66791
27292
26958
48167
32291
26417
16541
22000
36083
16958
12875
10083
10500
9834
8291
7291
9583
10291
8292
7250
6375
9458
10917
9209
12125
13917
12209
10083
8334
42666
61750
43709
21250
14625
10000
8458
11083
11334
10833
9917
12542
11125
14458
32917
34291
29083
41167
36375
39625
51833
40709
54125
40708
37917
42792
18000
17542
17125
39375
32875
22166
11834
14375
11041
18250
16625
16750
15458
14292
17000
33417
40541
47250
33167
38459
43750
39458
44375
46708
37292
17917
22250
26083
31167
23583
25042
19208
32250
28792
31042
32500
28959
36459
31875
32584
30417
27375
27959
29708
22666
19750
26209
31792
28791
21917
33167
21583
30208
34375
36417
41250
37625
46542
36167
35500
54458
52083
56250
95000
49500
51500
50250
50375
24625
13333
12333
10750
20208
34625
36750
27417
22375
19000
35625
34459
20959
15625
10000
11416
22125
35375
31667
29500
26500
34833
40708
21917
36625
33083
38208
33000
35625
39000
25542
33750
38958
35791
37208
34833
26459
47167
64709
54209
45667
39417
44625
28000
20875
8125
6917
9125
11958
15583
33459
87000
32292
35792
21042
24000
29333
48750
31875
30000
21875
23166
32542
62667
26000
62583
36875
38166
35542
29375
36125
35500
19875
17500
12083
8750
115542
22792
21042
18292
18791
11583
17333
10125
7708
11500
8000
9917
48791
9208
7875
7500
8541
9500
12042
13583
9791
8000
7666
8875
9333
9125
10791
8667
10084
10583
18625
19125
14709
14125
10000
8750
10333
9833
10250
8459
7834
7625
8417
10834
25000
39500
16083
13583
13666
10625
8875
170917
19667
25750
58750
69750
34125
59083
27208
29708
19500
9250
9125
11208
15000
18209
13000
10209
8417
9042
8375
7834
8000
6292
6875
6542
10750
27708
33959
22584
15709
13375
12334
10833
10250
11375
12459
13042
11000
8541
6958
9875
9542
11417
11041
13666
15875
16167
11542
13166
14334
13791
25458
20916
18583
17583
49750
24959
46209
29750
35708
38917
27791
24458
8750
6875
9500
7834
54625
52917
22167
11833
14291
37542
46333
51125
53166
47750
19500
34042
36417
91042
110084
86708
58834
41459
48667
34458
39125
29833
25667
31667
32500
27209
35125
20750
22958
15792
15333
26250
31708
17875
15000
17291
21041
11125
16208
27250
233542
46333
17792
19125
37542
85834
39500
15541
17292
47292
25791
29792
46042
26708
7167
10625
31667
39958
34834
25667
29458
30333
38542
34500
37834
92333
33250
40125
22000
7708
8125
7792
8125
5958
9500
9125
16208
19041
10542
10458
9625
9875
6375
9958
12500
11042
10834
9333
7416
6583
6167
8333
5292
5792
8708
7333
7292
7042
6542
7500
6959
7125
8209
10042
8291
8917
6625
7916
7000
8667
7875
11125
12667
10292
6917
7708
7042
8250
7917
7959
7125
9166
12625
19292
18708
21083
19958
44208
25708
10667
18083
27000
23125
40750
19042
24250
21125
31292
32458
35750
23209
33708
26250
43416
23666
20792
30500
32292
20584
24583
33833
63959
47625
48583
95167
53000
34917
59167
50458
48042
46459
36583
28375
20542
36542
17500
28833
25666
29750
38292
33666
35333
21500
35708
21791
23333
25375
38417
17625
18333
22709
34375
26834
31375
94792
113042
18875
14875
12583
19375
29958
22250
22542
31958
42250
25250
23708
25458
40417
27209
38583
36291
35875
18959
14917
12542
14584
30042
31958
35125
37042
33041
14125
15250
25167
39708
140000
112834
55750
27625
19417
20583
10583
19333
39333
60833
62333
44584
29125
39583
35584
34541
31000
40750
30625
36375
37166
26708
35750
23541
35000
28000
39208
36375
34875
38292
32584
23334
20250
21958
25959
19292
37375
23291
31708
33250
28375
33041
38792
28959
22917
26292
28042
26209
30292
52917
40958
37625
27125
23833
23583
39125
31875
26083
40750
37083
32292
25042
49583
23875
8250
38917
111542
