43417
29209
37084
113708
70958
20375
49875
40250
24500
40542
29792
35375
19084
25875
28250
33125
24042
28167
18292
53750
45250
47041
50917
44791
55291
36625
75167
59750
64208
218000
55500
25208
102042
67708
110208
83667
56167
61542
248459
182958
40917
96542
83708
117042
62375
38750
60458
74041
55666
181875
112125
112750
45375
61167
113958
97167
78917
241875
402291
1398542
940083
269833
549750
299583
225416
211625
192208
138417
192292
322000
239459
158875
265667
168000
83833
93167
90292
85959
65375
69958
99292
82334
51958
87334
2128583
510042
336667
528541
167667
145875
57125
48542
19334
44333
22791
26292
22750
54166
118125
227041
152291
71917
110583
59000
358667
225750
153834
144458
75917
70458
194042
158291
146250
134583
49083
115958
172792
810750
326917
118667
103375
106333
70458
147083
125375
131917
33417
99292
170458
180041
118333
100041
46709
103250
90583
62042
54875
81625
124959
77084
30833
40750
51375
54667
30291
47417
65708
71417
32208
127916
61583
373500
270458
254792
148042
49041
32334
60417
64500
41250
40708
39792
28125
556958
220959
200917
87125
90958
30208
54125
77625
39917
47333
101208
125833
65167
54083
43792
59292
70250
61958
47291
37333
202125
164500
203792
67083
94250
45209
54250
39709
63000
43125
77541
74250
54166
55875
107791
81333
1561834
1356292
198125
127166
228250
216000
223375
121042
142708
322000
178458
151959
193125
167333
116916
87250
111125
41542
112000
79792
112666
43750
98625
61083
28917
66792
75083
50083
64000
33041
48625
65041
33917
33667
30459
58750
32750
63667
62583
53042
118708
638084
737625
148292
265250
880916
214458
202375
153875
138542
152625
154167
57125
35541
61709
72000
51167
57500
38959
24666
55875
59042
70792
278292
407750
213958
50291
165084
84000
219166
75667
17667
14542
10875
10042
9750
25834
19959
53500
75459
124542
899042
152083
204334
198375
117000
72959
105250
59584
113875
31459
7917
18083
8458
33500
18708
23916
61333
17083
24083
25250
33209
55417
49625
78417
75208
82584
46458
8500
9834
9208
10709
14541
19833
22042
55458
165834
119625
110209
82375
65250
68375
152125
112500
84667
20833
63042
75542
77542
53375
166916
234458
178834
84042
78709
51000
65875
145709
172209
496250
412750
180917
381417
314542
170833
303791
638041
1423750
1338542
379500
173958
207500
190167
863292
403209
260000
359208
453917
330625
73250
153042
90417
62000
105166
177334
221834
105541
135375
67167
58334
146458
119334
94416
750792
244000
132500
209417
67583
66708
42667
82416
120542
76584
68000
83375
44584
58083
30417
259458
217750
155167
30916
23208
25500
37541
45708
13667
11625
13333
11667
27416
37625
35167
33958
43625
48000
45667
31917
35500
28250
36291
46125
124375
182208
99416
101542
33250
80791
59666
81292
17375
105375
126458
157625
49083
43250
40500
24708
14833
23208
24167
27750
40708
35916
51333
39750
32250
68750
46125
46625
90792
98959
174208
171042
146417
101208
71166
106750
120041
227500
247041
112167
80292
121791
174542
127917
97583
85458
49250
48000
91167
54250
47875
35875
64000
92084
226125
672417
585666
196708
152459
105083
101834
93375
111209
70833
699500
504417
249209
164959
137209
138208
120667
91625
135500
54459
32125
69084
205333
285000
317917
150083
59417
62208
150208
101125
61667
66417
49916
63958
37000
55667
43375
38750
96917
122209
59875
41666
50417
76625
66500
42667
79292
73208
115084
64041
35125
20667
38375
93417
65167
29583
59542
107458
170292
122708
70333
78375
108708
75667
52583
21750
57083
59375
38708
27709
590083
344083
158167
72084
66625
74208
72667
58125
78250
47500
61291
632750
596250
392416
514000
403834
229875
130458
164000
83792
58708
366833
104083
53208
49125
44083
98459
114333
97375
290125
356334
123750
91250
45167
241125
98666
104542
170458
302292
290625
90084
106042
184042
137750
52291
50292
41750
24916
68084
79250
41500
53708
218000
264750
226583
82709
43792
76750
58833
70291
42875
70167
51125
62083
64708
23333
18958
16292
10416
11166
13500
24875
56291
191000
190458
76458
130625
69625
90000
66959
47542
97875
9417
10041
8834
15208
19959
20792
33792
62709
43166
102833
26833
33875
35875
149375
166625
44791
96125
56917
35416
47917
49209
59375
68500
146916
128542
110625
80208
87500
76667
84458
54167
43792
27083
83625
122375
116667
143875
99125
77416
602750
321083
188583
968458
393500
239958
124375
76208
196791
92041
133000
125459
138583
51500
40375
99875
123583
180833
116292
70542
78334
467667
1035125
330041
120291
80750
100792
284083
151083
115292
71958
84292
95625
89875
130333
103167
62208
46791
77625
168167
248750
159292
109333
76000
72500
68041
83083
65333
71750
74750
217834
173792
103667
80917
67333
60750
48709
82333
35291
139417
625541
223917
454542
465875
1013167
1079834
394666
257750
267500
152583
144667
191875
67417
56667
54125
62958
44458
101000
110542
71625
69833
81250
51167
45666
92167
95459
46041
54292
28125
49167
60000
485333
279958
81583
395958
353417
124583
147333
104500
95917
171042
136875
224750
275584
148750
73833
99666
161000
303333
159041
150083
191000
231917
289916
176334
204583
74666
94125
217208
192916
559667
517167
293375
158000
113500
94708
87500
85500
794375
652792
259500
313291
159042
108083
70750
105250
73208
135375
61917
119167
162958
155084
83334
63750
47917
69459
29166
101417
131209
97875
80750
58000
95250
87125
42083
62625
34791
47583
118583
70500
54875
26417
43084
56708
97167
545250
230583
205292
342875
189750
169917
45667
73792
163791
130208
163250
103542
251125
62667
132000
100625
109209
113958
86625
99916
92167
41041
143500
143667
68625
68000
36667
108000
40166
105667
85541
48417
79417
66916
535375
533125
232500
89167
110291
118792
178750
124667
142125
81541
125250
92834
72167
73500
37083
103167
156500
92083
80125
48417
110375
377167
211750
196375
122750
71500
78833
68792
99292
90084
103292
94792
92416
112875
129708
58000
80750
40250
61125
99292
126542
94292
92291
91083
124583
126625
85125
43459
43167
49417
52333
132709
100084
90625
105625
58583
88625
95125
75500
68792
79083
66500
42833
63917
326834
256875
134459
94541
186042
237083
136458
92500
49000
110500
109500
113792
123167
80208
131416
156750
171792
124250
62000
87375
93667
114500
71125
36750
49584
50959
131375
203167
103167
123709
106833
71791
77250
63417
65917
187292
631708
258250
146625
116750
134541
90916
66333
54708
89542
95875
110291
185833
36208
40709
93166
160583
249584
325333
307708
437167
282958
164875
103500
108209
100583
85375
85042
89625
84583
36750
61792
47000
41750
82458
126417
81375
56208
30084
36625
293959
110875
53916
113875
657208
294583
113000
209917
125500
94917
92750
75584
98125
39834
28917
28500
1101000
452042
196708
148417
84708
132875
102334
82625
35541
22625
32500
44917
63542
79959
100792
138459
25000
45292
33875
45708
67083
46541
41959
135667
123500
76208
46667
57708
58250
52083
44500
64292
47125
81958
31917
27083
33833
211875
199041
60458
27792
37917
49291
57417
72041
131250
116542
108958
69375
81709
86958
58000
52416
50792
78125
140583
178916
224375
316708
118166
52750
89875
84416
97416
97958
155458
62458
39208
51750
94667
84500
388000
383084
174250
146000
126291
115125
75209
67459
56375
22291
34333
31417
80125
134500
94625
65167
84333
107209
109875
142833
166958
162875
84291
81792
382042
165208
70167
43250
104916
544917
167584
291709
634250
238416
184834
65333
203084
134334
72750
82958
69958
48375
64458
23417
26542
58875
68000
42291
45166
45084
64167
39375
39000
34166
33834
74917
71625
67500
121292
218583
372041
150542
49542
43208
58209
68834
54875
14541
18667
18958
32333
12709
12375
33084
19041
34083
26541
40833
26958
57125
75750
68708
60708
44167
52125
50458
26875
42833
52708
123625
50625
36417
23375
24875
34708
33375
17875
19417
11125
7416
11292
13375
19417
20250
31792
50333
61708
70417
42333
50750
41167
44500
41459
42166
16583
68792
78083
58834
34792
39791
35000
64500
20500
45083
32833
56375
9584
13083
26833
52416
49584
34792
57041
48709
53166
51250
28500
182417
47292
29625
94083
30375
61416
51583
33667
30417
25209
41917
38125
49042
54500
26458
52750
47916
44709
56167
25625
39916
33291
34333
27416
7542
13750
42542
18333
46166
9792
7375
6917
15209
36959
663458
1184416
744417
182625
126834
175417
132709
140625
63250
82792
45416
124167
290708
155250
134750
66750
168084
94750
82333
56500
37333
97542
88333
41750
87708
86291
318292
222125
210000
205917
73791
110833
57250
34125
36250
42250
84916
102208
46042
47917
21375
63709
49208
72375
80292
21000
79250
61292
63083
74959
34958
70625
63000
55375
45875
16625
44542
36750
46125
60417
12750
76833
78375
78708
52583
33875
86750
55250
47000
48125
37750
48875
45167
45625
75417
47042
74792
34041
26583
37500
114125
70416
77000
68666
106250
34708
70958
41083
56917
50125
36042
50709
52792
55833
51750
49417
61334
33916
84875
62083
28458
55375
46292
58167
105916
32958
67500
44125
25958
82250
37166
69959
36791
39417
98250
18500
41542
53708
114417
94250
25625
198834
168667
135042
116916
30291
112292
213125
73916
77208
40000
98500
68709
53833
65250
39500
75458
97708
37541
48041
91708
106416
108334
120000
84750
24542
41500
49833
69125
59500
31208
68584
66458
46041
37291
23000
46375
38833
39000
70667
38375
143875
13292
53291
37917
34750
55375
36875
42792
22125
31167
34625
14250
31584
34833
37584
44042
13916
46416
41250
11625
15917
51042
29333
55250
51917
43000
35667
33917
12416
28000
47250
37416
39584
24625
23875
42125
54625
40167
41583
15416
26459
43542
30125
34833
326458
94375
54167
63708
57791
116583
83875
275083
302084
122333
77167
54084
38542
54417
97042
72750
45000
72958
404833
294916
184459
93833
55833
170584
60333
77667
172583
82667
80000
248166
537791
553792
320666
174459
183542
120625
106458
107583
115125
78542
71041
117500
79166
167542
107333
116917
45584
1137708
685459
321083
190958
133167
142417
117708
110167
125833
172584
188583
129000
125333
142791
44875
40125
77167
152375
338833
852625
423459
214083
185500
152250
131041
95375
62084
40583
27125
44791
104791
56417
60084
57917
53625
36875
32459
71417
76709
64625
43417
40292
48333
60250
68375
91959
70667
88791
94417
94708
431125
579666
239125
150708
89209
88333
559250
282000
334417
269000
77125
137167
70333
187708
224875
297500
153875
115250
96125
82709
76375
92375
108042
77416
127792
147667
73167
81875
105500
107000
81958
105042
82792
62167
86958
158667
93583
93042
70875
82875
48958
119708
110666
113458
121125
46000
105875
98959
44666
174458
90750
115833
322625
177666
120959
119791
145750
177000
125375
96500
88125
82542
99625
106084
52500
50750
62166
71916
98208
68667
50667
55000
52708
52250
72417
58584
49208
53542
44083
46791
37959
50125
39166
46458
29625
37292
38417
35542
222792
471209
313625
180833
111250
123041
158334
57291
202584
97791
69875
143333
121500
86125
72083
124541
99125
54584
76625
81875
94125
563375
405833
250542
120875
72625
66250
97334
119750
110084
145084
233042
204875
128791
84541
47583
64916
140375
80333
43667
48833
40958
63333
125833
73292
52792
48750
38833
43167
46333
35958
54750
44000
32250
51291
51333
31209
129750
168667
76417
59208
67083
40708
50584
119667
141750
50500
104500
52375
63625
72792
74625
51041
73167
62958
31042
30541
45125
37500
40250
44166
43500
33334
35042
65791
58750
59667
32208
39083
62208
30542
41167
52833
43250
46459
34584
43791
409166
550333
481584
260042
850791
483000
330125
570459
270542
248250
61459
105125
113667
151292
115000
45500
118000
67791
64958
77458
79625
69708
54209
40167
62416
92083
127084
88917
67541
77709
88625
64834
114208
96834
64750
75958
54709
69083
79917
82292
28458
53792
57958
74500
121042
55459
54292
65375
46791
42125
40333
38750
39541
53458
53583
300375
379083
208292
103667
74708
388167
423625
194416
110458
104292
104542
95000
130583
83167
133875
52750
48750
48833
23500
79167
71959
110791
421959
502875
331583
85084
107125
131125
105542
58333
49042
102208
57708
52208
71375
30917
56500
49500
39625
36666
26666
40500
51917
48958
56834
380667
256541
168917
86125
101708
77250
113917
184083
175959
149375
69125
105917
79083
48709
94417
46959
39708
35417
51084
48834
34375
39500
45916
43458
140709
45792
74417
117667
151084
130000
47250
85000
120083
89750
142958
412500
283208
117375
107209
74041
97709
62084
69083
90875
352625
325334
315084
239667
146000
74500
79250
115917
125209
104500
52250
123833
109542
83041
45833
45708
43834
38083
24000
35500
52583
50125
33666
47042
44042
43500
25958
62917
64625
53584
41000
29917
68417
44375
50916
47750
40416
32292
43167
40667
62958
35500
88792
64250
53500
41750
40084
53333
51083
31375
55291
61708
38750
55625
39667
54250
59458
42459
48917
23000
54250
26209
47250
44625
72291
157834
321375
376750
209167
115167
107875
42208
69458
40333
100708
152458
60625
54667
432083
426000
114250
154250
171292
219750
419042
166750
99708
75500
91625
73208
86834
50667
101166
222958
460416
237667
105791
100000
129625
205333
151292
112292
314708
209208
118084
91916
61375
58875
90333
22625
60000
83500
62875
44584
41709
31042
77750
85542
69333
66750
52791
86541
103958
71292
343875
266291
214459
200917
131083
123667
211167
124667
168084
147000
99833
97917
38500
54000
47916
116417
198583
46542
37542
52792
61333
52000
24500
41458
45041
62167
44125
77083
89458
404750
254125
125000
97625
123125
