319404834
142929709
2334
676226792
2560075625
1126301625
307162084
31674208
180231291
300005042
307292750
153241084
7292
4292
4167
4084
4083
4084
3917
4041
4083
4167
12375
4291
4167
4041
4041
3958
4000
4125
3917
4000
4125
7333
4083
4042
4166
4125
4083
4000
4042
4125
4083
4083
7125
4250
4208
4042
4042
4125
4125
4250
4125
4208
4041
7000
4125
4125
4083
3958
3959
3917
4000
4084
4042
4042
11000
4125
4167
4084
4250
35973875
6417
4417
4208
12457709
514694958
923663084
509699208
14750
572747416
758884292
33603417
1298616250
16167
4709
4125
408215958
1638289083
16583
58883625
1374806500
185206791
4020013458
206798333
502936334
165110083
1989320000
14125
76613625
686958
1328471041
433357916
409770250
8282209
403633500
1328856875
131836792
687350167
8042
4292
511954583
7041
306994958
13583
92366708
590875
521455583
20333
4500
4209
4334
4084
4166
4291
2048091417
409457959
921698792
135798125
21183000
354890000
307301750
109671042
567952916
153857584
617152333
142415084
355425166
397903208
356052500
883300292
7417
4333
4209
4125
4125
3833
4208
160606708
81010709
6292
34593292
543124459
819087958
497392584
628958583
143681250
1532464792
8042
4375
4209
4208
4083
4000
4125
4000
4208
4042
11042
4250
4083
4125
3875
4083
4083
3917
4125
4083
4000
7042
4167
4041
4167
4000
3959
4041
3959
4125
4000
3916
7250
4041
4041
4042
3917
4042
4042
4042
4000
4041
4000
7208
4000
3958
3917
4000
4083
4041
4125
3958
4125
4125
7291
4083
4000
4084
4167
4042
4083
4083
4000
4000
4167
11375
3917
4084
4125
4041
4250
1568250
5333
4250
4208
4166
4125
4000
4084
4250
4000
4125
8417
4208
4209
4125
4084
4042
4250
4084
4208
4208
4125
7708
4250
4125
4125
3959
4208
9000
4125
4083
4125
135843959
7083
4250
4125
4125
4042
3959
4125
4083
4000
4042
10084
4292
3959
4042
4041
4042
3958
3959
4083
4167
4167
7208
4083
4083
3917
4042
4042
3959
4125
4000
4083
3917
7375
4125
4084
4042
3958
4125
3959
4167
8541
4250
4250
7667
4125
4167
4250
4208
4042
4083
4000
4166
4292
4083
10500
4416
4000
4167
4084
4125
4209
4250
4000
4250
4167
13375
4333
4000
4041
3959
3958
4125
4083
4042
3959
4125
7084
4125
4167
3917
4084
4167
4125
4167
3916
4000
4042
7250
3958
4125
3959
4042
4041
4083
335637042
81096209
636165750
180104333
7541
4250
4250
4125
4167
4083
4125
4083
4167
4084
11250
4208
4125
4166
4042
4084
4125
4334
4000
4125
11208
7500
4125
4083
4083
4125
4083
4084
3959
4208
4250
4042
7292
4250
4083
4083
4000
4291
3958
4292
4250
4250
4167
7917
4584
4500
4167
4375
3916
4167
4167
4125
4083
4416
7166
4375
4125
4167
4125
4208
4000
4208
4125
4042
4042
7166
4167
4042
4083
3917
4125
4083
4292
3959
4125
4125
7292
4208
4167
4000
4208
4000
4042
4000
4000
4083
4250
4000
7208
4042
4125
4083
4083
4041
3958
4000
4209
4042
4125
13834
4041
4083
4125
4385375
4917
4209
4375
4250
4250
4208
4250
4208
4041
4084
10500
4083
4000
4083
4042
4083
4084
4000
11125
4166
4083
44507542
5917
4459
4250
4292
4125
4291
3958
4042
3917
4042
9375
4292
4125
4125
4166
4084
4083
4125
4084
4125
4209
7209
4291
4000
4000
4041
3917
3875
4167
4000
4167
4042
7166
4041
4000
11250
4042
4167
4000
3916
4083
4209
4167
7417
4125
4042
4042
4083
4041
4083
4000
4041
4000
4083
8042
4167
4000
4125
692823625
7500
4167
4125
3958
4166
3917
3917
4000
4042
4208
12792
4208
4125
4167
4166
4167
4084
4000
3958
4041
4084
7167
4042
3875
4042
4084
3917
4042
4000
4208
4000
4125
7375
4125
4125
4166
4250
4000
4167
4167
4167
4041
4042
10291
4125
4167
10834
8416
4166
4083
4125
4125
4000
4041
4125
9209
4125
4000
4041
3917
4209
4083
4166
4000
4000
4083
7375
4125
4000
4000
3917
4042
4125
4000
3917
4083
4125
8125
4041
4000
3958
4208
4042
4000
4000
4125
4208
61625
4250
4083
4083
4291
4125
4125
4209
4083
4042
4167
7375
4167
3958
4084
4083
4125
4083
4083
4000
4083
4084
6959
4000
4084
4084
4084
4000
4041
3958
4167
4125
4250
7250
4083
3958
3916
4125
4541
4250
4000
4042
4209
4125
9125
4125
4125
4209
10041
4000
4125
4000
4167
4625
4084
4000
4167
4291
4042
7084
4167
4125
4083
3875
4250
4083
4083
4042
4083
4292
7291
4125
4125
4041
4208
7625
8000
4209
4166
4042
4084
3917
4125
4042
4250
8375
4167
4083
3917
4167
4208
4000
4208
4125
4292
4208
307992458
7291
4292
4083
4125
4167
4041
4167
3959
4000
6417
10584
4375
4208
4042
4167
4042
4084
4041
4125
4167
4167
6917
4083
3958
4000
4125
3958
4000
3917
3917
3959
4000
7166
4250
3959
4083
4042
4042
10458
4083
4000
4084
4125
7500
4042
4083
4042
4083
4083
4000
4000
4000
4167
4125
7375
4167
4167
4041
4042
4167
4125
4041
4041
3958
4125
6958
4166
4167
4042
4041
4125
4125
4000
4000
4125
4125
7167
4125
4084
4083
4083
4000
3875
4125
4041
4000
3959
4125
6958
4083
4167
3958
4000
4167
4125
4042
4167
4042
4167
7250
4125
4125
4000
4083
4041
3959
4041
3958
4083
4042
10292
4125
4125
4125
4000
4125
4083
11458
4250
3959
4125
3958
4083
4208
222330541
237653042
84031333
114541625
463275166
921596500
63554500
529994417
76067833
174184833
32657083
23212167
637054209
202022375
186965041
44739541
108140125
90115250
910678750
299345417
2126179667
226374125
102064458
1027298500
77694583
47785375
388480292
31770500
992360375
1126214208
135373958
374489083
7042
65412291
6750
1868917
5333
4084
4083
4042
4167
4000
4042
4000
4125
3834
8666
4166
4291
4084
4083
4166
4083
4041
4083
4000
4000
7208
4291
3917
4042
4083
4125
4208
4167
4000
4084
4125
7167
4167
4125
4125
4083
4125
4125
4042
4042
4084
4042
7084
4125
4083
4125
4083
4083
4167
4125
4125
4084
4000
7209
4042
4084
4000
4125
4000
4167
4250
4167
4167
4208
7958
4167
4000
4125
4083
4125
4042
4041
4083
4416
231084
4625
4208
4292
6492167
4666
4167
4083
4084
4083
4042
4000
4250
4042
4042
8291
4209
4000
4041
4000
3917
3917
3917
42885750
4917
4084
4125
4000
4125
3958
4041
4042
4167
13666
8000
4291
4166
4167
4208
4084
4042
4125
4250
4083
4083
7834
4292
4041
4208
4292
4167
4208
4084
4333
4554791
4333
3958
3959
4000
3916
3875
3958
4000
4084
4125
7834
4125
4250
4041
4209
4000
4125
14188375
5625
4125
4042
4125
4000
4042
3958
3917
4000
4041
10833
4166
4042
4041
4208
4042
4250
4125
795292
4958
4084
3958
4000
3916
4000
3875
4000
4041
4083
8375
4125
4042
4125
4083
2698250
4375
4209
4209
4250
4000
4125
4167
4042
4167
2269917
4541
4000
4042
4084
4000
4000
4209
4000
4000
4000
7417
4166
4083
4042
4083
4083
4041
4083
4084
3875
4083
7625
4083
4083
3958
4000
4041
4000
4166
3769084
5375
4125
4041
4083
4125
4083
4125
4041
4167
4041
8583
4208
4083
4000
4083
4042
4042
4000
4000
3916
3959
7208
3959
4083
4000
4083
4167
4083
4042
3958
4041
4000
7083
4000
4084
3958
4125
4041
4083
4083
4042
4084
3958
6875
4334
4000
3958
3917
4042
3958
3958
4042
4042
4041
7084
4084
4084
4083
4000
4000
4125
4042
3875
4125
4042
7083
3958
4125
4042
4000
4042
4084
4125
4167
4125
4041
7292
4084
8666
4292
4041
4125
4125
4042
4125
4042
4084
7500
4083
4125
4083
4209
4125
4166
3959
4167
4083
4167
7333
4250
4250
4333
4083
4166
4125
4042
4084
4292
3958
8000
4250
4208
4250
4000
4041
4042
59417
4708
4042
4375
4167
4209
4000
4042
4000
4083
4041
7375
4208
4167
4167
4208
4208
4208
4083
4292
4084
4083
7042
4166
4083
4083
4042
4167
3958
3916
3916
4000
3958
3958
7750
4292
4000
4000
3917
4000
4042
4042
4042
4084
4125
7125
4208
4042
4166
4000
4042
4083
4125
4042
4000
4042
7375
4166
4041
4042
4042
4000
3917
4083
4083
57585167
10083
3084
3000
3000
3000
3041
2875
9792
3042
3000
3041
410954875
7667
4292
4291
4333
4166
4125
4166
4417
4209
4167
12125
4250
4208
4125
4042
4042
4125
4125
4125
4042
4042
7417
4125
4083
3958
3833
4041
4041
3958
4041
4000
3958
7000
4042
4125
4167
4084
4042
4000
4125
3875
4083
4084
7042
4125
4000
4084
4000
4167
4167
4000
4084
4084
4042
7125
4166
4125
4125
4208
4250
4167
4125
3958
4125
4209
9875
4291
4083
4125
4083
4167
4042
4208
4083
4250
202719625
409585083
6625
125634083
129816375
89985417
5375
4375
4125
4167
268906416
15029125
188880583
127975542
426281084
29281125
441265708
8167
135102417
276605833
41246291
1090875
4583
774501583
14125
95467292
1850030708
7500
4333
4125
205210708
307619208
65044333
5541
4166
243175834
7916
10833
16292
4125
4000
3917
3959
4167
3959
4125
4041
4000
4041
7750
4250
4125
4000
4083
3917
4042
4125
4125
4167
4000
6875
4125
3917
4042
3959
4000
4125
4042
4000
4041
4084
7125
4083
4250
4084
4000
4167
4042
4041
3875
4083
4042
7417
4083
4041
4042
4042
4000
7833
4000
4000
4083
8833
4041
4083
4042
3959
4000
4209
4042
4083
3916
3958
7333
4041
4084
4042
3916
4083
3958
4083
3916
4125
5875
10708
4292
7916
4208
4209
4167
603916
4750
4167
4042
4125
4125
4083
4167
4083
4208
4125
8083
4167
4000
4083
1440250
54245792
5333
4000
4083
4167
3958
4208
4209
4125
114894500
440876375
7792
4250
4208
4041
4250
4209
4250
4167
4042
4083
12417
4334
4167
409260750
17916
4417
4041
4208
819940000
511488292
511880166
614220042
20166
4250
4083
4042
3958
4000
3959
4083
4041
4042
4000
8000
409662250
201410750
156979833
1880075541
321171334
2150543042
512743042
511368625
7584
307064584
36503250
373220917
716627750
7417
4333
4125
4000
3875
4083
4000
4000
4042
4208
12542
4291
4250
4000
4250
4250
4250
4167
1331180708
314167250
607436250
7625
4167
4125
4208
716613291
13625
1845428750
8042
4334
1636098875
14042
146701875
672596875
126038875
795551750
49129333
1384474708
409407959
646270791
107651417
101967875
1595235416
416004542
922925250
385906000
1558756333
1742079500
60010375
140234167
1026921875
921669625
155243084
7458
358778667
509724500
137684959
579602625
720149708
7750
4292
4125
4167
4083
4084
3791
4042
4042
4083
179110500
2069640708
130991250
585933625
7625
4292
4167
4167
4083
4083
4166
4083
4167
4167
15042
4375
4208
4083
4125
4166
4291
176124000
745583250
1128434042
509846250
409517000
146585750
127973500
7791
4250
341467959
7291
4334
4209
4125
4250
4083
4084
4167
4000
4125
9708
4250
3959
4000
4125
4083
4042
4083
4042
4167
4125
6959
4208
4166
4041
3917
4042
4125
4125
4125
4042
4125
7375
4125
4125
4209
4041
4000
4000
4083
3958
4000
4125
7167
4084
4000
4084
4209
4042
4209
4167
4125
4125
4000
7292
4167
4125
4000
4250
3959
4166
4083
4083
3958
4084
7042
4125
4166
3958
4000
3917
4042
4042
4083
4041
4042
7083
4125
4084
4000
3959
4000
3917
4000
4125
4167
3917
4041
7166
4166
4083
4084
4042
3916
4083
4041
4125
4042
4000
18875
305484042
7542
139686625
271419209
1053945334
7667
4458
4250
4250
4042
4125
4167
4250
3916
4083
13666
4167
4042
4167
4041
4208
4167
4125
4041
4166
4125
7166
4209
4292
4334
4209
4125
4000
4209
4166
4208
4084
7458
4250
4167
4000
4167
4250
4291
4167
4208
4084
4083
7458
9541
4042
4000
4042
4167
3958
4083
4000
4041
4125
7042
4125
4083
4167
3833
4084
4083
4042
4125
4208
4125
7125
4125
3958
4000
4166
4000
4042
3916
4000
4125
4042
12208
4042
4041
4167
4125
4084
4041
4125
4125
4167
274619458
409618125
1228852833
153665958
1588029334
7250
4416
22542
4167
4125
4083
4125
4333
4125
4083
4125
4041
4125
7625
4041
3958
4042
4000
4083
3959
4042
4125
4042
4000
16459
4167
4041
3958
4125
4042
4083
4417
4125
4041
4000
7208
4250
4167
4333
4084
4208
4167
4125
4000
4041
4375
6958
4250
4125
4167
4166
4083
4125
4167
4250
4084
4542
7292
4209
4417
4459
4041
4250
4041
4125
4584
4125
4208
7750
11125
4166
4083
4125
4000
4208
4083
4166
4375
4167
4041
7042
4000
4125
4042
4000
4292
4125
4250
4250
4250
4000
7250
4083
4083
4041
4000
3958
3916
4000
4042
3917
3958
7042
4291
8041
4084
4000
4042
4041
4083
4125
4084
4250
34542
4333
4125
4166
4125
4167
3917
3875
4083
4125
4083
7125
4167
4125
4041
4042
4041
4125
4000
4000
4042
4083
7083
3958
4125
4042
3875
4042
4084
4000
4083
3958
4042
7208
12750
4042
3916
4041
4000
4042
4083
4000
4042
4000
4208
6917
4167
4166
4125
4083
4125
4125
4208
4125
4083
4042
7125
4083
4042
4125
4042
4000
3958
4042
4084
3959
4000
7083
4084
3959
3834
3917
4042
4209
4125
3917
4000
4042
6792
3916
4083
4125
4125
4084
4125
4167
4125
4083
3833
7041
4000
4125
4041
4125
4125
4209
4041
4000
4084
4125
7375
4084
4083
4084
7833
4042
3917
3917
4041
4250
62833
4375
4167
4042
4000
4041
4208
4208
4041
4042
4125
7250
4083
4042
4042
4166
4042
4042
3958
4000
4041
4042
7000
4083
3958
3875
4042
4167
4083
4125
4042
4167
4041
7500
4125
4083
4042
4000
4000
4042
4084
3958
3916
4042
12792
4084
4125
4125
3959
4083
4167
4000
3916
3917
3959
7041
4000
3958
4125
4000
4125
4000
4041
4125
4083
4000
7000
4166
4042
4000
4125
4208
4167
4125
4125
4292
4166
7084
4166
4000
3917
4125
4000
4125
3958
4042
4125
4000
6959
4125
4042
4083
4041
4083
4042
4125
4250
4000
4042
7292
4042
3959
4125
4083
4083
4042
4000
4083
4250
4250
7583
4250
7500
8625
4334
4166
4042
4083
4125
4333
4125
4292
4000
4125
7292
4084
4083
4167
4042
4250
1435143584
7500
4458
4125
4250
4250
4250
4209
6791
4333
4209
14083
4291
4125
4125
4042
4167
4166
4208
4250
4291
199785125
7292
4167
11834
7292
16417500
5291
4250
4000
4250
4209
4000
4084
4083
4167
4084
8875
4334
4083
4125
4083
4125
4083
4083
4084
4083
4042
7125
4083
4167
4209
4125
4041
4208
4166
4083
4084
4167
7792
4042
4042
4084
4084
4042
4083
4167
4166
4000
4084
16459500
4625
61069083
94045625
12833292
146558625
491733500
542680125
10018875
1313042
348949083
78397708
8473000
58981917
114073875
104266542
5542
4333
4208
4167
4125
4125
4125
4167
4041
4083
9375
4334
4166
4000
4084
4042
4084
4000
4125
3959
4125
7333
4083
4166
4000
4125
4000
4291
4083
4125
4208
4125
7375
4208
4167
4042
4042
4042
4041
4084
4209
4166
4125
6917
4125
4000
3916
3958
4000
4000
3959
4000
4042
4083
7042
4125
4000
4042
3917
4083
4042
3958
3959
4000
4000
10333
4125
4125
4209
4084
4125
4017833
4458
346810000
62491333
48633375
305289959
27949000
86092542
114960916
75907125
405117417
7417
131942959
5750
4125
4083
4125
4125
4084
4125
4083
4000
4125
11333
4084
4000
4083
277243541
40302833
38912083
130127792
73118791
244258625
30799166
366224416
1397687000
634686375
139508583
7417
4333
4166
4208
4208
4292
1307236625
106476666
917664042
80387625
329146000
12566375
101769541
6333
4209
4000
4167
4250
4209
4084
4125
1092733333
226461792
1740652375
8333
4125
4000
3916
4000
3917
4125
15208
179406709
6666
135923958
299107458
514016833
7958
612282667
65490584
548941709
6875
4333
4250
4250
4125
4250
4208
4208
4209
4167
13833
120915584
303500
4959
4292
3959
4125
4042
3959
3916
3958
4125
13834
93551250
68106167
108078917
6417
4084
4125
1146721250
7500
4292
4583
4084
4458
4625
4792
19416
4250
4125
4250
4042
4042
4084
4167
4125
4084
4000
7750
4458
4166
4125
4166
4417
4000
4042
4334
4166
4167
7333
4167
4042
4125
4125
4000
4125
4084
4084
3959
4125
7292
4125
4000
4041
4084
4292
4042
4292
4292
4167
4209
7209
4041
4208
4292
4167
4084
4459
4292
4250
4000
3959
7458
4125
4000
4167
4125
11333
4292
4125
4459
4084
4042
4083
3959
3959
4125
4167
7083
4333
4083
4083
3959
4167
4125
4125
3959
4083
4125
7000
4083
4083
4125
4042
4041
3958
4167
4083
4125
4083
7125
4167
4167
9250
4291
4209
4166
4042
4209
4125
4083
4167
4083
4083
7208
4125
4250
4083
4208
4125
4125
4167
38500
4250
4083
10625
4167
4208
4125
4042
4042
4208
4125
4250
4542
4125
7333
4167
4209
4500
4208
4208
4208
4250
4209
4209
4208
7208
4333
4125
4125
4167
4042
4250
4083
4083
4000
4000
7250
13958
4250
4084
4459
4041
4208
4041
4042
4084
4250
4083
7125
4041
4250
4042
4250
4125
4083
4000
4083
4125
4042
7209
4041
4083
4000
4000
4125
4000
4042
3917
4000
4083
7125
4125
4042
3875
4125
4125
4084
4167
4000
4000
4166
6917
4041
4125
4041
4125
4166
4250
4084
4000
4042
4041
7250
4042
4042
4041
4000
4084
4083
4083
4000
4000
4167
7334
4083
4125
4084
4042
4042
4083
4041
4375
4000
4167
7125
4084
4083
4125
4125
4208
8084
4500
4125
4084
4583
17417
4167
3875
4083
7750
2610167
5333
4334
4250
4083
4000
3958
4000
4042
4000
3958
8708
4292
1935291
5667
4375
4208
4167
4209
4125
4041
4167
4208
3856459
4542
4125
3958
4042
4125
4042
4042
4000
3958
4208
6941625
5500
4375
4292
4167
4125
3917
4042
4000
4166
1690417
4666
4125
3958
4041
4125
3959
4084
10875
4125
3958
8250
4292
4250
4042
4292
4042
4292
4167
4084
4208
4208
7417
4334
4125
4125
4542
4417
4125
4167
4125
4041
4417
7291
4125
4041
4042
4125
4041
4125
4125
4167
4084
4125
7583
2022334
4625
4167
4166
4208
4250
4375
4208
4250
4292
4125
8000
4292
3959
4042
4042
4083
3958
4125
4042
9083
4167
8084
4125
1234375
4417
4167
4041
4083
4083
4167
4167
4125
4166
10750
7667
4208
4125
4208
4167
4041
7458
4250
4167
4459
4375
7417
4125
4167
4458
4209
4167
4125
4083
4167
4167
4208
7208
4208
4209
4084
4209
4125
4250
4167
4250
4125
4167
7375
502292
779041
2091666
4584
4000
4083
4166
4125
4250
4042
4042
4083
4083
7959
4375
1589750
4959
4166
1844916
4459
9139083
4625
4250
4042
4000
4167
3959
4083
4042
4125
4042
8250
141504417
6167
4042
42852042
5250
491754666
86047208
733083500
7375
409558584
1435853875
470504167
7375
4084
4166
4084
4167
4250
140946584
324683291
523446958
790924708
144807334
571941500
1331209500
34892542
406139500
7666
4333
4375
4291
4250
4125
4083
4250
135651916
94731625
5875
4125
864282333
233861791
85106542
19794333
22427708
555868500
113000250
711510583
306303083
614416667
511800583
7625
4417
12333
4209
7666
307314542
6667
409533542
7167
1433917
514327209
7417
4375
4208
4209
4209
4125
4166
4084
4167
4000
14459
4250
4083
4042
4041
4167
4083
4083
4083
4000
4167
7375
4125
4041
4084
4083
4084
4084
4042
4000
4084
4042
7041
3958
4042
4041
4167
4084
4000
4209
4041
4042
4208
7000
4125
4042
4167
4291
4167
4166
4042
4042
4125
4041
7083
4041
4042
3958
4042
4084
4125
4000
4125
3916
3958
7208
3917
4084
3959
4125
4083
4042
4000
4125
4041
4041
10833
4333
302939958
307091166
13875
458425833
7125
53776875
1331083875
171213083
7250
545563500
511600542
14208
159636458
178691958
276297625
127845292
6791
4208
486190375
819602708
411482166
10667
1124602667
512269083
485719875
334036209
83844083
734206917
409753000
2047958125
92162125
522006041
1500
410072667
2047978166
1448794667
205965083
1185138917
153037291
1545099167
7375
4125
4042
4000
4042
4167
4042
1882001125
400705958
8625625
440510417
8083
12291
189762750
834343000
686010334
7375
4292
4125
4125
4167
4125
4042
3958
3958
4167
235636334
818980000
14500
159358250
7375
4375
4375
4167
4125
4208
4208
4250
4208
4208
10958
4416
4250
4042
4166
4125
4208
4042
4166
4000
4042
7542
4209
4083
4250
4041
4083
4250
4375
4125
4125
4083
7542
4291
4167
289666
10750
4708
4250
4292
4250
4167
4166
13958
108458
5958
4208
4166
17750
10708
4750
4417
4167
4167
11500
4125
4042
3958
4125
4041
4000
4167
4125
4083
4000
8333
4208
4042
4125
4458
4292
4167
4125
4041
4125
4084
7666
4167
4041
4000
3958
4041
3958
4042
3875
3958
4000
7167
4166
4167
4292
4167
3917
4208
4209
4125
4042
4125
7250
4083
4000
4041
3958
4000
4083
4041
4000
4084
4083
9416
4208
4042
4084
4125
761265791
788130125
7458
4291
4000
4000
4042
4041
4000
4084
3958
4000
15750
4250
4125
4042
4083
4083
4208
72710750
572472583
99832750
35670750
96170208
485314458
921420625
173092791
8000
4292
4041
4042
3917
4000
4084
4208
4000
4166
13625
4250
4042
4042
4167
4083
106787000
6458
4000
4208
4125
4208
4167
4125
4167
4167
4167
10917
4375
4125
4166
4125
4084
4166
4083
4000
4209
4042
7500
4292
4083
4000
4167
4209
4208
4250
4292
4167
4167
7333
4250
4208
4166
4167
4208
4167
4000
4125
4167
4083
7209
4166
3958
3958
4083
4083
4000
4084
3958
4083
3958
7209
4167
4084
4125
4083
4250
4084
4083
4291
4000
3875
9125
167631333
7208
370905833
122108500
850292
4625
118269750
8000
4334
4166
4041
4417
3959
4042
4042
4083
4041
13417
4083
4000
4125
3875
4125
3958
4084
4250
4000
4166
7333
4167
4000
4125
4000
4042
3959
4125
4083
4125
4167
7250
4125
4083
4000
4208
4083
4167
4125
4042
4083
4042
7083
4000
4083
4167
4042
4125
4125
4042
4042
4083
4208
7167
4333
4125
4208
4125
4166
4125
4084
4125
4125
4166
7625
4208
4083
3958
3959
4334
4208
4041
5125
4083
4000
7208
4083
4000
4166
3916
3875
4083
4041
4000
4000
3917
7000
4000
3958
4250
4166
4083
4167
4167
4167
4250
4000
10542
4083
4083
4000
4000
4000
4125
155863084
43897625
5542
4041
3958
4042
4125
4042
4041
4166
4084
4084
8333
4166
4042
4125
4125
4000
4042
4084
4208
4125
4083
12000
4291
4208
4208
7250
4209
4083
4417
4250
4083
4292
7417
4291
4125
4375
4000
4041
4042
4000
4084
3959
4083
6875
4083
4125
3958
4167
4041
4167
4084
4125
4167
4083
7958
4333
4250
4292
4042
4042
4250
4250
4208
4250
30821958
13962292
354042375
1821998083
7500
4209
4125
3917
4209
4000
4041
4000
3959
4041
11500
4250
4042
4042
4041
4125
94235250
1953517292
471395916
450038917
14458
719112459
99893167
121950083
647861625
169079709
196927959
87334834
1029741750
14125
307779041
67944500
443632833
306954334
53397375
489270208
154652250
838618042
14541
8041
4167
7458
36316292
60093709
5916
679500
591500
1378834
4583
4208
4000
4167
6197291
33975416
884793834
22157708
284946833
14894458
102280375
142825333
764064667
716713083
614416958
12618500
396971500
921597333
306965708
12417
921795416
409610417
66936125
536304125
318237833
921449791
14041
307538084
614199709
7666
4375
4167
4125
4125
379641458
176924209
7167
4208
4167
4083
4083
4125
4125
4208
4125
4167
12250
4250
4000
3917
3958
4125
4042
4000
4084
4042
4042
7250
4125
4083
6291
4291
4167
4083
4167
4167
4000
4041
8458
4166
4208
4209
4084
4125
4084
4125
3792
4125
4000
6958
4208
4083
4083
4042
4042
4083
4042
4208
4042
4084
7209
4125
4042
4167
4042
4000
4042
4083
3958
4042
4084
7041
4125
4083
4000
4125
3959
4125
3916
4042
4125
14417
7333
4416
4000
4000
4000
4042
4000
4041
4042
4000
4083
8666
4083
4041
876330625
7250
4375
130193833
6417
4292
4208
3959
4209
4250
4166
4084
4250
791294708
205200167
6917
409268416
20385959
389090291
91279375
7583
89306167
38507792
499411208
7333
4125
4083
4167
4083
4042
4042
4000
4125
11833
10000
4209
3958
4042
4083
4041
4167
4166
4166
4125
4209
7083
4125
4083
3958
4083
4208
4041
4000
4125
4000
3959
7167
4250
3959
4125
3875
4042
4084
4208
4042
4042
4000
7292
4084
3959
3917
4000
4083
4084
3959
4208
4083
3875
7167
4167
4000
4125
4042
4083
3917
4125
4083
4083
4000
12084
11833
4208
4042
3917
3958
3958
4083
3959
4084
3917
4125
7042
3959
3917
4042
4083
4125
4167
4166
4000
4125
4000
6917
4125
3958
4041
4083
4167
3959
4125
4042
4167
4000
7250
4083
3875
4084
4042
4084
4084
10042
4042
4083
4084
4084
4042
3958
3959
4000
3959
4042
7041
4125
4083
3959
4083
4041
4042
4000
4000
4083
4125
6958
4209
4167
4208
4000
4083
4083
4166
4083
4250
4041
7292
9125
4250
7500
7375
7208
4125
7667
4125
4166
4125
7292
4125
7375
4084
4167
7084
4167
7125
7042
4125
7250
4083
48042
4292
7708
9792
4000
4041
4000
4000
4042
4125
4083
4041
3958
4000
7167
4000
4000
4042
4084
4125
4084
4084
4084
4084
4083
7334
4042
4083
4000
4167
4042
4166
4042
894500
5458
4292
4167
4083
4041
3958
4000
4083
4167
4083
8375
4125
4167
4083
4000
4208
4042
4125
4000
4125
3958
7208
4083
4208
4125
4000
4208
11709
4125
4208
4083
4083
8708
4083
4084
4000
4208
4167
4000
3959
4041
1002500
5292
4334
4125
4042
4000
3958
4125
3958
4125
4166
1843125
5292
694292
4542
2363083
4458
4042
4083
4084
3916
4041
4042
4125
4000
4167
8000
4125
4042
4042
4042
4083
4041
4042
4042
1753209
4875
25131834
6208
4000
4125
4083
4042
4125
4166
3917
3959
3792
9000
4334
4125
4000
4125
4041
4000
4041
4167
3917
10958
7542
4166
3958
4208
4083
3959
4042
4333
4042
4000
4000
11083
4333
3958
4083
4041
4125
4042
4083
4042
4167
9375
4083
4125
4250
34042
4208
4167
4125
3875
4084
3959
4083
3917
4083
3959
7709
4167
4041
4167
4125
4083
4083
13900750
4541
4167
4250
4041
3959
4208
4083
4083
4208
4000
2172541
5084
4167
4167
4042
4167
4125
4167
4250
4166
4083
8791
4375
4292
4209
4125
10321959
4917
4042
4083
3958
4125
4125
4084
4084
4125
4125
8125
4042
3958
4000
3917
4042
3875
4083
4000
4208
3958
7458
4167
4000
4041
3959
4000
16004584
4792
4083
3917
4083
4167
4167
4083
4208
4125
4000
7750
4125
4250
3917
4042
4041
4083
4000
11125
4125
4000
7791
14538875
5083
4167
4125
4167
4083
4083
4167
4000
4000
4000
8166
4167
4041
4000
3958
3917
314731625
7125
4250
4042
4125
4125
4000
4084
4000
4042
4000
13000
4208
21616917
5917
4333
4292
21454750
203500125
879615167
202241084
172982250
28820958
67170083
451957500
23000
4375
4250
4125
4167
4125
4042
4125
3875
3833
4125
7750
4000
4000
4083
4167
4042
4000
3875
4167
4000
4000
7125
4125
4083
4208
4083
4125
4166
4125
4000
4125
4084
7250
4250
4167
4083
4083
4000
4292
4042
4041
4000
4000
7375
305101000
15042
63079584
12353334
848420375
104847291
194147750
313270209
131464666
280207709
267509834
447205333
7292
4250
4042
4042
4083
4083
4042
4208
4042
4250
12791
4292
4250
511662458
79270458
535312375
7542
4167
4041
55749625
353785417
600151000
423834958
921629208
923883875
123351417
383582958
80364042
479291
286603500
7334
4250
659106917
14500
198848625
2363311959
3172197458
658835584
27817750
268854875
198095042
997559917
306473250
68865625
238504750
1945919334
94826666
5500
4166
4125
4167
4167
4084
4125
4041
4333
4208
8792
4250
4000
4041
3958
4083
3958
4042
4208
4208
4208
7333
4125
4250
4125
4084
4041
4083
4042
3958
4125
4125
8083
3958
4125
4208
4125
4250
4083
4333
416336084
7000
4208
4083
4125
4125
4083
4166
4083
4084
4166
11542
4333
4250
4125
4125
4250
4208
4292
4333
4083
4208
9250
10209
77932583
143772250
7166
1006924542
4542
17084417
699802292
511918167
20401417
5125
2041
2083
2083
491486208
260485083
51926250
547100708
676499583
4167
317487833
4584
706535334
7333
4333
4333
4125
4125
4041
4042
4000
4125
4125
11209
4333
4208
4083
4042
4208
4000
3959
4042
4125
4166
8208
80144667
740774000
71143708
2709
1458
1417
950868792
1023721458
5625
616750500
8518250
2566879250
54332167
205698333
15141917
6959
4500
4083
4167
4125
4084
4209
4042
424055291
4042
2000
1833
1709
1750
1625
1542
1667
1833
1791
7167
2000
1833
1833
307090791
570655500
15795917
32415250
52975917
83735584
30940333
184870458
10880667
71076625
302029292
78963667
64976000
162058542
38075666
13859750
436990583
70285750
44566625
4209
1875
1750
1750
1792
1750
1833
1834
1750
1750
6500
1958
1750
1792
1750
1791
1792
1750
1791
1708
1750
3083
1792
1792
1750
1792
1709
1750
1709
1792
1750
1750
3083
1792
1750
1833
1792
1708
1791
1750
1750
1834
1792
3042
1791
1750
1792
1791
1791
1708
1750
1750
1750
1750
7125
1833
1666
1750
1792
1750
1709
1792
564036042
42115875
183867583
16091125
111419250
187561209
281950916
231962250
77992750
42010917
398460833
179514958
434880333
1127472125
306214375
634091708
2130737750
120279083
1417857375
19209
4375
4041
4250
4041
929243125
1423514875
409777625
921974209
161716625
84319209
158104333
8958
4458
4292
4375
4167
4208
4167
12042
4042
3958
9833
4250
4041
4042
4042
4083
4083
4042
4041
4083
4042
7500
4125
4125
4000
4125
4000
4208
4125
4084
3875
4208
7041
4125
4083
4000
4167
4041
4166
4125
4000
4083
4166
6958
4125
4167
4125
4000
4084
4166
4250
4125
4166
4250
7375
4083
4042
3958
4083
4167
3958
3959
4042
4042
4083
7041
3959
4083
4041
4083
4167
4167
4000
15250
4083
4166
7375
4167
4083
4167
4000
4209
4000
4000
4125
3833
4167
7166
4209
4166
3959
3917
4042
4125
4042
4083
4209
4000
7333
4125
4083
4125
4083
4000
4125
4041
4125
4208
4208
10833
4250
4125
4208
4125
4125
4083
13042
4292
4000
4000
4041
4042
4125
4125
4083
4083
4041
7583
516203125
10509334
399315625
85746875
733232625
1032797791
