(5075.01, 5075.01, 5075.47, 5075.47, 1769401140)
(5075.42, 5075.42, 5075.78, 5075.67, 1769401200)
(5075.56, 5074.4, 5075.69, 5074.4, 1769401260)
(5074.73, 5070.95, 5074.73, 5072.78, 1769401320)
(5072.66, 5072.35, 5072.74, 5072.35, 1769401380)
(5072.17, 5072.17, 5072.53, 5072.53, 1769401440)
(5072.6, 5072.53, 5073.01, 5072.95, 1769401500)
(5072.89, 5072.22, 5073.04, 5072.47, 1769401560)
(5072.47, 5072.47, 5072.83, 5072.83, 1769401620)
(5072.78, 5072.78, 5073.23, 5073.09, 1769401680)
(5073.08, 5072.22, 5073.14, 5072.35, 1769401740)
(5072.35, 5072.33, 5072.37, 5072.37, 1769401800)
(5073.3, 5066.3, 5073.3, 5069.75, 1769401920)
(5069.83, 5066.37, 5069.83, 5067.5, 1769401980)
(5067, 5067, 5069.52, 5069.52, 1769402040)
(5069.05, 5069.05, 5071.66, 5071.66, 1769402100)
(5071.57, 5071.54, 5071.77, 5071.76, 1769402160)
(5071.74, 5070.79, 5071.88, 5071.2, 1769402220)
(5071.12, 5070.7, 5071.17, 5070.7, 1769402280)
(5069.95, 5067.13, 5070.67, 5067.13, 1769402340)
(5066.82, 5065.86, 5066.89, 5065.86, 1769402460)
(5065.76, 5065.51, 5065.94, 5065.6, 1769402520)
(5065.61, 5065.58, 5065.78, 5065.77, 1769402580)
(5065.55, 5065.55, 5066.61, 5066.61, 1769402640)
(5066.41, 5064.83, 5066.61, 5064.83, 1769402700)
(5064.19, 5061.93, 5064.79, 5061.93, 1769402760)
(5062.38, 5062.38, 5063.46, 5063.46, 1769402880)
(5063.52, 5063.29, 5065.12, 5064.26, 1769402940)
(5064.13, 5064.13, 5064.64, 5064.64, 1769403000)
(5064.3, 5064.3, 5066.76, 5066.76, 1769403060)
(5066.74, 5066.67, 5067.6, 5067.25, 1769403120)
(5067.29, 5065.54, 5067.36, 5066.35, 1769403180)
(5065.3, 5065.3, 5066.19, 5066.19, 1769403300)
(5066.6, 5066.6, 5070.45, 5070.45, 1769403420)
(5070.5, 5070.37, 5071.41, 5070.97, 1769403480)
(5071.01, 5069.39, 5071.07, 5070.05, 1769403540)
(5070.1, 5070.02, 5070.27, 5070.27, 1769403600)
(5070.19, 5070.19, 5071.87, 5071.73, 1769403660)
(5071.66, 5071.66, 5072.39, 5072.39, 1769403720)
(5072.46, 5070.17, 5072.46, 5070.85, 1769403780)
(5070.62, 5069.96, 5070.83, 5069.96, 1769403840)
(5069.06, 5065.69, 5069.92, 5065.69, 1769403900)
(5065.66, 5063.7, 5065.72, 5063.7, 1769403960)
(5063.83, 5062.47, 5063.83, 5062.99, 1769404020)
(5062.71, 5061.82, 5062.95, 5061.82, 1769404080)
(5062.22, 5061.59, 5066.89, 5064.2, 1769404140)
(5064.28, 5063.78, 5064.31, 5063.98, 1769404200)
(5064.22, 5060.76, 5064.22, 5061.96, 1769404260)
(5062.11, 5057.03, 5062.11, 5058.54, 1769404320)
(5058.43, 5058.11, 5058.54, 5058.11, 1769404380)
(5058.43, 5057.88, 5062.05, 5059.97, 1769404440)
(5059.94, 5059.94, 5060.1, 5060.1, 1769404500)
(5060.06, 5060.06, 5061.24, 5061.24, 1769404560)
(5061.2, 5061.15, 5061.88, 5061.58, 1769404620)
(5061.59, 5060.13, 5061.65, 5060.5, 1769404680)
(5060.92, 5055.23, 5060.92, 5057.41, 1769404740)
(5057.54, 5054.68, 5057.54, 5055.83, 1769404800)
(5055.59, 5055.59, 5056.93, 5056.93, 1769404860)
(5056.79, 5056.79, 5059.13, 5059.13, 1769404920)
(5059.33, 5059.1, 5062.31, 5060.78, 1769404980)
(5061.15, 5060.56, 5065.09, 5062.8, 1769405040)
(5062.95, 5061.31, 5062.95, 5061.97, 1769405100)
(5062.13, 5061.97, 5064.22, 5063.64, 1769405160)
(5063.92, 5063.59, 5067.8, 5065.7, 1769405220)
(5065.69, 5065.69, 5066.38, 5066.38, 1769405280)
(5066.2, 5065.2, 5066.36, 5065.2, 1769405340)
(5065.35, 5063.21, 5065.35, 5064.21, 1769405400)
(5064.64, 5059.3, 5064.64, 5061.66, 1769405460)
(5062.39, 5052.61, 5062.39, 5057.37, 1769405520)
(5057, 5057, 5061.56, 5061.56, 1769405580)
(5061.72, 5061.57, 5066.47, 5065.07, 1769405640)
(5093.43, 5093.43, 5095.03, 5095.03, 1769412420)
(5095.01, 5094.81, 5095.03, 5094.81, 1769412480)
(5094.81, 5094.81, 5095.96, 5095.51, 1769412540)
(5095.25, 5093.78, 5095.49, 5093.78, 1769412600)
(5093.81, 5093.44, 5093.87, 5093.57, 1769412660)
(5093.6, 5093.59, 5093.86, 5093.86, 1769412720)
(5093.96, 5091.66, 5093.97, 5092.71, 1769412780)
(5092.69, 5092.69, 5092.83, 5092.83, 1769412840)
(5092.74, 5092.58, 5092.91, 5092.62, 1769412900)
(5092.56, 5092.18, 5092.61, 5092.18, 1769412960)
(5092.39, 5089.07, 5092.39, 5090.61, 1769413020)
(5090.71, 5090.58, 5091.52, 5091.19, 1769413080)
(5091.13, 5090.51, 5091.29, 5090.76, 1769413140)
(5090.62, 5090.02, 5090.72, 5090.02, 1769413200)
(5089.86, 5089.86, 5090.16, 5090.16, 1769413260)
(5090.17, 5090.14, 5090.17, 5090.14, 1769413320)
(5088.28, 5087.27, 5088.3, 5087.32, 1769413440)
(5087.35, 5087.34, 5090.95, 5090.27, 1769413500)
(5090.12, 5089.18, 5090.27, 5089.18, 1769413560)
(5089.16, 5089.16, 5089.23, 5089.22, 1769413620)
(5088.95, 5088.95, 5090.63, 5090.63, 1769413680)
(5092.13, 5092.13, 5092.56, 5092.41, 1769413800)
(5092.34, 5092.34, 5092.52, 5092.47, 1769413860)
(5092.39, 5091.62, 5092.47, 5091.62, 1769413920)
(5091.9, 5091.78, 5093.63, 5093.05, 1769414040)
(5093.09, 5091.32, 5093.16, 5092.12, 1769414100)
(5092.14, 5092.11, 5092.35, 5092.35, 1769414160)
(5092.25, 5092.1, 5092.42, 5092.14, 1769414220)
(5091.81, 5090.12, 5092.12, 5090.12, 1769414280)
(5089.78, 5089.73, 5089.78, 5089.73, 1769414400)
(5089.81, 5089.74, 5092.81, 5091.76, 1769414460)
(5091.72, 5091.72, 5094.03, 5094.03, 1769414520)
(5093.75, 5093.75, 5095.48, 5095.48, 1769414580)
(5095.33, 5095.04, 5095.44, 5095.04, 1769414640)
(5094.95, 5093.16, 5094.98, 5093.16, 1769414760)
(5092.74, 5091.45, 5093.12, 5091.45, 1769414820)
(5091.44, 5091.2, 5091.55, 5091.27, 1769414880)
(5091.33, 5091.28, 5091.7, 5091.68, 1769414940)
(5091.7, 5090.16, 5091.78, 5090.82, 1769415000)
(5090.52, 5090.52, 5092.56, 5092.56, 1769415060)
(5092.54, 5092.54, 5094.39, 5094.05, 1769415120)
(5093.96, 5093.96, 5094.35, 5094.26, 1769415180)
(5093.99, 5093.99, 5095.85, 5095.85, 1769415240)
(5095.85, 5095.85, 5096.39, 5096.39, 1769415300)
(5096.29, 5096.23, 5096.42, 5096.25, 1769415360)
(5096.19, 5096.19, 5096.56, 5096.56, 1769415420)
(5096.54, 5096.53, 5096.68, 5096.68, 1769415480)
(5096.52, 5096.52, 5096.9, 5096.9, 1769415540)
(5096.92, 5096.86, 5096.98, 5096.98, 1769415600)
(5096.94, 5096.09, 5097.09, 5096.45, 1769415660)
(5096.38, 5096.06, 5096.41, 5096.06, 1769415720)
(5095.93, 5095.93, 5096.16, 5096.03, 1769415780)
(5096.08, 5096.07, 5096.84, 5096.84, 1769415840)
(5096.77, 5096.77, 5097.19, 5097.06, 1769415900)
(5097.03, 5097.03, 5097.16, 5097.04, 1769415960)
(5097.03, 5097, 5097.1, 5097.1, 1769416020)
(5096.97, 5096.97, 5097.22, 5097.15, 1769416080)
(5097.16, 5097.11, 5097.2, 5097.2, 1769416140)
(5097.13, 5096.56, 5097.31, 5096.79, 1769416200)
