37248625
100259375
100817833
99439000
99874125
101358291
100106042
99433417
99594958
100192208
103199417
96346792
99555167
100501292
99889333
99454750
100068334
99747625
101379000
99608709
99786959
101538792
98834833
103952833
95257958
99944166
100362208
99349917
99759208
100741250
99525333
99802792
100631041
100230375
100639375
99072875
101327625
98153084
100226833
100185000
100494584
99263083
100121334
100115958
99992750
99465542
100207542
99969625
101636792
100515000
97892709
100191250
99780834
99910000
100000125
99741333
100144792
100593625
99152959
100255041
99574000
100371792
99968292
100278959
102772000
96951000
99931041
100094333
100389167
100651708
101599500
97415500
99940291
99909667
99567000
100533709
100478458
99356917
99981667
99960708
104509084
96773625
99113208
99443167
101039542
99006500
101142667
99306333
99592125
100048250
100305917
99348000
99765666
100355833
99953750
101333083
100710541
98911792
99708458
100139125
99475667
100183458
99206291
100518417
99800375
100523750
100609959
99018667
99647625
99950167
99858709
101529500
98474875
100303375
102729334
96937000
99893084
100211500
99719166
100262959
100248916
99717583
100052708
99912958
99668834
100295167
105284583
100292958
94193583
99942209
100248084
99821458
99961500
100194708
100177459
99886459
99687292
101111084
98509584
100318459
100570375
99339666
100068125
100122417
102039292
97907875
100907542
99315666
99852250
100263417
99593875
102810917
97285875
99930750
99670917
100034666
99960542
100003000
99890291
100061916
100326833
100034416
99830750
100017750
100140417
99887875
99828208
100510292
99902375
99621208
99982583
100066125
99918625
100141042
101013709
98846667
99753417
100040958
99946500
100651541
99641291
99316584
100430709
99758792
99971334
100746584
99690375
99980791
99715375
99835417
101454917
99284166
100469584
99934708
101876250
98114916
99078750
99888541
100102375
100070375
99914708
100011875
99804167
99878042
100025209
99865458
100093791
100423875
99937917
99375167
100749917
100104042
99234292
99681125
100393583
99962917
100457292
99261292
100517250
99364750
100320625
100400792
102471625
101206792
99935708
96399167
101452084
98343625
99608625
100896500
99185583
100331916
99614458
100454834
99898542
99946917
99552625
100320375
99787250
99591917
100422334
100009833
99804958
99988750
100981417
98662125
100396833
99661250
99988750
99916375
101309500
98852041
100216500
100126583
101299208
98551791
99738583
99785666
100225916
100300417
99581667
99857584
100559666
99802084
99879042
101204459
99505125
98847833
100973917
99370292
99609958
100580125
99544417
105353292
96796542
98646417
99646083
99625166
100204000
100823583
99238583
99387625
100414042
99580125
100362875
99890333
99937708
100296750
99642750
100257125
99513750
100339667
99963750
100019083
99700541
100144250
99899250
100037500
99857917
100307667
99721750
100010375
99990041
99955291
100059041
100157958
99711667
100069166
99476708
100571542
99817250
99985208
99744375
100258834
100054750
100455458
99364708
100094500
99808917
100463833
99414416
100139541
100010875
99941792
100048375
99964917
99970333
100614875
98910209
100335292
100942208
98895708
100210875
100328125
99286667
100102083
100029125
100055500
100259042
100047083
99806709
101050834
99246875
99765875
99776167
100130209
99971792
100057375
100211417
99463666
100350208
99568375
101749792
100581250
97664375
100259292
100051042
99702917
99960791
100031125
99757875
100851125
101022292
98214625
100514292
99760958
100869584
98800625
99615542
100174875
100678584
99495209
100283125
99627667
101086959
99129625
99842542
100169750
99765709
100299833
100440458
99424042
102130334
98615250
99014666
100076625
100195208
100024083
99964459
99659709
100279625
100597541
99387375
100113208
99583542
100311166
99660667
100158208
99460958
101171791
100255500
99019166
99869750
99972375
101284750
100868125
97808000
100016708
100639125
99041500
99952000
100524917
100020542
99655750
100186833
99488125
100120792
101271042
98574708
104595375
96729250
99299791
100183625
99921458
100838125
98703500
100402709
99528000
100955167
99837542
99636458
99305125
99896416
99870792
100135167
100265750
99749375
100086500
99924125
99744375
99798417
100418833
99992833
101432542
98284333
100280167
99918292
100549750
99221458
100057084
99916667
100163583
101574750
98955834
99224125
100243250
99681750
100975208
100740458
99792708
98977541
99855458
99785333
99824917
100002625
100333833
99775167
100349416
100007834
99509667
100246208
99650208
100039292
100284667
100120833
99490500
100156500
100422791
103142166
97500042
100676583
99034042
99789583
100487583
99273167
99649625
100299375
99551875
100163167
100445584
99659125
99948792
99655459
100303708
99816375
100837250
99326709
99846792
100182375
100161334
103409292
97434417
99593667
99531709
99518500
100266458
103160542
98381041
99930000
99446917
99050334
99664250
100028209
99794167
99937958
103952625
97342333
101050208
98643125
100389750
99085542
99922125
101070916
98527292
101572791
98637250
99928666
99592625
99859833
100674375
100092417
99684833
101450250
98635375
99267958
100350375
100093667
99652375
100184583
100021000
99935709
99913750
100259500
99570584
100309792
100263125
99700500
99963125
99968500
99810250
100257750
100011041
100008875
99632416
100007000
100096667
99999250
99974333
100326542
99814791
99890667
100069042
99853959
99665042
100309584
100339541
99833625
99717209
100844417
99278292
100280083
99724625
99951625
100031625
102411333
97782500
99454833
100051083
100450333
102003125
98625792
99666000
104275208
99216292
96805792
99318042
102142625
98766458
100328000
99114417
99648500
100420375
99534084
100496958
99493583
102813000
96832792
99560500
100180416
100088833
100319375
99586209
99944833
101017833
99112000
101014542
99338000
100038084
99656792
99727916
100275833
99942958
101003625
100280959
98347833
100246542
99716708
100582375
99531917
101411875
98756417
100331292
99546875
102967333
96838250
100163458
100284750
100941750
98491542
100877083
99544584
99213625
100326792
100719333
99233041
100104541
100098250
99504875
101655583
98884917
99462708
100314875
100736292
99588125
99604666
100259416
99979208
100710417
98907916
100051791
99748833
100500167
99588916
100305083
99467667
103612417
97573042
100422542
99573083
99026917
100516541
99257000
100918375
99606125
99862583
99981125
99555500
101074833
98830250
100313500
99591083
100718083
99322875
100156750
100361375
100447834
99277708
100077958
99618666
100075917
99955458
100312333
99522750
100709125
99650417
99964458
100001833
99745541
100295667
99968708
100095000
99582458
100593833
99611875
99999167
99839417
100331625
99414292
100029000
99994541
99977916
100340875
99977500
110184875
93204042
97791583
100985416
98418167
99667458
99768458
100402209
101509125
97891125
99552709
100724958
99987875
99670500
100383583
99708000
99269791
100743584
100147750
99657416
99594666
100495958
99512583
100837833
100135458
99685958
100095791
99850208
99370125
100215667
99966083
103263500
96972125
99719083
100549000
98984208
100432708
99858959
100421875
99637291
99963833
99934583
100488709
99357958
100051916
100052250
99892250
99959292
100657292
99412292
100153750
100017416
99839916
99972333
100662708
99427500
99749125
100037334
101075083
99745708
99145917
100670292
99601209
99366125
99878875
100225625
99958417
100245875
100180417
99739417
100068708
100266625
100789875
98999042
99754875
100026833
99531000
100109375
99975667
99999708
100821000
99341750
99899250
100831083
99518334
100148208
101444250
98317916
99557791
100398334
100110917
99545667
100001291
100319625
99795916
99933333
99972083
100026209
100276541
99719042
99900750
100029375
100231792
100093708
99425584
100276875
99946292
100025583
99944375
100528750
99994000
100315750
100102208
99241750
99506000
100121750
100352042
99784750
99976000
100063958
100001459
99715833
99928917
100848166
99622833
100013083
99942666
100116667
100861042
101128167
97963041
99828667
99966000
99801750
101683541
99215083
101183417
98298833
112511917
86599750
101096042
99051625
100019500
100300417
100164916
99788291
100475583
99473167
99988250
100143833
99962208
99792166
100487167
99417958
99826208
100091667
99862833
100257041
99667875
100962167
98894417
100486041
99523458
100341750
100054417
99450917
100510666
99672625
101741708
98070792
100835959
99354209
99985542
99903666
99729334
99969958
100094000
100191542
101666916
98844042
99183167
100310834
100170166
100340209
99395792
100805209
99083667
99935583
100181333
100396250
99654250
100036542
100881250
99371125
99668750
99999542
99703083
100824792
100143250
99155708
99901292
100195792
100395333
101065208
99817333
99481917
99557583
100242792
99646958
100166541
99599208
99916458
99899667
101019709
98942542
99795958
100586542
99939875
99816500
99783750
100557708
101182708
101476834
97023041
99984083
100250417
99793041
100113958
99689792
104022625
97478083
99802667
99220584
101680708
97666334
100054042
100214000
99526417
100217125
100397500
99898291
100042959
99757959
99515208
100588500
99404375
100340917
100213292
99740208
101670958
99819667
99617458
100871209
98892167
99074750
99973583
100829375
99291125
99687750
100494333
100045625
99508333
104608583
95230917
100170792
100054250
100061291
99787333
99692000
100354166
99480750
100474500
100206334
99958416
99930250
99904042
99750708
99805167
99921875
99806125
100653541
99505166
100315625
99817000
100478584
99684541
99572208
104134875
97443583
101467125
99075958
98817625
99100709
100712292
99612500
99423917
99935791
100241250
100853833
99309541
101271208
98379291
99769833
99965250
100038417
99985875
99968500
100501000
99526417
99965083
100260292
99712167
100053583
100008083
99762250
100196750
100271167
99758041
100470917
99487625
99626166
100789083
99883541
100197250
99535458
100058500
100088667
100999584
98861292
100320125
99855083
100827667
99178667
100462208
99377750
100137458
100275209
100500709
99859459
100771459
98986542
100057833
99903708
99708667
100127583
100347417
99650834
99975417
99839042
99953041
100376000
101967167
97519250
100770791
99448041
99818166
99993833
99916417
100023292
99809083
100202375
100611000
99828041
100347500
99521500
99689083
101184959
99549417
102209208
97574125
100109125
99355917
100600958
99541750
99915542
99751959
100000292
100196417
99981209
99993500
99415292
100208542
100175750
101208875
98738792
100600709
99523333
100162792
100286583
99576250
100220292
100654583
98709667
100543333
99748958
100133416
100480000
99691709
99979667
99479333
100242625
100252208
101766208
97988625
99933875
104835125
100700625
96495875
99504667
98998959
100536541
99012667
100079166
102696250
101870375
101581167
97002041
97894958
99973291
99404167
99741583
100726542
99915459
99019541
100914042
99096833
100219542
101095416
98628667
100574209
99630625
99615625
100153292
99474041
100020542
100224459
100261750
99943292
99666625
100060750
99770791
100245583
99674208
99828875
99711625
103431125
96642709
100361291
99572084
102705750
98879292
99993416
99528834
99680125
99892000
99834416
100173333
99873375
99813292
99927208
100080875
99937334
99770875
100036917
100135125
99955000
100034042
100182791
99720000
100388167
99589292
100022708
100096458
99780583
100191292
100084291
99764625
99970375
100959375
98979375
100106000
100076583
99522292
100545375
99917750
99818000
99618083
100669083
99451125
100292292
99667167
100407541
99945166
99698000
99824667
101011584
101940250
97394292
100073000
100108833
100230958
99473834
100019500
99990125
99785041
100146625
100367667
100444208
100921416
98939750
101018208
99593500
98801958
99819125
99634584
99969583
100690333
99884042
101329958
98420333
99690083
102029625
98398500
102767458
98413084
98823250
99677375
111065375
88715542
100208250
100108417
99668292
99992291
100056125
100358833
101857625
99384292
99264166
99454417
100180208
99445500
101128708
100407583
101668625
96692083
100435917
100126334
99664541
99815541
99869708
101305833
98578542
101169375
98842167
103401833
96975500
99926875
99737708
99816750
99737375
100297416
101747166
98188708
100396667
99693084
99765417
100595792
99454500
100458542
99761917
99340292
100322000
101864958
98960875
99353084
100426792
99804500
99757000
100115625
100047250
99799500
100065958
99670416
100408875
99919416
99671583
100318625
100125041
99526916
100075125
99671292
100307500
102214041
98621958
98997792
100276292
99622250
101168041
101375500
99889583
100026541
102059500
99581292
96964000
99535542
99351750
100670416
99291750
101003083
99167791
100434500
100588750
98737375
99754959
100256458
100084917
99814375
99840125
99791917
101728875
98346458
100167708
100313583
100242750
99311042
99577500
100451542
100361916
101628250
98170084
100312209
99370583
99694125
100640834
100255000
99744083
99743292
100111875
100568667
99382167
99692459
100080750
100385833
99311833
100046458
100520958
100110792
99390750
99881708
100350208
99976375
99676709
100167750
100112375
99376833
100510208
99782959
100016875
99892292
100012708
100306500
100151833
99526333
99981167
100527667
99214542
100039167
100026917
100847458
99194041
99728750
102249583
97625917
100593750
100030375
99507500
100763166
99598667
99909000
100668708
99467417
99830875
101061292
98894250
100981084
99689084
99351917
100022958
99923834
99874041
99855208
100814416
99628167
99725250
99999292
99779292
100436792
100125500
99763917
99821750
101348417
100276625
99422875
99558583
100841000
99117167
99591083
101680500
98631416
99905333
102070958
98790375
98852125
99732292
100169292
100459042
99069375
100367041
99929084
99983917
100221417
99828625
100113375
99771792
99732833
100301083
99884500
99788459
100394583
99787417
100256791
100201209
99456000
102424666
97873041
99755416
100525958
99403209
99864833
100288333
99716083
99651958
100548042
101777125
98119667
99863792
100018791
99592959
100038000
100323833
100707000
98904792
100169458
100450125
99678458
100224209
99499792
100506083
99553250
100059416
100727625
99542000
99793708
100729708
99064667
100401708
99925667
99729542
99837916
100325542
100104750
100070250
99329083
100127541
99999708
100083208
100053042
99803083
99818708
100172000
100379625
100294584
99989375
99787833
99340125
100340959
100079334
100002292
99927250
99856250
100032166
100618000
101068500
98125209
99973541
100750917
99968666
100674750
99001792
99880166
99955083
100042250
100293625
99503792
100268416
99839542
99841500
99471458
100570625
100187375
100522166
98948292
100022334
100532541
100948584
98394000
99440250
100325875
100315125
99686500
100109750
101507916
98575334
100598125
99594125
100118459
99267417
100455875
101946084
106111667
92971000
99426166
99698417
99555500
100143792
99854667
100580042
99699834
101345666
102496791
98362292
97646250
99638458
100280125
99967042
100049917
100615666
99305709
99790416
104792000
101695417
99178125
97500958
99128500
98014208
100759250
99519417
100039917
99451541
100002417
99821250
99805042
100095875
101748834
99469584
99677416
99455500
102182375
99081959
99668583
99500125
100090208
99785875
99219750
100946541
99211125
100573000
99249791
100275041
99918292
100664042
99436875
100100167
99416083
99724208
100123459
100411708
99564916
100101459
100847167
100995625
100126500
98640833
99153209
100273084
100205625
99792750
100028375
99751667
100464458
99621875
100092500
99886125
100164583
100077583
99613333
100334209
100089667
99631166
100283916
101213416
99430042
99302000
99668208
99978458
100375500
99315750
100239083
101345792
99065625
100457625
100429125
98641333
99978584
99669625
99741250
100230125
99777458
100642375
100410167
99628708
99845000
100259083
99703250
100007459
99985917
100071083
100047042
100485916
99982792
99105250
102471625
98212584
100397000
99423500
99904458
99981458
99995125
100429792
100848750
104805084
94599334
99758625
99648417
99647000
100044666
100304875
100001500
102478708
96742000
100315167
99778000
100869333
99256500
100477708
99794625
99444792
99909250
100207666
100581791
99849083
99689959
99597667
103022833
97295583
99751708
100038334
100156458
100125625
99666708
100142167
99758125
100484625
99503167
101402625
98380458
100143625
100458000
99807458
99683459
99930166
100891709
99350083
100279959
100070334
100243791
100254833
99324250
100073583
99849167
105767292
95086125
103057291
96877625
101416083
98306666
100303625
99874625
99260041
105557750
96350166
100194292
98774333
101272542
98223292
99274875
100859542
100933625
102524708
96325041
99374834
99742709
99944917
100956750
103271750
96031083
100010333
101275458
99207666
99999125
99767833
99807041
99394708
100175083
99787292
100095708
99982750
100648917
99438083
99840416
111352167
88722625
99877792
99993042
100315583
99658875
99713000
100180000
100009750
99974750
100091875
99675584
100145708
100013542
100317542
99641291
100341459
99686583
100301333
99393875
100240833
100283292
99900291
99462708
100595166
99335667
101480166
98791792
100038417
100069916
101501167
101587209
97924375
99415125
99632083
100047917
99526333
100364084
102049917
98986083
99028875
99886292
100541250
99617042
99876000
99940667
99821708
100804875
99728250
99665625
99456875
100256500
99696875
100432875
99522792
100884208
100025292
100042750
99776042
99211125
100021709
100246875
100740375
99676625
99751584
99655583
100057833
99937166
100252084
99503416
100236959
99815667
100346500
100592959
99486167
99851250
99845333
99984625
99816125
100252000
100373375
99636375
99781125
100230500
99568709
100405958
99777916
99949333
99996209
99413584
100261209
99849333
100419958
99781500
99621291
100853333
99725041
99852333
101099125
99152083
101041250
98596125
99635334
100159500
100977042
99243917
99654667
100532500
100947334
98626875
100470833
99871416
99454625
100374791
100265166
99325875
101638416
98280834
100205208
99727791
100219500
101075916
98906084
100221708
99874792
99904750
99995208
99833500
100507833
101778083
97553042
99943667
100321917
99564542
100350458
99979000
100274250
99612334
99804042
100055667
100566250
99996291
99564084
100073917
100575250
99626500
99801291
100281458
99475167
100345375
100178333
99826792
100363708
99351583
101240208
98801792
99907708
100070583
99902667
100134417
100293542
99817833
99557208
100376875
99390083
100416125
100691500
100251958
99144542
99561375
100180000
100106167
100176750
103256542
98517375
98979209
99135625
100138458
99913916
99811750
100508000
99549708
99560833
100118583
100125417
100720792
104286542
99399583
96863500
99437542
99647333
100318667
99340459
100829917
99127916
99707625
100216083
100056250
99939709
100398667
99395250
100024459
99682917
100066709
100207333
100144167
101597208
97745333
100204167
101171333
101570084
101176750
99759541
97028291
99941833
100364042
99679375
99766458
101283417
98177041
100456000
99845250
99936625
99975584
100367625
100391417
99747416
99769584
99441458
99976125
100049333
99781541
100064917
99903083
100220208
100526708
99655875
100692208
99207333
101290167
98622042
103415000
96144083
100551208
99730083
100008542
99694209
100005167
99980667
100209583
99973583
100525292
99545042
99957167
100047500
99851042
99745250
100343542
100161125
99810208
99942125
100144125
100135291
99458750
99845875
100142209
99959208
99958125
100110000
99881500
100414458
100036250
101461084
97794250
100261875
100021084
100049667
100306541
99527500
100244167
100961708
99202000
101019500
98351541
100276000
102134375
97955417
99943208
100433833
99594583
99857375
99705709
100336208
99737459
100313083
100026417
99710458
100288250
99947875
99950417
99974584
100270167
99583833
100240542
99787416
99816958
100189500
99694209
100266917
100068375
99693208
100712458
100381417
99516333
99292209
99734375
100252917
103373292
96803125
99918458
100690000
99094584
100250541
100099041
100579208
99558958
100076041
99487666
100167500
99700167
100513334
99438167
100118542
99982667
100528000
100517584
102095000
97822209
99045125
100270500
99632333
99958375
101433916
98500333
99971959
102042542
103631750
96734625
98496416
99101167
100163125
99866834
99673625
100271791
99568708
100202667
100392667
99774000
100474000
99716917
99505625
100620166
99752875
100116750
99933208
99695958
100276667
100158459
99814708
99637542
100451292
99468625
99620791
100225250
99928666
99895708
99950625
100163541
100107625
100174625
99715000
104569500
96524792
99102792
99601917
100206625
101073541
100579459
102042292
97325541
99402667
99903709
99728292
100315333
100536083
100391958
99043417
100117750
99768250
100105917
102316417
98367667
99310583
99515791
99862208
100239000
99834791
99989250
100865958
98942458
101641208
98754166
100915625
99395583
99665750
100314125
99787542
99878333
99758917
99795208
99967875
99828083
100174959
99784708
99930084
100448583
101272250
98311500
105307750
94387708
100401000
100486333
99737917
99440875
100024541
101803541
98993083
99465000
99675292
100705458
100351625
99089000
99866084
100230416
99971791
100231625
101640708
98319125
101445250
98332000
99588875
111160167
90058500
99151000
100682750
98944667
100000416
100223959
99905333
100429541
98831167
101116042
100334209
99482083
100936417
99341125
100808709
100396583
98291000
99799375
100732500
98881000
100192667
100114833
100027875
102716583
97228542
100026625
99867334
100154791
99983167
99459791
100257250
100039333
99591000
100418417
99961709
100502917
99841750
102482542
97350583
99388542
100104917
100177291
100159625
100365666
99515292
99778333
100022292
100640375
99110792
101701208
100586458
101289917
96776833
100601250
99733875
99755916
99626000
100539167
99514334
99810167
100591125
101458500
98267458
100122625
100194792
99191750
100065917
99926250
100822708
99241292
99891583
100313333
99529750
100583042
99932666
99884291
100544875
99609583
99716041
100510167
100685667
99398792
99490125
99974416
100233583
99528792
100014708
100125667
100142292
99656334
99911292
100301583
100133500
99543250
100576083
100051333
99651042
100440042
99411833
100215291
100865375
98830083
99926375
100558417
99555875
102217542
97969416
99903833
99892750
99921667
100355917
99785709
100211583
99701250
100496917
100492500
100745000
100511042
97379292
100052000
100160583
99837834
100161333
100131125
99436583
100549291
99981708
101386541
98398792
99890875
100334417
99616791
102114417
97706083
100548459
100436833
99535125
100134875
100027125
99450041
102130625
100275875
98286750
99402917
99745875
99924625
100201584
100994750
98965083
99758833
100028167
100360375
99786291
101020417
99113250
99644500
100409250
99611959
101629417
99229834
101589792
97414458
99775917
100968666
99319417
99881292
100088250
100678417
99358416
100588291
99143542
101595000
99815000
100685291
99533125
100103416
98330667
100065500
100033875
99786500
99899833
99817250
100316625
100701375
99789709
99388084
100183791
99641625
100078333
100412667
99370459
101072292
99063875
100363875
99645125
100414000
99841542
99617459
100027167
100107875
99949500
100270333
100125833
99605208
100112625
99818959
100173042
99797667
100040125
100214834
99475417
101884667
98874709
100178834
99158625
101732667
98591708
99881917
99863333
99735500
100108750
100201500
99801666
99931500
100839625
100150208
99532084
99387917
100120292
100239542
100670209
99077209
100286791
99991542
100117458
99768833
99962958
99736709
100272625
99765000
99938000
100185083
99930083
101389500
98255167
100174417
99804208
101911292
98914125
99193333
100402333
100181375
100230375
99024833
100287375
99534667
100217917
100012542
100125417
100038875
100087000
99800000
100327542
99803542
99950875
100073750
100045417
100572375
100607666
98675708
101203125
99366000
100877125
101347167
103788000
94018000
99853917
99652209
100085875
99690959
100015166
99741625
100035000
100469166
99669917
100119083
100215875
99718416
100220625
99973792
100254917
99526000
100200875
99821625
100187209
99872125
99779792
99923416
100226542
100602291
99366250
99727208
100969292
99029666
99854041
100272375
100006208
102313542
98398250
100105875
101223542
100687834
98309583
99274000
100214000
99523958
99796125
100618791
100902792
98452458
100175500
99939584
99849875
103269333
99408583
98262375
99312917
99938208
100421375
99442084
100710791
99318042
99921042
99872833
100018708
101479708
99456208
98970417
101796167
100127500
100005167
98040708
99502667
100317875
106140208
95744000
99386000
99608916
100396084
99954167
99241000
102017042
98525167
101251916
97748875
99907375
100115833
100189583
100057417
99287709
100578292
100015041
99453042
99955709
99995000
100538333
99480125
101022250
98762417
99877000
100203917
100719583
100782500
98455291
100270625
99275750
99945333
100155625
99908417
100746417
102072292
99753250
97866541
99630667
101091209
98867583
99976541
100133417
100027334
99947209
100118167
100102250
99649625
99780375
100386542
100275958
99583500
100056333
99913459
99422750
100844625
99373833
100555042
99464916
100436167
100145375
99372125
99856917
100100500
102081459
98141500
100249042
100677834
98573708
102037375
98342166
99915458
99921917
100167583
99644875
100209459
100262291
99661042
99875417
100433250
99985625
99663917
101639417
98655833
100033375
99816083
100102250
99925625
99732708
100189542
100784542
99166084
99417250
100237292
102393417
97738458
99853958
100376500
99978958
100112375
100195166
99837625
99900875
99950625
99996958
108243209
92063833
99683917
99374000
102889667
97466000
99798250
100795709
100139833
99308209
100349792
99780250
100763625
98702375
100442750
99495667
100175875
100679042
100344666
99400875
99733958
99874125
100166459
99585334
100002375
100428959
99643750
100296875
100956625
99651166
99584709
100168583
99560458
99560209
100254208
99867000
102815000
97740875
100661667
98917459
100336583
99836583
100676583
100167750
99989333
98691625
100345750
100807083
98777792
101402209
98980375
100229708
99747333
99777917
100115125
99879208
100276958
99736166
100380708
99738041
100120041
99802750
104320750
95570208
99997584
100014208
100125875
99896375
100295959
99615500
99920500
99873167
100536667
99563709
99858791
99863750
100379416
101594375
98152292
100368042
99718500
100226500
101106125
98782500
100040875
99793208
100215583
100422167
99470500
100291416
99806166
100134375
100338625
99739792
99422541
99693541
100367625
100196708
100016834
100018875
99711666
102992167
97039667
100006459
99877584
101996208
102004417
96203833
99785750
100488042
99923625
100429333
99727041
99575375
100227625
100221333
99502500
100036791
100005375
99673500
100168708
100105375
99902125
99923500
100026792
100237417
99821750
99850167
100798083
99144625
100301375
99433334
101060625
99488459
99941709
99882458
100836041
100009833
99274833
99700500
99995459
100130708
99811417
100194542
99545875
99961875
100788792
99440917
100234333
100270917
99949333
99688583
99518458
99989041
100126542
99811583
99972875
100265416
100007500
99967708
99773792
100444250
99492875
100254833
100510834
98959417
100443666
99702625
100090750
99881541
100574875
100527875
99425666
100210125
99324291
100069292
100016542
99896041
102008375
98710666
99725000
100063083
99504708
100905458
99235583
99944250
99983084
99731584
99949625
100006791
100681542
99472375
99539375
100509416
99637500
100093666
100413084
100467834
99111875
100284042
99705875
100296792
99855584
99882625
100384292
99612541
99632833
100190833
100484250
99782166
99694833
100252167
100565959
99207792
99959167
100547334
99432750
99657917
101288625
98982709
99747250
100015834
100385500
99649416
100374375
99787750
99648875
100249584
100821541
99232167
100191250
99623625
100376209
101119917
98451834
99912583
100964792
99307792
100157791
99527416
100199792
101528333
98712875
99639417
99960834
101688208
98434541
100215458
100099917
99403041
100194959
99803083
100614292
99449292
100782917
99307916
100070291
101020750
98909334
99888167
100611125
99979000
100168125
99093875
100827541
98961584
100071250
100190542
100620750
99286000
99733167
100236792
100125584
99506667
101088459
99382083
100032166
101232833
98694417
99773625
100304750
102107375
101675000
99324208
98533458
99427208
98497959
101201917
99189792
99954000
99677417
100463583
100648000
99853875
99745583
99866042
99996083
99614875
99796084
100249084
99944583
99854375
99827083
99756875
99952792
99958125
100095833
99890084
99943459
100336833
99911834
99764958
100477292
99730083
99754875
99988834
100005208
99812166
101085583
98902209
100750834
99562625
100001208
99865000
99925292
100245667
99659125
100227333
100018916
101237792
102400667
97563875
100019625
99152625
99783333
99704375
100342958
99583875
99529750
101006916
99705625
99689625
100516250
99572667
100143750
99761125
100256250
99954167
100185416
99822167
99766792
100083541
101107459
99526375
100355166
98800667
103989709
96182500
99829375
100857791
100217958
100248917
98661459
100067208
100449167
99846542
100341708
99481875
99926208
100226958
99562625
100185334
100990084
99110208
99866875
99716958
100465500
99397625
100913583
99311917
99975333
99718834
100174583
99977041
100022708
99803500
100457083
99881375
100376625
99830333
100587209
99843333
101961667
98129375
99297917
99618375
100133625
100556000
100398625
99998459
99814667
99136708
101090416
328000125
