113198834
99946000
101949916
98195583
99889458
100175958
99775791
99968292
100019292
103435791
96456584
100040250
100207125
100212416
99549042
100466000
99401542
99762625
100158458
100207167
99612333
100195416
100038959
99949917
100380458
99357000
99705084
100195042
99803584
103103959
97305750
99800208
99781125
100209250
100009000
99988250
100496750
100528458
99010292
100002125
100309250
99907375
100569167
99959792
99182042
100030375
100239500
99683875
100242375
101291292
98989084
99237167
101823459
98637375
100233416
99602291
101549333
111142917
89442542
98003750
100712958
99707625
99623667
99976792
100225792
99676666
99895625
100092875
100225666
99479291
99976042
100013250
101086625
98824750
100446250
99801792
99698333
100287791
100178459
99453417
100004875
100541667
99637916
100065584
99710875
101085709
99454042
100177833
100481709
99546042
98990042
100041834
100356375
99784917
100076667
99866500
99901916
100000166
100166209
100039958
99751542
99975583
100015417
100995208
99503542
99962250
99720541
99681916
100268458
99730209
99750708
100179041
100041291
99944500
100234166
100027417
99941916
100026250
99943542
99457125
100315625
106200166
144463625
137668125
13121250
100012209
99275959
99901875
102311667
96860958
105009083
95985000
103148375
96119875
100789000
99366959
99874458
99937292
100428959
99869417
99964792
99981458
99395208
101541625
98835333
99924958
99626625
99877500
100028250
123205750
80293958
97108375
100087125
100300292
100130333
99530208
99494375
100099458
99621541
99949209
100532250
99178458
102716916
97311334
100379500
100129917
99488000
100191792
99730375
101961875
98398750
99828500
101065125
99068375
99805291
100004542
99904333
100060458
99978542
112442041
87210584
99923792
100295584
99747250
99962291
100278625
99974583
99973125
104825625
95324250
99621959
100189666
100183875
99748125
99709375
100258458
100042167
100048916
99506875
100847209
99483583
99980334
99776250
100067708
99794625
100036875
100508625
99998708
99411292
100347292
100767250
99205292
99999333
100642292
98896459
100363917
101016042
98796625
104452666
95726042
100024542
99593541
100086042
100003791
99947500
100179625
99737625
99976166
100244125
99891083
100630291
100570333
99767459
100002666
99470417
99876209
99840292
99701750
100418292
99901833
99639334
100937000
99311709
99984250
100898417
98491125
100158833
99960834
100800584
100007375
99398125
99721750
100028583
106723416
93144708
100067750
99950375
99708958
100265250
100016333
99969459
100222333
99927083
99830167
100170417
100846459
98562292
119010375
81321500
100884792
125182625
74254875
99702208
99942833
99933417
100273875
100244167
100138834
101225666
98104333
99803958
99896250
99936167
100108083
105262750
95409667
99731250
99650375
99732792
100011541
100492542
99565667
100909958
99183666
100837583
99420958
100419292
99817292
99885250
99539417
99774916
100218166
102408958
97288208
99949042
100030375
100726541
99484625
111745584
87992041
99977333
100038542
99889625
100574458
99416833
100000916
99883833
101836375
98092625
100268958
99862834
100487500
125175417
74264875
100528959
100262042
101940083
97203125
99932750
101178500
103190000
96185375
104102708
95707875
100362458
99753541
99879000
99819084
99879666
100556542
99402250
99952500
99535833
100052667
100225042
100221250
100229583
99483750
102489250
98054167
99340292
100786750
99156083
100162917
102522708
102886791
94407916
100008541
100134458
99655459
99950250
100468292
99979042
100421250
99153000
100683458
100092000
102273250
100348166
101239625
99776541
99293417
99711125
96848125
99862042
100462542
100029750
99373875
100144875
99550292
100213166
99922625
100715000
99643917
100345334
99873875
99467833
99967750
100131959
100340834
99684541
100435167
99444333
99714417
99893875
100565166
99598833
102079833
98579791
99759291
99801041
99748541
100003625
99512458
100300500
100558000
98845167
100872083
99809167
100623709
99595208
99977750
99956917
99533958
99773292
100062916
100006833
100712667
99605333
100411292
99445958
99804958
100013625
100019917
99923833
100622041
99800791
100222167
99280292
100486000
99964792
126066000
73378750
100151709
99637750
100314750
99549792
100264625
99799250
100279000
100402167
99954750
99925791
100032708
99499333
100143834
101307209
98725000
99740000
102208375
97730959
100035375
99960417
99982458
99933833
100069250
99987333
101143583
98850750
99949708
99958500
99967625
100036375
100008458
100553042
99663917
99724166
100704667
100413584
99063416
100757667
99222500
101274417
98992375
99789083
100858875
98842416
101023125
99238833
99796167
99864250
100248333
100877750
99693875
99054458
100540167
99723666
99755167
100213333
99729167
125674208
74245916
99590791
100616125
99797917
99832417
100068250
100286750
101046000
98629292
111293250
124863250
137245459
88465917
75678875
75581291
87491791
100072042
99614833
105348666
95483625
100525958
98110375
100042500
100441791
99537375
100024000
103557292
97080625
107225625
92269459
99387917
103565417
97367292
101141542
100902083
105666500
91482834
99951500
102416375
97584083
100613958
99285292
100238458
100038833
100112375
100076583
99694833
99875875
99770250
99948458
100284000
100275292
99670167
99686958
100305542
100445708
99547583
99885500
99793500
100541375
100075375
99743125
100633125
99750625
99740458
99706917
100196042
101873625
97845417
109006250
90716083
100411875
99528833
100034333
101426333
98508917
99902375
103873542
96517458
99910708
100992917
98888958
99833209
99993708
99879334
100308583
100092333
99892667
116705416
83381167
111718000
87982750
100984125
98860625
123187667
77501583
99439417
100109583
100029709
99635458
100059583
100059709
100254833
99584750
103581000
96387584
101030459
98896417
99989166
103095667
97013708
99865541
99978791
100065750
100676084
99696208
99491750
100180833
100101458
100430375
101186042
98901542
106755125
92790416
100421042
99469084
100103583
99240083
100256417
100414000
99782333
100233542
99693375
99834250
99907167
99961000
100042792
99940541
100271958
99723042
102936750
124719875
72522250
100266959
99591208
100086875
99464000
100274625
100003125
99678708
100236250
99973500
100048917
99937459
100004250
99757333
100131875
100207875
109156167
90922083
102093500
97640500
101668750
98571667
100139167
99376625
100042375
99767625
100264042
100262333
99729334
99777500
100341958
99580042
99728084
100278083
100473583
99993792
99935875
99466292
100008500
106070834
94652417
99265750
99986208
99962959
100512875
99954708
99457666
99998666
100460792
100019042
100314000
99964416
99893916
99578750
99672250
99998667
99946167
100920167
99517375
99495250
105632625
94894750
99393750
100439875
99656792
99961417
99945417
99922292
100068334
99950292
99712834
100261625
99991167
111729375
88224166
100047542
99918459
100025833
100468000
99508666
99678042
100007500
100191292
100023125
99975458
100536750
99453500
99904625
99755208
100307666
100973792
98708333
103148167
96803042
100008834
100001166
100239875
100238000
99451250
100429875
99799000
100186875
99429292
100346958
99969125
100904875
99074833
100109750
99960083
99834250
101539125
98956792
99378875
100433583
100110000
99566542
99714250
108233333
92017042
99716666
101179875
98773083
100214208
99955458
100018833
99693417
117570875
82416125
100260417
100010834
99721167
100217583
99765208
100465084
110779125
88678500
100283792
100044584
100186417
99832333
99867166
99683083
99954958
100247250
99720958
99992666
99987500
100200750
99503000
100246416
100287917
99660625
99973250
99999500
100269750
99959917
99969542
99739667
100044375
100019416
100283875
99657166
100142542
99500500
100008959
100287042
99854583
99552584
100985625
99386000
100295375
99933084
99840625
100063500
100016833
99906708
101110708
100031458
98811875
100046958
99694292
100768292
99501416
103631708
96467250
100212916
99565250
100090292
99945334
99728583
100231250
100030500
100169583
99293584
100359833
100615625
100257000
99257875
99947875
100707333
102189625
99583000
99759375
98388125
100332916
101108584
98728209
99431500
99748042
100461459
99203667
100262375
100424958
99999541
99215334
100586208
100463084
99266709
100716375
98747791
100002625
100392917
100340792
99465417
100073375
99860750
99943625
100224625
100192708
99764375
99992208
101536417
98027209
100778584
104254417
94980042
101020250
98880208
101105375
100070000
98803750
99953333
100017084
100226708
100936208
98822334
99959125
101107417
98662916
99982917
99939209
101212958
99723792
111616709
87709833
100246000
99433208
100061291
100156125
100818625
98951958
100601333
100226792
99679333
99990292
100508875
99824333
100071083
99544667
99590542
100315541
100944375
99272666
99436167
100126833
99970875
99956166
99954584
100833000
99898500
99165375
99998458
100412667
100364500
101733417
97571417
115414333
84342625
100274791
99928208
99575334
100788875
100499458
99474959
99820500
100498167
99255666
100161000
99465625
100518417
99925459
99779917
100017542
100038167
99951333
100642833
99204000
100255584
100542667
99062833
99737333
100320167
100324666
99959250
100501416
99609500
127199167
72472792
101092833
98947125
99250583
100380625
100271291
99784625
100201584
99813625
99837542
101305750
99024750
100506709
99029834
100783042
99122792
100512083
100382125
99346333
99980125
100125208
102030708
97922417
99816958
100469291
100505542
98810042
100068917
100271083
100110208
100234125
99483667
99827458
122360834
77864833
100325583
99597167
100206333
100318666
99402000
100268583
99741416
99910625
99748209
100667084
99730292
99906250
99944000
99809667
100087125
101191333
98936459
99771500
102792792
97289333
100190083
99630333
100512208
99650583
100499833
99506291
100187125
99683000
100923667
99342375
99555417
100078750
99852834
100741167
99927875
99477750
100248833
99891000
100333208
99239542
100258417
100217708
99769208
99956042
99714833
103257083
98507708
98400791
100478125
100162625
99210250
100314667
100337125
99049042
101300167
98845583
100265333
99926000
100131125
99600250
100583958
99738791
100205208
99839083
100070083
100151792
99468917
134354250
65923000
99820125
100016958
99824875
100707167
99623458
99966792
99723166
100006917
100150292
100218667
100477292
100278333
99761334
98589084
100453083
100274875
99150250
100229209
100656083
100178583
100497750
99151708
99769209
100232209
103064459
97002834
99735541
99893333
100004875
100196750
99962625
100771292
99285459
100311417
99478542
101498000
98838000
99600833
99901083
99990375
100374458
99992500
136230125
64486166
99223084
99595583
99687167
100270958
99940291
100256709
99443458
100985834
102093583
97021750
100103583
99837333
100519750
99274625
100324750
99767500
99957000
100438458
99786750
101127208
101227666
97409042
99698542
100194916
100028542
99791417
100515542
99517417
101005292
99136708
99954583
111183125
90337084
98490833
99844666
104022958
96217500
100209958
99609042
100720292
99425208
100066458
99686250
100160958
100105959
100261042
99401875
100000542
100522708
99421292
100060958
99981750
99967625
100355583
99659666
99831666
114808916
85003541
100557166
99487167
99737917
100273250
119294583
80406916
100833792
99486708
100151500
99833125
99908833
99914667
100284625
99891167
100367833
100010250
99460167
100472458
100110666
137571834
62407625
99639750
99985375
100222791
99622875
100370125
99394292
100119250
100013334
100745375
99645292
99806500
99840500
99545500
100299083
100049000
100393625
103087209
96208000
100326208
99648375
100034042
107833291
92326083
99821625
99981125
99981500
100031625
100089792
99958666
99954292
100957042
99023792
100400750
99753333
99783292
100514750
99909916
99763292
100128792
99647583
99985291
100059833
100209292
100010833
99995250
100435083
99539208
100453667
99974208
99461000
100299541
100260375
99404209
100422333
100156833
99824000
99815500
99729209
99985542
100028875
127158541
72374000
100256959
100157334
100230084
99648084
99896709
100524875
100209167
99867500
99825541
99670416
99996417
99799208
99992625
100132375
99796625
100706125
99838167
99885750
100143042
99389584
100002708
100665000
99486375
101234917
98483417
100430083
99788125
99788208
100242292
100014959
100249542
99411166
100244375
99931625
99969542
100186875
99871125
99983125
99844166
101967083
98453125
99298833
100635208
100236334
99187000
100721500
99380791
99960792
100450625
100040666
99237667
100209041
99981958
100276917
99711667
99997125
100252209
99598708
99847166
100301000
103462833
96362459
100015458
100292500
99515500
99980291
100449625
99576333
100845916
100026875
99829167
99366375
100329667
99782583
99769583
102440334
97927291
99956959
100588250
99034000
100039958
107914584
97420042
98045291
99192625
100443458
98836500
98793500
99731292
100480541
99436375
100021917
99979291
99703792
99920375
99775667
100822959
99239125
100917583
99574917
99690625
99787375
100283625
99703375
100123375
100201209
99717542
101015417
101924958
97312625
100064125
99676125
99921542
100557667
124235708
75103167
100490166
99455292
102808125
97496708
100668084
99356666
99777042
99909541
99828875
100071459
100556458
99583667
99980750
100020709
99898917
99926750
99985333
101963667
98265750
101005417
98602542
100073750
100249000
99787750
99936292
100315917
99877125
99684375
101243250
99264709
99732000
100244666
99498250
100041042
99651167
100017083
100151000
100474958
99781834
99509125
100417334
99804208
99668875
100986792
99323667
100666541
99311292
99853375
99844167
100066750
100210583
99625125
101160625
99059292
99741375
108403584
94425500
98096083
99117709
100155959
100706833
99266333
100041333
99867291
99939958
100539834
99469250
99747166
99979875
100891583
99771042
99288458
104280500
96506250
99542167
99572458
100217958
100527792
99423458
99719000
101028084
99051125
99772625
100479292
99520875
100376000
99921083
100056541
99501667
100792208
99750958
100089375
99864125
100953375
99262667
99617000
99797125
99995542
99986500
100186083
100976042
98812875
99881541
100499000
100269958
99437792
99607083
100195375
100397625
99523625
99776334
101373333
99014666
100012625
99493208
100198333
99974292
99725541
101934709
99526542
99603708
101468000
98152209
100157333
99278250
101131834
99414209
99787833
100182166
100107792
99343000
99852083
100139458
100629500
99561292
99956042
99863125
101481667
98284125
100322042
100118583
99854500
99729875
100797834
99069625
100326292
101641417
98146125
100084042
101311125
98729375
99450000
100689334
99667041
103182083
97593833
100038625
99684000
99892292
99443875
100404833
100889667
158890875
39353833
100353958
101851459
98220250
99963625
100082167
99835083
102244209
98132542
99911041
100696000
99244708
100437167
99818833
99786708
99736125
100078667
101033291
98821500
99961542
100094333
100169125
101623292
98217791
99827167
99698833
99981875
100899000
100297833
99391291
99929625
100367459
100072333
99207042
99950959
100360667
99534584
99880958
100655334
99236667
99723875
100101042
106064542
93796875
100189458
99836750
101253250
101498375
100612250
98983875
98901000
98891333
100395250
100530291
99403000
99901958
99669083
100138208
100770666
101127750
98195583
99679708
101502417
98464834
100211959
100281292
99422834
100741375
99491083
100278208
99512125
99910792
100007416
99976708
99990459
99939167
100264333
99775583
100256041
99685583
100474458
99758916
99670292
99962458
100097709
99622500
100253958
99999375
99741542
100247166
99728750
100484916
99990791
99717583
100351458
99358875
99885667
100555459
99738625
99703333
99958125
100294292
100556125
100522583
99428334
99625167
99875792
100517209
99871583
99457209
100260000
99465875
99966500
99991500
100447584
99521792
99962000
100484417
103784250
96391500
99820708
99725167
99959459
99989792
99709083
100042500
99941583
100702750
99571916
99948542
100003208
99950459
99959958
99784209
99942584
100490834
99709416
99953250
100067125
99952167
99724291
100466667
99511417
100286416
99680458
100012459
99931500
100685250
100359500
99154416
100606167
98855166
100545958
99688917
100359083
99909500
99902667
99736875
100025333
99993125
99966750
100274917
99682875
99867792
100597417
100490375
99383500
101032375
99006917
99799750
99715208
99962541
100457250
99471875
100249667
99732583
100037417
100164708
111707833
88312125
99775583
99907500
100231625
100569083
99153750
101304333
98419583
100211208
99997167
100623833
99289625
100034208
101082375
98855166
100026916
99995417
99742083
101463708
107220875
91251375
100205625
99769500
100672584
99285042
100703041
99268375
100222625
99974875
100405458
100038542
99587583
99908833
100664542
99061000
99813875
100765375
99920041
99555000
99874458
100363125
105071833
94825541
100695292
100313583
98457708
99967458
99977208
99961542
100394416
101645667
98742834
99980667
99693584
100291584
99222916
100150875
100251208
99712334
100049208
99692625
100091041
100125542
100152833
99870459
100002667
99937708
99720750
100770292
106208792
93280417
100151250
99532208
100236959
99969750
99745625
100006583
100182750
99987625
100201541
99750833
110595917
89135458
99882375
100116250
99980917
100423083
99755417
99955208
100779708
99183416
100053041
100413708
99300541
101171167
99208417
99548375
99974250
110775291
90061916
99416250
99709417
100241750
99940208
100015625
102943750
97762250
100196417
99053542
99733042
99908167
122022250
78206417
99767208
100700250
99228750
100246792
99784209
104490667
95524334
99905375
101660792
99244958
100619750
99521166
98800542
100030625
100053417
100264167
99924125
100533000
100100708
99521416
116274625
84665375
99323667
101722250
99426459
98054375
100001291
100001167
99892417
101855083
98087709
99834958
100105416
101277542
105901084
92792166
99766792
102294833
97635916
99983791
99957458
100282958
99982250
99745666
100151584
100433667
99790167
99568375
100446625
99771833
100078125
99763459
99698917
100045375
112820083
88026708
99570084
99914000
99616750
100038625
99827834
100307750
99881875
100343375
99365083
100156500
100939125
99067875
100242667
100173500
99504333
99973125
100238166
100381000
99567208
99970959
99988083
99529000
100198333
99992000
100234000
99757916
100244166
99885917
100119541
99601542
100149416
99878708
99987750
100005208
99917916
99992542
99978917
100043833
100465667
99453958
101778250
98975083
99746209
99443916
100448834
99923000
102347375
97218917
100976208
99163458
99553709
100684209
100249167
100395000
99366458
99743625
100272375
99340917
100044708
99984417
99998875
99945500
100035542
99953750
100011375
100245542
100571709
99171417
100196125
99415083
100033458
100225166
100493000
100028208
99411542
100462917
100612541
98795542
100351917
99485583
100285083
99694583
99980458
101724542
99477500
98935833
100468709
102139791
97800083
100552041
100428333
98957708
99842208
102414583
99714500
99601417
98306875
99390458
100613333
108787583
90753958
100504875
99379458
99835458
100192583
99989500
100663500
99110708
99944917
99978166
100233000
100000500
100852083
99781875
99301917
100111875
99817417
100044500
102757583
97885958
99371834
100046208
99903083
99912209
99926667
99784708
100495542
99771500
99986334
100146667
99870125
99851458
99785250
99982792
100194000
101765625
98057917
99901708
100855000
99567917
102184584
100625708
97077625
99433917
100217750
100211166
100097500
100234042
99495291
99791958
100017834
100149792
100337917
99808209
99684584
100681416
109972208
89504833
99820958
100260667
100334375
99352125
100497750
99937583
99403541
99993542
100204000
100309750
99576042
100028750
108041166
91781625
101196250
136768625
61897459
100125208
99861292
100065917
100000750
100663583
102146542
99661500
121339042
147658000
138818833
117889583
76730458
65994208
65131708
85332459
82747292
96776042
99467834
99698375
100868750
99092250
99732000
100679708
101180875
98655334
102440291
103234625
94337375
99888167
102615042
97066292
99927667
99762250
100046958
100220083
99636792
100512125
99776500
100726000
99356125
99492792
100100000
99906208
99922834
100000167
99974458
100017709
99686708
102759875
97692083
99967625
99790000
100891583
99119833
103283167
96934333
101341375
98350208
101035542
99287166
99819458
100205542
99689708
136329000
67280250
96201625
100755417
99557458
99766166
100176583
100242125
99707958
99613791
100909750
99457667
99843000
99928875
99991417
99713292
100067375
101041042
98879208
100263792
99716709
99962042
100243375
103985709
101175792
94513000
99796209
100185667
101217125
99439083
99273083
100617625
99445375
100239833
99582542
104990375
94979250
100576166
99516875
99980125
99981084
100207083
99813959
100798333
99039166
100570333
135001208
64651458
99924917
99767250
100082000
100009375
100621250
101673083
99866375
98176208
99587500
99894375
100396417
99699042
100167042
99546292
101209917
99252667
100527500
98714209
100457167
103584167
96108333
100028292
103258750
96687250
100007166
101198709
112350500
86586667
100565041
100099834
99166125
99885708
99902208
100488833
100162958
99555166
99662792
100242250
100002333
99952208
100651667
99533500
100031041
99849459
99521250
100357541
99955375
100238500
99456000
100273292
99988708
100587000
98959750
100387542
100003333
99958958
99977583
99737792
123678125
76214208
100244042
99758250
100237209
100008042
99962625
100363000
99283125
100284625
99947917
100171000
100145375
99602542
100049125
100036709
99702583
100513042
99616541
99817625
100513000
99668541
100528459
99195917
99999500
100279000
99917834
99975042
99776708
99928959
99992459
100257625
99871459
100507750
99720541
100209625
99956500
100173083
113643791
86131334
99826709
99663584
100366583
100175750
99962625
99594000
99735167
100665292
99458709
99855084
101011792
99130417
105416709
94302167
100771667
99596083
100363375
99507541
100515333
99304916
100298250
99671333
99843000
100721542
99198917
100290000
99686875
100457875
99480750
100040125
99641708
100303041
100466208
99515958
99983625
100616542
99308917
100032625
99970875
114006500
85921125
99763458
100444250
99523291
100144292
99968583
99788750
100117416
99871458
100258292
100427417
100275125
99267042
99785750
99896750
100240417
100247667
99762250
100923500
98979875
100376417
99896292
99694084
99716291
100007125
100234250
99976583
100300750
100196167
99442333
99958959
99711875
100023500
100250208
99731958
109453792
91223375
99516500
99763375
100185875
99696333
100277833
99718791
99968042
100952625
98799375
100177458
100530166
99629458
100037541
99774125
101462583
98914958
99611500
100310042
104129750
95596750
100786792
99349166
100018375
99526792
100434209
99962541
99995000
99983792
99798959
100432750
99933667
100206084
99604958
99770583
102297166
97633916
100093167
100199125
101041625
99445917
99264041
104197458
97700416
97637000
100418292
99719416
100062791
100128792
100037875
102950750
97475917
99706875
99891833
100189584
99979459
99178333
99982041
99786792
101320333
100066958
98748000
100380083
100334708
99204250
100110083
100454166
99757875
99941500
100611209
99341333
99700375
99894084
100524708
99894667
100562208
99179875
99966875
100797542
99735500
99420750
100538708
99212750
100067459
100530625
100124709
99509791
100211084
99702375
100338792
99595541
100475375
99479583
100147792
100413208
99754208
99826541
99936458
100207250
100023375
100861459
100028125
99373833
100944375
98747375
99577958
100361791
99504541
100578875
100155875
99602375
100215542
99425959
99977333
99931958
100039417
101154583
98668375
100106584
100556166
99698458
101955500
97779125
100975542
100339417
100193958
99005625
100454125
99450333
99963333
101783792
97899167
101062875
99145042
99714375
99752458
100199750
100801166
99179041
100018958
99979833
100762542
99180542
99971666
100274625
100090750
99862875
100051791
99428166
100486625
99730042
99846125
102395042
99320791
98340583
99775042
101628917
100944458
97625458
101396584
99633375
99308333
101008041
99723458
98656875
100273709
99969084
100134958
104296000
95902042
99473125
99910417
100140875
100313917
99781042
106693125
93134792
100687166
100473291
98836208
100061417
100529916
100832417
98575834
99691250
100299625
100294833
100369042
99648625
100169875
100654666
98803458
101329916
98414542
101966833
98197375
104475666
96671042
102565584
97333625
99405542
99195667
100236375
100754792
99190292
99956375
107858708
94552792
98238125
99541750
134830750
65381834
99963584
100283083
99131125
100112458
99868792
99858417
99704917
100767958
99531083
100266625
99556625
100260583
104977667
94771417
100640583
99557417
100000500
99987125
100443083
100858333
98712084
100077250
100037750
99795166
100080542
100007625
100403750
99927208
100570625
99161250
100551250
99562834
99802125
99885250
102091083
98070333
99649708
124579375
76205500
99140250
100152667
99989250
100000459
99703083
100304917
100301583
99850417
99559709
99984458
99995375
100395000
112989333
86880333
100299750
100105542
99775417
99452625
100341375
99957750
99769500
100057541
101057334
101092625
101007125
96803417
99696917
99683667
100253667
100563709
99961417
99991625
99690833
99933875
99747209
100136125
100127042
100188291
99627167
99728791
100316917
99700000
100427125
100492583
100132542
99535625
99591125
99967208
99936208
100329917
99964833
99674667
100763791
102767875
96557375
100170042
99830458
99993625
100693291
99609292
99597041
138893000
60970291
100939958
99644750
100680625
98793708
102469625
97593917
103218583
99344042
97764958
100607916
99346292
99825750
134899084
65041458
100481792
99260292
106240041
98985292
98162042
96665000
99964417
100239792
99686709
99998000
99853000
100629417
99553375
100199042
99963375
100009625
99717334
100267625
100558791
101269792
98644625
99536083
99650209
100224542
99859958
99989250
99748083
100127375
99925334
100368083
99431792
100045875
99944833
100228542
100239167
99533541
100404291
99581958
100147958
100259375
99721792
100083333
99886125
100258625
100495750
99214459
103000542
97193750
99511375
106748500
93384583
100504000
99279167
100226792
101175125
99049500
99978458
99671292
99800542
100241167
101752708
116438834
82151917
99637500
101306416
98301875
100435500
100095500
99653792
102550250
96990292
100586083
100608166
98973666
101581292
101444375
97322458
100013292
99768584
100039000
100191250
99523333
99841333
100179250
100260042
99953833
99688166
100181500
100519500
99302917
99949375
100219708
99807209
100176625
100519916
99758542
99717250
100373458
99298792
103448333
96939709
99834042
101117375
165228042
33706084
119963000
79875041
142626125
137079500
21219708
99893125
99430167
99432500
105306750
95204833
100255958
142053916
57377792
100298500
139896583
59513583
100707209
140086750
59444833
99747542
143386333
57027333
100117250
99446292
100164875
100569958
145964750
53462958
99668500
151512583
48584750
103922458
150247625
45720041
105418834
149575292
45166042
101285708
98696000
100304375
99145000
100897708
99673334
99671333
110783541
89155167
100239750
99854125
100914458
99034916
136506917
63418000
100017333
100768708
99137542
104393667
95629500
99924583
100031250
100618375
99260625
100226625
99811500
99809750
100188875
100306041
100191708
99996417
99648709
99572875
100359041
100667791
99189625
99936209
99984333
135579042
67385708
97487542
99561042
99956875
99955958
100001333
99964458
99725667
100385291
99711209
100707208
100486625
98861084
99782709
100170958
99742375
100024958
100190666
100017125
99688000
100250750
100023875
103992042
95712666
99945583
99942667
100314458
100236250
99687459
99693542
100292625
100029125
99955459
99733792
99900083
100717875
99261167
100049750
99952500
99952250
100067958
99951583
100433667
100371583
102085375
98125834
99722000
100300833
99115917
99702167
100520208
99949000
99470792
100237083
99835959
100359459
99735042
99615875
100150125
100656334
98923792
100494292
99755209
101161375
98925250
107934000
91724542
100206625
100021084
99861042
100311167
99996000
100243625
100456750
99063542
101538917
98390166
100222709
99811042
99943875
99915167
100056417
99973833
99962750
100691250
99276000
101504667
98904709
99905750
99642083
100426041
99523333
100958459
99543917
99064334
100169917
99955208
100276542
100437250
99705208
99681459
99892416
99809334
100283041
99942959
100022458
100271041
99780500
100439542
101468917
103239125
95248125
99472042
99719708
100296000
99852250
99788292
100295750
99985042
100014834
100229958
99747916
100207458
99476375
100450500
99920292
99865250
100456958
99673583
99809542
100357833
99683458
108623209
92079166
99915584
99690292
99670458
99686875
99793333
100128333
115443417
84790458
100416250
99565166
99782125
100339875
99694167
99855542
100344292
99570708
101311000
98665583
100223083
100452958
99255917
100636792
99640417
99737375
99986125
100301500
100343791
99403708
99997875
101024292
98929125
99954625
100753708
99249500
100041125
99920666
100788083
99448250
99761541
99966667
100182125
99571125
100417875
99736417
106737041
93049959
99958125
100197500
99708250
101201292
99022666
99804208
100423375
100096125
99865208
100576542
99260459
100178541
99775625
100721875
100757958
98157917
100710959
99466417
100203583
99781792
100008792
99971708
101002375
99007125
100509375
99599500
99961584
99841834
99719542
100208666
100161375
100028292
99514917
99765875
102713208
97423875
100025250
100306875
104166666
96472125
99051375
99920417
100589333
99673625
100423459
99512667
100518667
99456125
100146709
