123885708
975160083
819611542
155709583
970504416
7291
1917
1333
958
1625
1000
958
1084
1167
1209
4042
1042
792
791
708
1333
750
750
77676709
107983917
855612584
281206833
167369583
21104750
4041
1917
1375
958
1375
834
833
791
7542
791
2208
1000
917
708
1000
708
750
750
1167
750
10917
1500
750
750
750
791
1375
875
791
708
2208
708
1458
750
750
667
708
750
709
708
2167
708
1875
1459
2537625
2166
1167
1125
1167
1000
1333
875
959
875
1750
2375
917
917
1208
1125
1208
6230542
1625
1166
1083
1250
1125
958
1250
917
791
792
1959
834
750
833
133242625
2834
1875
1417
1042
1542
1042
875
959
2875
1125
3000
8000
833
1041
791
833
750
1250
750
750
792
1917
833
791
2792
2542
750
750
750
792
833
791
750
750
750
708
1292
750
708
792
917
3458
875
834
750
750
791
1500
958
916
875
1041
709
750
321309417
217959875
1424750
3750
1208
1292
1625
1042
1959
74794042
604792
2083
2792
1167
1708
64729375
2292
1625
1875
1084
3500
1042
959
1041
3083
875
2792
1333
1125
1000
1208
958
916
833
1500
875
917
1792
959
1042
959
1083
2084
1458
1125
958
750
750
1458
791
750
709
792
162763291
301706750
992049791
305174166
307110750
353108083
13375
24334
6416
5750
7417
5250
9916
4708
4709
4833
26122833
337357666
114596042
11584
8125
7125
4709
7166
5542
5708
5833
4708
6125
12125
5083
4541
9833
4875
4750
4708
4667
4708
4708
4958
15708
4917
4625
4791
5250
5625
5750
4583
6375
4916
4709
10500
28667
5833
4792
4666
4541
4750
4667
150122750
1509750
8416
8958
9083
5417
8375
5667
5708
5917
4667
5958
11334
5041
4500
8708
4625
4542
4500
4417
4791
4541
4792
16291
5083
4541
4792
1804542
11000
6167
1127167
3941000
13834
6459
5375
5833
5875
4583
7208
4834
4583
5083
14084
4958
4542
4584
4792
4708
5292
5625
6084
5042
6333
8458
4875
4750
6916
4708
4750
24049500
10417
8000
7166
4917
7667
4875
4625
5583
6125
6000
10833
6333
5042
4625
4625
7625
4958
4625
4750
3161209
8250
6250
6375
4709
6875
4791
5583
5958
6000
5083
11834
4958
4834
4792
7084
4708
4542
4709
4625
4541
4833
8458
23583
4792083
36809167
885676709
14708
120330167
226907959
369582041
1228869667
409611583
12833
8291
7417
4750
157912959
8250
79881084
10125
8125
8000
7734208
469923250
13042
16459
615402209
23167
204812750
311328125
8033166
295096667
409695708
1023732542
181760833
293399208
12542
7709
7667
5042
7459
4750
4541
5417
5584
5708
14333
6250
4792
4542
4584
8750
4709
4625
4541
479209
8958
6542
4709
6625
5250
5584
419095958
1872233167
995332583
12333
103676916
1356310125
48186042
463756750
876667
160529709
74371167
10625
7458
7958
4750
8375
5250
5709
6084
5792
4875
13459
5125
4709
4792
9500
4750
4708
4625
4791
4750
4917
8084
9333
4917
4625
4666
4708
4500
4583
4583
4750
4500
8625
5500
5791
4584
6292
4750
4500
4833
7209
4625
4500
7666
4708
4667
4750
4583
7958
4583
4584
4583
4583
4417
7917
4542
33375
4708
4708
4583
4583
4666
4750
4500
14625
10042
12042
4875
4750
4667
4708
4584
4917
787407875
14125
8833
7834
4917
8542
5667
5792
6459
4708
6084
13375
5042
512122208
409594750
374791541
341760375
19208
151064584
173303292
132905917
771864208
410724750
93538708
828916042
13375
304989833
64651417
546209
13958
2781167
6958
5667
11209
7750
1268750
7500
7000
6166
4750
21250
9417
6084
5792
4667
6000
11625
4750
4625
8791
4625
4542
4625
4667
4750
4584
4875
17208
4917
4833
4708
4667
2070334
6834
5542
5750
5708
4583
6250
4666
4584
4583
7250
8666
5417
5834
5916
4667
6208
4750
4709
4708
7208
4750
8000
4750
4625
4542
4625
4667
8000
4667
4625
4542
4708
8500
4667
4625
4750
4750
4625
4791
4750
4666
4875
4667
17667
6532375
6334
12500
5875
4625
9416
5667
5708
6083
4500
5875
9250
5125
4666
6833
4584
4959
4625
4667
4750
4542
4834
11166
4667
4583
4667
4625
4667
4750
4750
5292
5792
5834
8083
6334
4667
5000
5042
6833
4625
4666
4625
4875
4584
8584
4750
8209
4708
4667
4666
4625
4750
1251583
232625
7083
4375
4292
3333
4500
3917
4125
4334
2418583
12750
6667
5709
5750
5792
4750
12958
4750
4750
5125
11375
4959
4750
4583
5875
4709
5292
5667
6125
4916
1369125
13583
6458
6083
5750
5625
4625
6250
4834
4875
5083
12125
5167
4750
4771959
11416
6625
5666
5833
5834
4792
6208
4792
4666
4958
10958
5000
4709
4541
4625
4667
4667
5292
5500
6167
4833
9625
5041
4709
4750
6792
7000
4791
4834
10792
4833
50458584
9042
7750
7375
4666
7291
4709
5792
5750
6917
5917
12542
5000
4667
4584
7375
4833
4709
4875
4750
4792
4916
9250
8875
4792
4667
4916
4583
4666
4458
4459
5500
4541
8208
65963750
8459
6833
7375
4750
6792
4708
5542
5708
5833
4625
11416
4833
4667
4584
7584
4708
4791
4833
4875
11500
5041
8084
8292
4875
4667
4750
4708
4750
4583
4541
4958
4833
8500
5208
5625
5833
4708
6375
4625
4750
4917
7042
4750
7958
4834
4667
4792
4667
4750
7916
4708
4708
4625
4708
8834
4833
3935125
6500
5500
5708
5792
4666
6041
4709
4500
4750
7500
8541
5375
16500
5917
4708
6209
4833
4750
4625
7084
4708
4833
4458
7667
4709
4834
4833
8125
4709
4709
4708
4709
4667
4542
7583
4708
4667
4625
4625
4667
4750
4917
4625
13000
4750
7708
4791
4792
4583
4792
4583
4916
4708
4625
4666
4625
7708
4708
4667
5375
5458
5917
4791
5958
4667
4625
4709
10375
4875
4792
4750
4750
4708
10167
4709
8458
4791
4667
8209
4791
4792
31167
4917
4709
4667
10000
608418583
818853208
250224959
569085875
309119792
110745750
486589542
13625
9042
10500
5125
10375
6042
5916
6000
4750
6125
13583
5125
4875
9500
4875
4791
4875
4833
4833
4666
4958
13500
5041
4916
4304875
7791
6125
6250
4666
6625
4792
4667
5750
5750
5709
9916
6667
4917
4708
4625
7125
4667
4583
4708
4542
4875
8000
4542
8334
4666
4500
4792
4625
4625
4542
9584
4750
8917
4625
4791
4584
4500
4583
4583
21625
6000
5541
5750
9666
4666
6167
4875
8417
4792
6959
4791
4666
4833
4667
7959
4916
4750
8417
4750
4584
4667
4667
4709
8959
4750
8041
4792
4875
4709
4583
4708
4666
4708
10583
4750
4625
7958
4875
4750
4458
4583
4708
4666
4500
4583
4542
4625
21209
8458
4708
4666
4708
4542
4625
4542
4500
4667
11792
4875
8250
4792
4667
4583
4583
4542
19041
4791
9333
4791
4583
8958
4833
4750
4625
4583
4750
4750
24083
4958
4625
4666
4667
4500
4542
4709
4625
4708
9583
8166
4792
4583
4625
4625
4500
4667
4584
4917
21084
5000
8250
5041
4750
4666
4541
4708
4708
4667
10167
4708
4542
4625
8125
4792
4667
4542
4542
4625
12667
4708
4666
4708
4584
8125
4667
4792
4792
4834
14125
5041
35708
11125
4750
4583
8375
4875
4708
4625
9667
77750
2930542
4042
2667
3625
2750
2667
2625
9125
3083
2625
2833
5541
3458
3208
3250
6541
2750
2708
2750
2750
2625
2667
4542
2667
2667
2708
2709
2750
2583
2625
2709
6958
2750
5292
2625
2667
2625
2625
2666
2833
2625
2750
8084
2833
4875
2833
2667
2708
6958
2833
2750
2667
5792
2750
2708
4834
2750
2625
2708
2708
2625
2625
6583
15084
3000
3167
5250
3542
2667
3541
2792
2666
2875
4041
2750
2625
2625
4667
3417
2833
2667
4833
2750
2583
2709
2625
2750
5792
13979667
11875
20500
6541
5750
4791
6500
4750
4541
4708
8416
10625
6291
6000
4834
6000
4667
5125
4583
7560041
6708
6000
6042
4792
6917
4708
6042
5750
6583
5125
10458
4750
4583
4750
6917
4708
4584
4542
4709
4625
4916
7750
8417
4708
4417
4833
4708
4583
4542
4750
4833
4750
8375
5292
5500
5709
4792
6417
4750
4542
4841583
9792
5791
5750
6750
4875
6375
4709
4750
7064958
12917
6292
5750
6167
4750
6334
4791
4708
4875
8167
10459
1309042
6917
5666
5792
5791
4708
6209
4833
4875
4750
7000
8417
5625
5917
5875
4750
6166
4750
4709
4750
7000
4666
8375
4958
319737833
188010000
12833
8375
7583
4875
113031042
272576667
8333
5208
4500
2667
4625
2459
2292
2375
2833
2875
12208
2500
2875
2292
2333
7625
4958
2291
2208
2250
4750
2292
2292
2292
6500
2292
4083
2458
2250
2292
5166
2250
2292
2250
2250
2250
2375
3917
2333
2292
6334
2750
2917
2375
3125
2417
2250
2333
5000
2333
2458
2375
2292
2334
2208
2292
4042
2334
6541
4000
2375
2292
2417
2334
2334
2250
2292
2250
2667
2250
4042
1887291
12084
4875
2875
3167
2375
3125
2334
2333
2375
3791
4375
2625
2917
2916
2333
3000
2292
2334
2375
7959
815325125
12000
1433437292
12209
8209
7875
5084
8459
5041
5666
5875
6417
5125
13750
5667
4834
4583
7750
4750
4584
4750
4583
4708
5584
10208
9458
4875
4791
4666
4583
4750
4625
4834
864016334
262144459
12208
9166
7333
4666
7667
4792
5625
5666
5791
4709
13583
5042
4667
4625
9375
4625
4500
4500
4541
4750
12382583
151280917
663831917
12542
8375
7917
72967041
6690208
575496542
1179621334
21067875
66199958
41701416
130290750
471301625
858542
497594333
411841583
20375
141377375
14083
8375
7667
4917
10833
5875
6250
5625
4750
6209
11458
7917
5917
5875
4792
6334
4792
4625
4875
9458
5125
9417
5042
4667
4750
4917
4666
9292
4834
4708
56547875
7375
7333
6750
4750
7167
4667
4791
5625
5708
5708
10708
6125
4708
4666
5166
7166
4875
4248958
14000
6166
5875
6083
4667
6625
4708
4667
4625
7875
9583
4875
5334
5833
6000
4625
6459
4958
8625
5208
7000
9167
5042
80708
2894250
6750
5834
5625
5875
4709
6084
4625
4667
3120416
6917
5584
5625
5834
4709
6166
5250
9122291
7750
6125
6041
4750
6334
4916
5500
6041
5750
4708
11708
5041
4709
4666
7209
4959
4772750
7083
5625
5542
6083
4792
6334
4709
4666
4750
7083
8875
5500
5958
6083
22554333
38486667
13375
9834
6250
5834
5625
4917
7583
4916
4542
5250
15291
5417
4708
4792
628500
8167
5417
5583
6125
4834
6542
4625
4916
5083
7334
17583
5208
5208
5750
5625
4750
6083
4916
4667
1830000
5000
3625
3167
3333
2959
69480000
13125
8000
7125
5000
8208
7541
5917
6459
6500
5583
31298084
11732792
6958
7458
6583
4792
6583
4750
5542
5833
5916
4834
11292
5083
4792
4584
8958
4625
4666
4708
4708
4666
4792
8459
9750
170298417
169053917
11459
794475667
203642000
311827250
12459
8250
7584
4709
8792
4791
4542
5666
5583
5583
12334
6625
4834
4792
4709
9542
4708
4792
4709
4833
4875
10291
4917
9875
4750
4625
4667
4625
4875
4625
11250
4750
4750
4500
4625
4500
4583
5416
6167
5667
815209667
18834
307109125
136609833
169833917
73887250
23851292
312548375
614439250
511953750
12667
43873666
110665208
869400125
107036792
712188583
592376417
13042
8125
7917
5042
7125
5291
4833
5708
6000
5750
12792
6500
4459
4625
4542
9750
4625
4666
4708
4833
4708
8625
4875
9750
4833
4709
4667
4667
4542
4625
4791
4709
7959
4750
4584
4542
4625
4500
4666
19084
5792
5375
5833
9375
4750
6166
4708
6375
4709
6792
4542
4584
4583
4375
7917
4667
4542
8750
4667
4792
4584
4625
4625
4625
4542
9250
4750
4875
10463083
6916
6084
7042
4667
6417
4792
5459
5791
5750
4834
14458
4958
4708
5042
7833
4750
4709
4917
4500
4959
4875
8000
8250
4791
4667
4625
4750
4583
4625
4500
5041
4625
7834
4583
4583
4500
5250
5541
5583
4667
6542
4750
4666
8333
10514833
9416
5792
5917
5750
4750
6250
4667
4708
4667
7125
8458
4708
5250
5875
5833
4667
6125
4875
4541
4958
6500
8417
4875
4500
4666
4833
1687500
7375
6083
5833
4791
6041
5667
5708
5625
4667
6166
510237458
13042
7750
7583
4792
7833
5833
5833
5875
4791
1024459291
23708
7667
7625
4958
14708
22757000
56933250
157215209
152082625
37769500
597360291
307035375
76860334
11083
7584
7834
5375
332078292
589392875
34188958
77007667
425824167
307017917
97183333
722103916
309164375
133803875
227784500
353187333
309269459
919823375
306852666
59825250
554477667
84299208
149147792
688257583
657648334
468643917
409566125
1023867250
21458
63807958
49082625
206854000
238636875
27707583
561723667
285815084
259258625
354653167
70010250
111944917
99991959
110310542
735926459
139496875
371058625
124131750
25786083
50523625
42640542
473690584
84146542
12125
7833
7917
4791
7625
5083
5583
5958
6666
5250
14666
5042
4667
4750
9416
4750
4667
4667
4500
4625
4834
9000
9917
4708
4708
44080791
485386291
98479334
88123959
117916334
412733125
12167
386941500
843967125
97479375
61698458
1374391375
204590542
1128479917
33520250
102054375
272407542
511974166
1228577834
11750
8708
7583
4875
8208
7625
5750
5833
5917
4834
15083
4917
4583
4709
409666917
48119834
132798500
740640208
307192833
12000
170528209
47167666
8500
34709250
50022459
186287500
94771167
440335333
131372209
790268416
14292
15425083
196532083
55373042
238289833
935181083
12292
7667
711194292
84267125
528735000
559375
11625
8125
7792
306216917
15627209
291545792
178641250
159929458
172941959
47795084
464620042
409606875
15753875
264148750
7750
3834
3791
2083
101910667
10810875
119152334
307328458
8875
138304666
12709
8417
7667
5250
7458
4834
5666
5791
5958
5000
300258875
229650291
56178459
9708
7250
7250
821792
155422667
48762084
259172291
653542
15625
7792
5000
5542
773012750
904528958
13167
7833
7000
14334
309485375
20750
509604708
20500
70079916
544261417
24125
7541
7458
5167
511976667
19833
11750
13889375
664583
477272000
2112083
8167
7333
8625
5167
7708
4708
5458
5834
5750
4666
13917
4916
4666
4583
15083
5042
4709
4708
4584
4917
5084
8583
8041
6125
5916
4708
6458
4750
11375
4916
7250
4750
9208
4833
4667
4834
4875
4542
9708
4875
8834
4709
4625
8167
4792
4666
4917
4792
4709
4584
4584
4542
4500
4583
16375
4834
6000
4750
4667
4792
4584
4625
4625
4583
4792
4284375
7000
6166
6084
4750
6417
5125
4750
5708
5792
5958
9916
6292
4625
4708
4750
6708
4709
4667
4667
4542
4833
8458
4709
8334
4708
4875
4791
973208
7208
5583
5709
5833
4792
6334
4750
4625
4792
7500
8625
5416
5875
5833
4792
6083
4917
4750
4708
7083
4875
7958
4750
4625
4709
4667
4750
8791
4708
4708
4667
5375
8000
4750
4833
4625
4750
4625
4959
4583
4750
5000
4500
14083
4750
4625
4625
4750
2368083
965958
4171291
10750
6417
5916
5708
5375
6708
4625
11000
4792
8000
9708
6000
5875
4750
6292
4667
4542
4833
6750
4875
4667
8125
4667
4875
4625
4625
8542
4750
4875
4709
4625
5000
7833
4958
4583
4625
4917
4584
4625
4708
4875
4792
10958
7792
4750
4667
4708
4583
4667
4583
4666
5917
4667
4542
8500
5500
5584
4583
6083
4541
4958
5209
7042
4542
4791
7750
4667
4708
4708
5792
8667
4667
4542
4667
4625
4667
8125
4875
4583
4500
14083
4792
4625
4792
4583
4708
10834
4625
8000
4917
8750
4916
4875
4875
4875
4625
4792
4750
4500
8500
10458
4917
4625
4625
4917
10959
2884042
10998541
9167
853541
5003375
7125
5541
5625
6250
4833
6209
4750
10875
4875
10292
9375
5875
5791
4584
6000
4666
4583
5166
6875
4958
4708
7875
4750
5209
4542
4542
13792
4666
4709
4834
4959
5417
7708
4709
5917
5208
5917
4708
4541
5083
4708
4791
11041
7875
4667
4750
4833
4417
4875
4791
4875
5792
5750
6042
9000
6209
4667
4667
4625
7000
4917
4917
4667
4583
4791
7833
4709
8208
4833
4667
10167
11458
6292
4667
4750
4708
7667
4875
5292
4542
4875
4459
5750
10458
4667
4667
4625
4875
7625
4708
4834
4667
4583
4625
4625
4542
4625
4625
4708
7666
4959
4667
4834
4542
4708
4792
4583
4959
4625
4625
12625
4666
4542
4625
4542
20417
4750
13875
4875
4625
57167
5208
4709
4875
4750
4417
4542
4667
8500
5208
9209
4667
4625
4542
4667
4667
4584
4791
5125
8000
9416
4666
4500
4625
4667
4583
4750
4833
4625
4667
9416
8375
5334
4542
4709
102505834
6834
4167
3583
2416
4458
2042
2000
2417
2583
2625
491792
9542
3125
3125
2041
2875
2041
2042
2125
5625
2417
5125
2583
2500
2208
2666
1959
2042
2000
2958
2000
2083
3375
2167
2208
2208
2000
4375
2083
2000
2000
2084
2000
3500
2209
2042
2000
2000
2000
2000
1875
2208
1958
7042
3958
2084
2000
1959
2000
1958
2041
65116708
429087666
8292
3541
12666
1875
2292
2417
2708
2083
4209
1875
3750
1791
4042
3250
1875
1792
1791
1791
1792
1792
3458
4209
2250
2125
3709
1917
2583
2000
1750
1750
2791
2291
2209
2208
2542
3791
2209
2125
3459
1833
1833
1833
1834
1834
1834
1834
3250
1833
1833
1875
5584
1833
1708
1750
5833
1875
1792
1833
1875
4084
1958
1834
1834
1750
7458
1750
1792
1792
5375
1791
1750
1750
1708
1791
2625
1792
1792
1792
1792
3042
1875
1792
1750
1792
2208
1833
7250
1792
1833
1791
3625
1791
1833
1791
2375
25292
2375
2250
1875
2375
2042
2041
1750
2625
1916
1750
3208
1791
1792
1791
1959
3167
1875
1792
1750
1750
1792
2916
1792
1709
1792
1750
2333
1792
1750
2167
2167
4917
3459
1875
1833
1792
2208
1833
1834
1750
2000
1833
2042
3291
1875
1833
2417
1833
1833
1750
1791
1792
1792
1750
3167
1792
2166
1833
1833
1750
1791
1792
1792
5791
1917
3042
2250
1791
1875
1833
1833
1834
1792
1833
1791
1834
8542
1875
1833
1833
1750
1791
1833
1792
1792
1791
3667
1833
3625
2209
1792
1791
1792
1750
1792
1791
5167
1833
1750
3166
4291
3250
3250
1875
3125
5458
5708
1750
1667
1750
1750
1833
1833
1750
1792
1791
6084
1833
1792
1791
1750
1875
1875
1833
1709
1750
5333
14958
1916
1833
1833
1792
1791
1792
1875
2208
16292
2500
5000
21041
1917
1833
1792
1792
1792
1792
5958
1875
1833
2125
4250
2167
2084
2000
1750
1792
4417
2208
2125
2084
2166
3709
1875
1791
1792
1709
4417
1916
1792
1792
1708
1833
3125
2000
1750
1792
3709
1917
1791
1792
1750
1834
1750
3125
1875
1791
4500
1875
1792
1750
1750
1791
1792
1833
3500
1875
4625
7292
2167
2083
1792
1833
1791
1833
1833
2042
4167
1792
3166
1833
2167
2084
2250
2167
2167
2083
7292
2125
1917
2959
1792
1709
1750
1750
1708
1833
7750
1792
1750
1834
3000
1792
1750
1792
1791
1792
4208
1792
1791
2000
1708
3125
1750
6375
2333
1709
5750
1750
1750
1958
1750
1709
1750
1750
3083
26458
9583
1917
1834
1875
1792
1750
1792
2459
2250
5833
1958
2917
1792
1708
1791
3292
1750
1750
2250
1833
3917
15625
2208
4000
2000
1833
1833
1792
1834
1792
1750
1833
3083
1916
1750
1709
1750
1750
1750
5458
1792
1791
1834
3000
1791
1792
1792
1833
1750
1792
1792
1750
1833
1792
3000
1834
1791
1792
1750
1834
1834
1750
1708
1792
1708
3042
1875
1833
1792
1792
1833
6083
1875
1791
1792
1791
3000
1875
1792
1834
1834
1833
1875
7167
1833
1834
1875
3084
1917
1791
1875
1792
1750
4792
1875
1750
1791
1833
3416
34083
2250
1792
1750
5042
1875
1875
1750
2000
2167
2208
3875
2292
2083
5083
2209
2041
1791
1792
1750
3000
1792
3041
1834
3584
1833
1750
1750
2250
1750
1792
1833
1750
3125
8416
1834
10042
1792
1792
1791
1750
1750
1750
1750
6667
1791
1792
1750
1875
1750
1750
1750
1792
1791
4792
3292
1792
1833
1792
1833
1750
1792
3333
3167
7333
1917
1791
1750
1708
1750
1833
1791
1833
1792
6542
3208
1791
1750
1750
1791
1750
1750
1750
1750
5792
1833
3083
1875
1834
1792
1750
1791
1750
1791
4458
1791
1750
3208
2316625
6208
2209
1959
1959
1959
11250
2000
1959
1917
1834
5125
2042
1750
1834
2000
4000
1833
1833
1791
1833
1917
3875
2083
2042
1792
3500
1875
1875
1916
2000
1917
1875
8959
1959
2000
5375
2041
1875
1792
1833
6500
2125
2042
2000
2000
6333
1958
2000
1958
1875
1791
3417
1959
1959
2125
5167
2000
1916
1833
1958
1916
1833
3584
4463875
3083
6416
1791
2084
1917
2042
1541
2375
1667
2625
3209
2791
1709
1750
1625
1625
1709
1667
1625
4000
1708
2958
1667
7834375
3042
4750
8655541
6083
7625
1917
2167
2209
2250
1959
2667
1833
2333
3708
3166
2041
1917
1875
1875
1791
1875
1958
3541
2000
3500
1958
1958
22418834
5250
3750
3833
2291
6417
2541
2417
2750
2000
2542
5667
2042
2000
3625
2125
2042
2042
2000
2042
2041
2041
5209
2084
2042
2042
2042
2333
2333
2625
2042
2917
2000
3458
2125
3041
4417
2042
2041
2125
2042
2042
2000
3500
3959
2042
3208
2083
2000
2000
2000
427917
31829084
9333
6917
7375
4834
7084
4791
4666
4750
5625
5709
13166
5041
6167
4625
4542
4625
9125
4666
4708
4583
5417
9750
4709
4709
8667
4750
4625
4667
4708
4875
5041
67095209
9959
7917
7375
4833
6875
4667
5625
5583
5750
4792
19250
5083
4750
4750
8458
4958
4667
4667
4792
4708
4958
8500
600334
6333
6000
5916
4875
6583
4875
5584
5625
5542
4625
10584
4791
4750
4708
7083
4792
4834
4666
11333
4750
8542
8542
8667
4792
4750
5041
4625
4708
4625
4500
6125
5375
7549666
9959
5875
5625
5958
4583
6917
4875
4708
4750
8375
9708
6084
5875
4834
6125
4666
4791
4792
6875
5042
4875
8167
4750
4875
4667
4792
8292
4750
4625
4750
4708
5000
7958
4834
4625
4625
4584
4541
4541
4625
4542
4667
12833
8166
4792
4708
4625
4667
4583
4666
4583
13750
5708
5792
8125
6292
4583
4625
4708
7000
4792
4792
4875
4708
4708
7833
4875
8167
8375
5167
8875
4708
4834
4709
4916
4750
8416
4833
4625
4625
5875
4667
4750
10542
6333
4791
4584
4542
7875
4833
5667
4750
4833
4625
4625
5417
4584
4875
4583
8000
6042
4459
4708
4667
3680583
860375
7084
5333
5709
6042
4833
6583
4792
5083
4833
350055292
512022000
8584
409905875
511721958
23248625
489051667
150471833
1077907125
511838125
409757750
554470750
1083889792
67820875
546595209
13417
9584
7208
4917
8500
4666
5584
5667
5833
4791
14042
4833
4667
4667
94513042
168780459
852792
73218333
8508667
6927833
14375
6625
2112084
361647792
614221917
21500
11584
20185750
9125
291182375
8500
5916
5334
3042
4750
2792
2833
3292
3333
3333
8958
3833
2750
2750
2625
6208
2667
2708
2750
2583
3458
5167
2791
5875
2708
2625
2708
2625
2625
2667
3209
2708
5000
2791
2792
2750
2750
2667
3042
3209
3417
2791
3750
4709
2709
2708
4000
3292
3250
3167
2583
2625
2667
2667
6500
2667
2666
2917
2833
2750
2667
2750
2709
2750
2667
5208
2750
2833
2750
2709
7500
2708
2750
2750
2833
8791
2792
2791
7666
2833
2750
2791
2667
2708
2709
2666
2667
2834
2625
4625
2834
2667
2666
2833
2833
2875
2750
2791
2792
2709
4583
2708
11084
2708
2791
2791
2709
34833
3000
2709
2666
2709
2667
2666
2667
2667
2625
4125
4666
2750
2625
2667
2625
2792
2750
2750
2792
3334
2708
4500
2750
2667
2667
2708
2792
2666
2667
3291
7458
2791
2709
2708
2708
2667
2750
2667
2709
3375
2708
4709
2792
2709
2708
2708
2625
2625
2667
4000
2709
2708
5000
2792
2708
2708
2709
2708
18167
3458
3250
3333
3000
5791
4541
2750
2792
4084
2709
2666
2917
2666
2583
2750
6500
50500
3042
2791
2708
2667
3291
3209
3208
2792
2750
2750
4625
2792
2708
2667
4375
7500
2750
2625
2667
2667
2666
4709
2750
2834
3291
2875
2709
2667
2708
2750
2833
2667
4583
2958
3750
2666
2750
2625
2625
2666
2792
3166
3209
5166
3667
3542
3459
11000
3375
2959
2750
2541
2667
2750
5208
2792
2667
2708
2708
2750
2666
2667
2583
2792
4125
5625
3334
3208
6708
3375
3250
3083
3167
2792
4125
2750
5334
2750
2667
2750
2750
2708
2667
2708
3333
2667
2625
4709
2342125
4125
3750
2375
3417
2334
2583
2334
3584
2333
2292
4583
2458
2375
2375
2958
4709
2375
2333
2375
2333
2292
3959
2417
2375
2459
2292
2334
2291
2333
2417
2291
5708
5000
2833
4042
2334
2334
2375
2292
2334
2375
2292
2334
4042
2958
2333
2375
2375
2375
2292
2292
2250
2375
2292
4459
2417
2292
2375
2333
2375
2541
2292
2333
7708
2833
3833
2333
2333
2292
2292
2375
2250
2333
2333
2833
2292
4083
2334
2375
2292
2208
2291
2208
2292
2833
841250
400826375
20708
12250
36024833
373393584
307240583
871574916
153965958
510406708
12394292
294747917
69492500
13003167
9833
141242167
61705458
20731584
153219333
203058625
137852916
530801083
1945422625
21000
98529083
619528125
191062875
422073292
20417
79466459
690000
431888208
148003333
177247334
391865917
28322583
10125
9541
8333
4833
7833
4708
5583
5791
6042
5083
16791
4917
5042
4792
8000
4583
4792
4750
4709
4750
4833
7958
8625
4750
4667
4709
4583
4583
4667
4625
5459
4541
8958
5458
5458
5708
4709
6250
4666
4666
5250
5137458
1777333
7750
6250
9834
11375
10291
5792
5541
6625
4708
6625
11459
4958
4666
7666
4583
4666
4583
4750
4625
4583
4958
12000
5496542
8458
5708
5708
5708
4625
6083
4667
4584
4583
7000
8625
5500
5708
5791
4791
6250
4666
4667
4708
7000
4875
8250
3788250
7333
5625
5625
6083
4709
6333
4625
4625
4750
7334
9417
5917
5833
4625
6125
4750
4750
4834
6834
4833
4625
8083
4791
4667
4583
4625
7875
4708
4708
4667
4667
4667
8000
4833
4625
4709
4667
4584
4584
4500
4500
4791
12791
7791
4792
4667
4666
4583
4542
4667
4709
4750
4667
4417
8334
5792
5792
4625
6167
4583
4541
5000
6917
4750
4834
8000
4708
4709
4583
4917
8209
4792
4625
4416
4625
4625
7834
4750
4750
4625
4750
4625
4459
4459
4625
4709
10667
4792
8000
4791
5916
4625
4667
4708
4833
4792
4667
4750
4542
8000
5334
4833
4834
4708
4833
4542
4625
4583
4625
4625
24042
4833
4625
4542
4791
4666
4625
52667
17834
4750
6541
4666
4666
4708
4583
4792
4625
4667
8041
4667
6292
4583
4458
4542
4416
4625
4542
4667
4583
7583
6791
4792
4875
4708
4833
4750
4708
4708
4791
4792
5625
7958
4834
4625
4666
4625
4625
4500
4500
4708
5709
4625
7750
4834
4542
4584
4666
4625
4666
4792
5666
4583
4708
8083
4583
4708
4667
4708
4666
4625
6875
4708
26083
4875
7958
4875
4792
4625
4542
4708
6750
4708
4500
4500
4500
7833
4792
4583
4583
4667
5750
4666
4584
4542
4625
4625
8125
4833
4583
4666
5792
4667
4917
9291
1013250
6334
6542
4667
6625
29038416
2111917
26548375
306480833
21875
5244875
7634333
292147708
511414875
409484709
19417
190273792
280166458
12417
4808458
13542
9875
5791
6500
6250
5209
8375
5250
4875
10375
13500
5000
4542
4542
4500
5167
5667
6459
10439416
1886792
24802750
8042
7625
7334
5291
7291
5584
6084
6458
5834
6167
17167
5084
4542
9209
4750
4916
4792
4875
4833
4625
5542
14041
4875
4666
5333
5584
5833
4708
6542
4708
4916
4750
10125
4708
4583
4833
4625
4542
4958
4666
8166
4834
4667
7666
4667
5667
4458
4542
4583
4583
4709
4583
4458
4542
8375
5375
12833
4792
4667
4709
4625
4750
4667
1227901125
104095500
817457625
513727542
12917
9166
8250
4833
7750
4834
5708
6292
6458
4792
16250
5083
4666
4583
9083
4750
4750
4708
4667
4708
4958
8250
9167
5083
4667
4750
4667
4667
4750
4667
4875
4666
8416
4792
5334
5500
5916
4584
6459
4708
4875
4625
6708
8167
4875
4666
4875
4708
4625
4667
8208
4625
4500
4583
7791
4625
4584
4583
4500
4500
4500
4500
4625
4583
4791
7916
11791
4750
4541
4666
4625
4500
4583
4583
4625
4458
7958
4708
4709
4500
4416
4500
4541
4625
4667
4625
4917
4542
7792
4708
4542
4667
4583
4625
4500
4625
4708
4583
17167
8083
4875
4750
4708
4708
4541
4625
4833
4666
4667
4542
10041
4958
4625
4667
4625
4583
11125
74167
5959
4791
4500
4500
4625
4459
4625
4500
6875
4708
7958
4917
5125
6917
4792
4709
5208
5667
6125
4625
6167
9083
5209
4667
6958
4750
5000
4708
4792
4625
4750
4542
8250
8458
4833
4667
4958
20410000
283805083
13166
7875
7417
4625
8791
511751584
19959
716914625
28501167
483688083
142605125
576488875
12833
89392292
16739709
403322959
12833
8125
7708
5125
7375
5833
5792
5958
4666
6292
513990833
121730083
81030500
307388916
31459
7792
7708
5792
5667
5708
4458
7750
4667
4667
7583
13166
4958
4583
4625
4625
5167
5458
5917
4708
6417
4667
7833
6208
6875
4459
4750
4625
4542
4583
4875
4541
8333
14333
4709
4750
4625
4541
4584
5291
4792
4583
4625
5542
8000
4667
4584
4709
12500
4833
4500
4625
4542
5750
4625
7791
4625
4583
4625
4417
4625
4458
4583
6375
4583
4541
8208
10834
4625
4709
4583
4750
4625
5791
4833
5542
5541
5666
8208
6250
4583
4625
4542
7333
11209
5041
4667
4667
4625
4667
4792
8167
4667
4750
4625
7792
6000
4667
4625
4708
4584
4542
4583
4542
4458
4625
10041
10583
4583
4666
4708
4625
4458
8625
10291
4875
6625
4625
4500
4625
4500
4500
39959
5000
4625
4750
6333
4667
4708
4625
4583
5000
4584
8083
4791
4834
5666
4541
4583
18084
4750
4792
5000
4709
7916
4708
6167
4791
4709
4625
4708
4791
4583
4708
4708
8208
5875
4875
4708
4667
5334
4792
4625
4667
4500
4542
8708
4833
4625
4625
4750
4875
4667
4584
4542
4625
5458
8167
4666
13041
4792
4542
4667
4458
4708
4750
6084
4750
4750
4666
8333
4750
4709
4500
4625
4500
5958
4667
4583
4542
4666
7667
4875
26208
4917
4625
5792
4792
4666
4750
4792
4791
8042
4833
4708
4542
5625
4666
4875
4584
4709
4750
4708
8041
4750
4750
11792
4625
4667
4625
4750
4666
4750
4459
4750
4542
5625
8167
4792
4625
4583
4625
4708
4583
4667
4792
33958
4917
4625
4750
4500
4500
4458
4458
4541
4667
5958
8167
4625
4667
4750
8875
4750
4625
4667
4708
15666
4791
4708
4709
4709
4709
4584
4667
4583
5042
6334
7958
5083
4750
4583
4584
4709
4625
4667
4666
5583
4583
7708
4791
4625
4708
4583
4583
4667
4459
5625
4709
4417
8292
4666
4708
5166
4583
4667
4666
5750
4792
4625
4542
7958
4709
4750
4667
4750
4708
5625
4708
4708
4792
4750
8250
4709
4667
4750
4542
5709
4792
4750
4875
10792
44708
4834
4583
4750
4666
5792
4750
4708
4625
4750
7792
5917
5833
5750
4834
6459
5042
4625
4709
7084
4875
8000
5459
4750
4834
4625
4541
8208
4667
9917
4875
4667
4667
4583
5000
4708
4625
4625
4666
4750
8541
5084
4791
63750
130020750
481426208
12417
7250
6750
4750
7708
511901792
107419459
1069981000
229186083
24042
7708
7333
4708
10666
5917
6125
5708
4667
6084
10792
8708
5000
104716875
12625
7833
7541
4875
8625
5583
5541
5959
4750
6083
11166
4917
4750
8541
4708
4750
4666
4875
4709
4709
5541
12375
4834
4708
4708
4833
4625
5375
5709
5917
5000
6375
8375
4708
4625
23292
4916
4666
4583
4625
4750
4583
4625
11541
4916
7167
4750
4709
4750
4750
4708
4750
4666
4792
16208
6459
5041
4667
4458
11541
4750
4583
4500
4542
4958
9458
4916
4625
4459
4625
5000
4542
4709
4583
4667
5667
8042
4833
4750
4792
4583
4625
4667
4708
4667
5750
4666
4666
7917
4583
4750
17000
5000
4708
4583
5875
4583
4625
4792
7958
4625
4542
4791
4708
4541
6042
4625
4625
4625
4583
12791
5167
4625
4500
4666
6000
4750
15875
4833
4542
4458
4542
4750
4583
4583
5750
5625
5791
7875
6125
4791
4625
4708
8166
4750
4542
4625
4875
4709
8000
5042
8166
4709
4625
4541
4667
4625
6375
4708
4541
4625
8250
4709
4917
45667
30679125
438101542
478287709
15916
305043792
48631333
22892541
153531166
1310767333
22333
94003000
520293958
20000
15500
7834
4750
6000
11085542
175252875
125888958
185332208
83736333
1844542
8208
8834
636001416
8728041
68167834
344449000
940004667
140886917
350530416
716613542
64291
409757167
155208
22346667
15949250
13458
575915333
163497500
12666
7834
7333
5125
12000
92859292
8083
4916
363343625
13041
405838792
33041
7833
7875
5750
5833
6084
5166
10208
5458
4834
7958
13500
5000
4917
4625
5584
5583
6250
4667
6458
5084
4625
8042
8625
4750
4750
4709
4667
4709
4500
4541
9166
4792
14958
4958
4834
4958
4792
4792
4667
4792
4500
4750
8208
7917
4750
4542
13000
4625
4584
4750
4541
4833
5709
4750
8084
4958
4667
4625
4625
4542
4709
4709
5583
4625
4625
8500
5417
5625
5708
4833
6167
4791
4916
4875
7208
4709
7917
4667
4625
5000
4667
4625
8041
4916
5750
4875
4500
8167
4500
4458
4542
4542
4583
4625
8792
4750
4625
4709
15708
4916
4708
4583
4625
4666
15250
4833
4667
4542
4541
4708
4625
4750
4584
4708
10292
4709
4500
4583
119566209
12209
7958
94086167
79017959
11291
7750
8416
4875
7708
4750
525319417
21458
7750
631508792
12125
7875
7541
5083
7666
5000
254928208
142111542
45811833
34924333
37042709
57930791
7125
7959
9250
5375
7667
156099583
1096142291
19750
18917
7541
5375
5625
6167
6708
4708
7292
4750
8833
4750
13375
5000
4625
4708
4750
4750
4792
4875
9958
5500
5583
9125
4917
6208
4584
4750
4708
6792
4916
4708
4708
4708
10375
4750
4625
7958
4791
4667
4750
4750
4708
4667
4875
8334
8959
4916
4750
9375
4917
4666
4750
12042
4875
4792
4625
4667
4709
5125
8083
4916
4834
4750
5292
4709
39125
5041
4667
4625
4459
4584
4625
4541
4875
4500
4667
8084
4708
4625
4625
4667
4750
5125
5041
17166
4750
4625
7791
4625
5000
4625
4583
4667
5125
4666
4583
4709
5584
9042
5750
4584
6000
4833
4917
4500
7208
4709
4542
4541
8084
5000
4667
4625
8166
4709
4708
4708
4625
4500
4625
7917
4834
4792
4583
4708
4709
4916
4666
4709
10334
154000
8875
4625
4625
4667
4667
4792
4666
4792
4875
8792
5167
8125
5250
5250
5333
5167
5250
4750
4708
7708
5167
4625
4959
8250
5292
4958
4875
4834
5167
7042
15208
5250
4833
4666
8166
5042
4667
4542
4708
7041
4750
4625
4541
4500
4667
8167
4667
4542
4541
6791
4667
4542
11375
5208
5167
4791
5041
4875
4583
37125
5000
4750
4667
4625
4667
4542
4625
4667
4667
9583
8166
4625
4667
4708
4625
4625
4792
4709
4625
6875
4666
8167
4916
4792
4750
4500
4708
4916
4625
6875
4750
4500
7917
4834
25667
4792
4667
4667
4708
6875
4834
4625
4667
7875
4792
4625
4666
4750
4833
6875
4667
4541
4583
4625
7917
4667
4709
4500
4583
6958
4750
4792
4500
4584
4583
7666
4792
4667
4667
6792
4667
4542
4583
5000
4916
4667
7875
4584
4708
7125
4583
4625
4875
4791
4708
4625
4833
4750
8000
7000
4667
4667
4500
4792
4750
4667
4625
4625
4625
10125
4833
4791
4792
4833
4625
4750
4834
4792
4834
7041
8458
4959
4667
4791
4625
4667
4708
13916
4917
7250
4708
4542
4541
4500
4625
4583
4666
4542
8042
6834
4833
4667
4708
4625
4709
4500
4666
4542
4458
9791
4709
4625
4625
4542
4584
4625
4584
4584
4625
7000
4667
8125
4750
4750
4667
4583
4708
4833
4583
6833
4792
4791
48125
5125
4750
4625
4667
4583
4875
8125
4750
8917
55917
5375
4917
4625
4750
4667
4750
9250
4792
4667
4500
8500
4667
4750
8792
10167
4833
7333
4833
4666
4708
4667
4708
4791
4708
4541
8000
6958
4666
4625
4625
4625
4792
4792
4459
4583
4541
11250
4709
4709
10250
4500
4666
4542
4584
4542
4708
8083
4542
4542
4625
8000
4750
4667
4709
4667
4709
6959
4666
4625
4709
4542
8125
4750
4750
4667
9541
5333
5458
5875
5750
4834
1483834
3833
2875
2666
4125
3041
2750
2709
2666
2667
2708
5167
4833
2750
2875
2625
2750
2666
3042
2792
3333
2750
5041
2875
7040750
16916
3792
3958
3717458
11625
3709
3042
3208
3083
2791
2791
2958
2500
3084
5833
2500
2333
3458
2375
2333
2292
2292
2333
2333
2334
5625
2375
2458
2291
2292
2333
2334
2375
2625
2959
2917
4209
3333
2375
2375
2292
3375
2333
2333
2333
2250
2291
5458
2333
4042
2458
2375
2417
3042
2916
2959
2417
2250
4083
2458
2375
3500
2375
4542
12835625
7875
6167
6250
5083
12284666
7125
6250
6334
4959
6792
4833
5709
5667
6000
4875
13000
4750
4500
4708
7166
4917
4917
4625
4625
4542
4875
7833
8542
4750
4584
12750
5042
4417
4458
4500
4875
4667
8375
5083
4875
5333
5916
5833
4708
6458
5000
4833
4625
10500
4792
1526959
7042
5458
5625
6000
4667
6292
4750
4708
4542
7125
9042
5750
5833
4792
6000
4667
4583
4583
6750
4833
4708
7916
4750
4583
4667
4792
7833
4625
4500
4500
5000
4667
7959
11667
4917
4541
4625
4584
4542
5000
4541
5792
13500
8083
4833
4708
4792
4792
4584
4834
5000
4708
4833
4458
8541
5500
5667
4750
5958
4834
4875
5083
7000
4708
4708
7875
4750
4584
4583
4958
14875
4834
6916
4708
4667
4667
8333
4958
4791
4875
4792
4750
4542
4709
4750
4709
10417
5161666
12771459
5380416
7416
6125
6875
5083
6625
5500
5625
5834
4750
5958
10958
4833
4709
7292
4709
4708
50675792
6895333
8500
37310791
41605500
16252666
7208
976667
7584
7458
10458
5584
6084
6334
4750
8875
5875
4500
11500
9083
4792
4708
5833
6083
6500
5125
6541
4708
4958
8541
1381458
7375
5625
5583
6250
4875
6333
4625
4750
4667
10458
9416
6000
5833
4667
6042
4750
6833
5333
7167
5000
4791
10167
5375
5208
4666
4458
10542
4667
4750
4542
4667
5584
2236916
6584
5542
5542
6209
4459
6125
4625
4667
4667
7792
8917
5375
5792
5917
4791
6208
4750
11625
5133542
6334
5791
5791
4541
6167
4583
5500
5625
5750
4625
10375
4791
4625
4750
6792
4666
4458
4750
4625
4666
4958
1603834
7125
5583
5584
6292
4833
6250
4875
4709
4916
7208
9208
6084
5708
4625
5958
4709
10009625
10875
6334
5542
6208
4667
6209
4833
4750
4750
13042
10083
6000
4667
5959
10625
4792
3126250
7459
5583
5542
5667
5875
6250
5666
4875
4833
7167
9250
5833
5875
5000
6042
4791
4709
4750
6667
5000
7661458
6583
6083
6125
4917
6250
4875
5792
5875
6625
4750
10833
4959
4875
4834
7125
4875
4875
4834
4750
4708
4833
8625
8875
4917
5875
4791
4791
4833
4750
4667
6250
4792
428000
6833
5959
4667
6375
5125
5125
5208
7208
4750
4708
8833
4875
359799750
23083
7958
7459
4791
11500
191285542
178081666
211295500
144412000
13417
8375
7250
5083
8959
5625
6166
5875
5417
6291
13458
5000
4583
9416
11339167
831750
7375
5542
5833
6875
4584
6792
5791
391112125
509760959
614472583
2984167
304220208
12083
7666
149252834
12375
7125
7458
4834
7583
5125
5916
5792
6542
68477375
77197458
321451125
12458
7667
8208
4958
8250
195431667
325848708
131491166
9208
5167
5083
2750
5375
3041
3167
4041
3875
3334
573748917
13709
108265250
13125
8917
7416
4791
7375
4833
5709
5834
5667
4708
13791
5000
4750
4583
8750
4500
4500
4542
4500
4625
4875
8083
8500
4792
4709
4834
4792
4791
5250
4708
17792
5625
8791
5958
4583
6291
4750
4750
4708
7291
4917
4667
4833
9833
4708
4500
4792
8334
4792
4625
4708
4708
636417
8208
6208
4708
7000
1117167
9875
5833
5625
5750
4667
6209
4709
4708
4709
8125
8958
4709
4792
5167
5875
5875
4750
6042
4834
12583
8236000
10125
6041
5625
5750
4834
6125
4750
4708
4584
7833
9541
5625
5958
5458458
9583
5959
5625
6000
4792
6208
4708
4750
4709
7042
9042
5500
5791
6000
63245208
92525625
12416
9625
7834
4959
8000
5083
4625
6000
5791
5916
12875
6500
4875
4750
4959
7750
4750
4541
4792
333931208
307158750
36085125
75189875
169787333
13000
8292
246206375
13042
517542
417370750
12875
7958
34766875
391238417
12417
137936500
63991000
28714000
364304625
219972708
179085875
11166
8500
8250
4916
7291
4916
5541
6083
5875
5000
12750
4833
4625
4625
9708
4708
4625
4750
4583
4500
6500
11875
37583292
1078362208
201824250
515035416
12875
8666
7458
4708
7750
131517917
10625
7250
7333
180258500
103325208
406439542
12167
90096333
316948625
61862958
83440500
82831833
276861667
11916
314131750
614387042
409276333
411834458
12458
7459
7333
409806833
169688167
12583
7667
7791
5000
7792
5334
5458
5625
5625
4834
14042
5292
4708
4541
8042
4208458
11275292
8042
7333
7208
4625
7209
4750
5584
5708
5875
4625
13083
4959
5566584
10167
5792
6917
5750
4625
6333
10579750
6292
6000
6042
4542
6167
5709
5625
5625
5666
4875
10125
4708
4791
4667
7208
4708
4667
4584
4583
4584
6542
8375
9500
4916
4583
4667
4625
4875
17917
5079666
7917
868208
9917
5792
25717791
8792
6708
7042
5000
6708
4875
5834
5750
6250
4917
11500
14310959
7417
6166
5958
4792
6916
4792
5417
5833
5958
4708
11000
4958
4750
4791
7500
5125
5042
5000
4667
4792
5500
7916
8500
4917
4625
4584
4792
4708
4584
4667
5458
4667
8333
4666
4708
4625
5583
5583
5916
4833
24477875
7166
6875
8041
4708
6209
4792
5667
5584
6542
4708
60239625
7750
6667
7042
4875
6500
4792
5500
5625
5625
4708
12125
4916
4625
4750
7458
4750
484292
7000
5416
406334
13470792
7042
6500
8708
5208
6541
4750
5541
5625
5791
4750
11875
5042
4750
4583
7416
4833
4750
4625
4541
4791
5541
8292
9750
11523375
457749708
96364334
110066209
307228792
12125
8000
8042
4834
7916
4750
4708
5667
5750
5959
13083
6375
4708
4583
4625
8041
4708
4584
4709
4583
4958
11750
4709
9542
4792
4708
4875
11333
4750
4750
7708
4417
4583
4625
4709
9458
4750
4667
5375
5792
6250
4792
6167
4709
4583
12542
7166
6000
9041
4875
4791
4542
4708
4667
7791
4708
8375
19792
4958
4583
4708
4708
4667
4541
4625
4709
8334
9333
4791
4542
15583
8542
5041
4709
4750
4709
8334
7875
8417
4875
4584
4542
4500
4759459
9375
6167
5833
5666
4750
6097792
710625
6709
5250
5667
6039667
6917
5625
5458
6125
4979375
6875
5584
7235125
8958
5667
5709
5916
4750
6745042
15500
15709
6125
5625
6000
7042250
13416
11750
6083
5625
5708
4750
6903375
6875
5417
5584
5625
4625
7035500
5125
3209
3542
2875
4458
2709
5952750
4875
3083
3125
2416
3458
2417
5945375
8417
4791
2875
2875
6068958
4875
6920667
4042
3584
3833
5966375
3916
3167
3334
3333
6947417
14084
6250
5723833
6000
5875
5996667
1306459
6792
5459
6901167
7667
5375
5500
5958
6979250
12541
5917
5542
5833
4708
6978250
6917
5541
5750
6000
4834
5930333
6917
5500
5500
5791
4750
6964042
12375
5959
5750
5875
4708
6939292
6792
5500
5584
6000
5944250
7045750
9500
5792
5542
5958
6031875
7625
6541
6042
4834
7708
6868500
13167
6500
5625
5625
53551834
7333
6875
6667
4750
7000
4667
5625
5792
5750
4542
20500
4917
4750
4750
9250
4625
4708
4750
4625
4500
7333
8542
9708
10834
4958
4667
4625
4666
4667
4666
8500
4750
5208
5542
9583
14188167
1643958
160633041
410641250
411314833
12708
8167
8166
4875
7750
4750
5416
5666
5875
4791
19250
5500
4625
4708
8083
4875
4667
4541
4667
4625
4958
8542
9833
4750
4667
4625
4542
4625
4750
4709
5042
4667
7958
5458
5541
5667
4625
6375
4750
4583
5000
6875
4958
8416
4916
4666
12541
4666
4708
15542
4833
4750
10000
4792
4667
4625
6334
4709
4667
4625
4792
4708
4750
8208
4959
11583
5958
4750
4750
8875
4750
4667
8292
8500
4750
8000
6125
8959
4958
4750
4667
4583
4667
4709
4458
8125
10667
49017792
462872125
306541833
12375
7625
7417
4708
8000
4750
4750
5666
5750
5667
14334
6417
4625
4666
4666
9416
4750
4750
4542
4625
5625
8125
4834
9542
4625
4584
4583
4708
4916
4666
4917
4833
8042
4750
4750
4708
4625
4666
5375
5583
6250
4500
6291
12625
4833
4542
18208
5125
4792
4792
4584
4709
4666
4708
7916
4791
4625
8041
4625
4625
4625
4542
4750
4500
4541
4583
4833
4750
7541
4708
12625
4875
4833
4625
4709
4667
4667
5500
4583
8083
4709
4584
4625
4583
4625
4708
4708
5584
4750
4625
7833
4875
4458
4542
4625
4541
10833
407920417
11917
7458
20884750
8083
7542
8709
4916
8292
5583
5958
123186750
6620208
142361458
12541
8208
1616291
5391917
10083
7719000
11541
183097209
737108875
59176500
10292
8292
7500
5042
7541
8333
5875
6125
5958
4792
14083
4958
4625
4708
9541
4916
4583
4584
4500
4708
5750
8000
9167
4875
4708
4667
4708
4750
4666
4750
4875
4708
14333
5916
5917
4792
6792
4875
4833
4708
7792
4791
4792
8000
4709
4791
4916
4625
7917
4792
4625
4750
4708
4959
8208
5250
12208
10083
4875
4917
4625
5250
4708
5000
11333
20292
5625
4750
4708
4667
4625
4542
4625
4625
4625
4708
3401375
7833
6625
6792
5500
6584
5958
5833
5833
4750
6208
10958
4916
4667
7459
4750
5084
4666
4667
4833
4791
5042
12000
9834
4833
4875
4375
5166
5750
5792
4541
6708
4667
8542
4750
7125
4875
4667
4709
2441792
7667
6542
6333
4709
6500
4583
5750
5708
5708
4542
11708
4833
4583
4625
6916
4709
4750
2358708
7917
6250
6000
4875
6667
4667
5667
5875
5875
4708
11166
4958
4750
4667
6959
4792
4583
4667
4666
4667
4875
8584
8625
4791
10625
698333
7875
5416
5375
5750
4667
6167
4583
4458
4667
7209
24792
7042
3237250
825625
7000
1875958
4480209
28919375
8000
812848500
13625
8375
7916
4750
8041
4584
5583
5667
73975750
540327084
19434041
27224917
8167
7667
9166
5209
11708
977260625
14208
7833
7666
5042
9000
6250
5959
921552125
12666
8125
7542
4916
7458
4958
5542
5917
306939083
22166
716892167
197021708
929365667
723143250
12708
9167
8250
5000
8125
5333
5041
5500
5791
5792
13458
6500
4750
4708
27866542
580011334
12709
8042
7750
4834
8125
34385333
332686167
124784125
13375
8917
7375
5000
7750
5042
5750
5875
5917
4666
14959
5125
4708
4750
8459
4833
4708
4666
4541
4625
5542
328894209
12584
7583
8083
4791
8458
4833
6042
5833
5875
4625
14541
5042
4750
4708
8750
4792
4583
4667
4541
4625
5084
9417
8917
5083
4625
4625
4709
15625
5459
4709
5500
5334
5708
5875
4750
6417
4792
4667
8250
7083
5166
4833
4708
4708
4625
11625
4916
8208
4833
4833
4708
4708
4750
4833
4792
4709
9250
4666
4708
5000
4500
4583
4750
11375
4833
4708
4916
8291
9167
4792
4834
5000
4500
4750
4708
8709
5625
4709
4667
4583
4750
4792
11000
4917
4708
4625
5333
4625
4750
4625
4542
4750
4500
7833
4750
18917
5459
4708
4667
4583
4750
4708
4583
4708
8458
4833
137375
5125
4625
4709
77583
6125
5750
5750
4917
6250
4875
4584
4500
6833
5125
8083
4667
4625
4541
4791
4625
10500
4917
4625
4833
4792
10792
4875
4625
4708
4667
4666
4583
11958
142375
15791
5500
12500
5083
4875
4750
21801625
14938250
2966042
51367000
519947292
308793833
13458
8917
15333
8958
9292
10208
10458
35924833
95088667
103167375
480966708
44792916
298463208
453691042
329367917
59418375
110109417
342418084
409639000
511923083
614273042
13041
9000
7750
5083
8708
4792
5625
6125
5958
4875
18542
5000
4750
4667
9458
4708
4666
4833
4750
4666
12833
11000
9333
4708
4667
18378792
35839542
197308167
189732083
582628583
183589667
139070792
498560125
79390791
140867750
494422750
614347250
4736083
57075709
54161583
187756458
12459
8208
8042
4750
9292
5708
5750
5750
4875
6167
14708
5041
4666
9375
4750
4834
4917
35191125
23932958
251279791
16774083
30960125
6980583
49383667
204622667
13208
8500
7750
38961000
183972541
287474042
24759750
202755333
463200625
642659875
61123458
39701541
93313375
315610667
614356167
126924375
114231125
22512042
200172750
764848792
409515625
19292
512082042
58513334
106004500
142089375
307772250
1638407375
923403250
12709
8125
7542
5167
8042
5208
5583
6291
5791
4750
17583
5000
4750
4875
8875
4625
4666
4708
4833
4583
4792
8125
11833
4833
4708
4709
4625
4792
4583
4666
17375
5792
10625
4791
6417
4750
4750
4625
6916
5250
4875
4875
13000
4834
4791
4667
9709
5167
4791
4625
4709
4792
4667
8333
4792
4625
5834
4834
4666
4750
4875
9875
13167
5291
4584
4625
11417
4833
4792
4666
4459
4458
5208
4625
11000
8917
6084
4666
4584
4583
4709
4750
4625
4834
8375
8333
7167
9000
4750
4750
4667
4583
4666
4625
16875
9958
6250
4833
4750
4750
4666
4750
5000
4667
5042
4792
9625
4833
4916
4708
4709
8458
8292
73792
5500
5208
6833
4958
4792
4791
4667
4708
5708
5917
9375
4792
6500
4792
4625
4583
7750
4709
4750
4625
4625
8209
4833
4833
8292
4750
4958
4833
4750
10667
4875
4625
4625
4750
4667
4750
17833
4708
4875
4666
14417
4958
4750
4541
4708
4500
11667
4750
4667
4666
4667
8084
4750
31531167
3823416
268771792
614294958
81289125
637070292
23041
7667
7625
5084
85802083
799627084
50529250
291102458
10458
7541
7584
4792
7542
5084
5208
5584
48007208
26679250
7375
7917
10917
71072125
172955875
254258500
12000
7334
7459
5084
44380292
306187542
1329499042
138193417
12708
8375
7542
5000
7583
6083
5750
6000
5250
6166
14250
4959
4625
8667
4541
4666
4667
4709
4542
4583
5375
12500
4917
4750
4792
4667
4750
5209
6250
5708
5042
6458
8958
4959
4584
7084
4667
4541
4833
15294625
71739625
10750
8041
7250
4792
8208
4792
5500
5750
5750
4750
16750
5000
4833
4750
10833
4708
4708
4541
4583
4542
542375
7125
5334
5458
5834
4834
12917
4792
4708
4709
7458
9750
1002073125
409580666
74478708
539735458
20250
31752792
128523250
462974583
1117600958
821334667
817096417
168939833
148915208
20910250
45594917
14345750
41742584
481081333
309295125
494580208
67229417
806149708
1313745834
132372917
83781750
62520458
313671333
20334
35882417
7875
374000834
13125
15083
7542
8834
9291
190622625
10541
166547792
11958
7833
7875
5208
8167
5584
5833
5708
4750
5958
15000
5000
4584
10542
4833
4625
4750
4708
4666
4666
61141917
9417
400636541
409706625
10583
5875
5833
9730750
1862750
128157750
478566000
54112458
351444750
109773625
1221337625
19084
74223791
96462541
127889167
422961875
12042
7875
8416
4625
7375
4791
4708
4500
5625
5708
13583
4916
6041
4792
4667
4791
9292
4917
4750
4750
5542
8041
4834
4625
10500
4750
4541
4666
4708
4458
5541
4666
9583
5000
4875
4667
4667
4625
4834
4584
27084
14333
5666
5833
4709
6417
4541
4750
4584
6708
4791
4666
8083
4792
4750
4667
4542
8375
7333
4792
4750
4791
4708
8000
4916
4541
4625
4917
13041
4916
4625
4667
4791
10208
4666
4708
4792
4792
5875
7875
4791
4750
4542
4667
4667
4667
4625
4708
6166
4875
7875
4833
4625
4541
4541
4583
4667
4625
5834
4667
4625
8042
72542
5167
4667
16084
4833
5041
6250
4625
4667
4625
4625
7958
4833
4750
4584
4667
6709
4750
4750
4666
4583
4792
7708
4917
4584
4584
5458
4667
4625
4542
4792
4792
4584
7750
4750
4667
5667
4833
4708
4541
4750
4666
4666
4708
8083
4791
403709292
11750
8041
7583
4834
8250
5000
4625
6042
5917
5958
17000
6250
4792
4792
4833
11958
4625
4625
4625
4708
5417
9042
4834
9666
4750
4791
4750
4791
4750
4708
4792
4708
716908167
24459
8125
8042
4666
410684250
28708
8166
7459
5333
13583
6042
5834
4542
7250
4750
6208
9125
8666
4791
4667
4667
4750
4583
4708
4709
16500
5708
9083
5833
6209
4750
6166
4667
4667
4625
7041
4875
4750
8292
5041
5000
4667
4709
8125
59184166
7709
6875
9416
4916
17125
6208
5666
5750
4916
6167
10583
4833
4583
8542
4583
4708
4708
4584
4708
4708
4791
12750
4791
4709
4833
4792
4750
5208
5542
5834
4875
31749250
7167
7000
6958
4792
6625
4792
5667
5750
5833
5042
10667
4834
4750
4667
7583
4666
4708
4500
4708
4625
4750
8250
8416
4791
4667
4750
4750
4792
522818750
26333
8750
8292
6416
5750
6458
5833
8917
5459
4917
5583
13250
5084
4625
4750
4750
8208
5625
13334
6291
5000
6209
4792
4917
4667
6541
4834
4792
4791
8042
4834
4625
4708
10417
4667
4625
4750
4583
4667
4708
7791
4750
12625
5542
4625
4667
4541
4750
4708
12541
4833
4625
4792
14125
4666
4666
4666
4708
4708
4709
4584
4834
4750
5917
8333
4917
4750
4625
4791
4583
4625
4542
4542
6042
4583
8000
4833
4666
4625
4542
4334
21709
6208
5917
5750
4667
9708
4833
4875
4708
7167
4791
9375
4791
4708
4667
4708
11250
8375
4750
4667
4500
4625
5083
4500
4583
4625
5875
8250
4750
4542
4708
9792
4875
80708
5083
4708
6333
4708
4708
4709
5167
4625
4625
4542
8000
4750
5834
4625
4500
4625
4500
4667
4584
4708
4625
7667
6917
4666
4708
4625
4583
4541
4541
4541
4791
16625
9834
4958
4625
4708
4667
4792
4792
4667
4667
83526333
732335000
78229500
142970958
905601333
1231300958
509464042
116905125
397198875
184480833
325940542
110304292
206012000
604616291
80440834
636370042
46322375
363188583
161984750
1066855959
716754083
388527708
70704625
462351041
480227416
12667
8542
8000
5292
8083
5375
5750
6166
6542
4709
14750
5125
4833
4791
9583
4792
4833
4709
4667
4834
4958
8125
9292
4625
4500
4625
4583
4459
4750
4708
5875
4583
8375
5458
5792
4792
6250
4459
4792
4708
7041
4708
4709
7792
4708
4542
21625
4917
8208
4750
4667
4750
4625
4667
8209
4750
7167
4833
4625
5000
4708
4541
4708
5084
12000
12334
5917
4792
4625
4667
4667
4791
14917
10459
5417
4542
6583
5083
5250
4625
4792
4584
4584
4500
8666
331292
10458
5125
5125
4625
4750
4750
4666
4625
4542
5584
10750
6583
4792
6292
5083
4625
5125
7125
4666
4625
4875
8208
4917
4667
4583
8292
5083
4583
4875
4459
4583
4584
8417
4667
1077250
7334
8042
5083
4750
4833
4584
12708
4958
4667
4917
10375
6792
4708
4833
4708
4792
4750
4792
4792
4792
2434208
5542
1410208
7000
792709
7500
4625
4125
4334
3583
5792
3667
3334
3459
6125
6875
4959
4792
4416
3500
5542
3958
3500
3417
5375
3375
6250
3750
4904625
9792
6000
5583
6000
5992917
7708
5916
5625
6042
4792
6458
4916
810167
9083
5142875
6875
5917
5667
6042
4792
6166
4916
6314833
21334
7041
6041
4666
5542
12292
5708
4584
6125
4792
9458
4792
10546083
8292
5667
5584
5834
4875
2909417
9291
5791
5625
5750
4750
6083
4625
4750
4625
783667
1784750
12667
6625
19125
6667
5834
4709
6167
4750
4667
4917
13375
4875
4750
12083
5834
5917
4750
6209
4625
5000
4916
3219375
6834
5500
5541
5792
4625
6125
6041
4708
4583
6958
9166
745125
7291
813333
2290250
6542
5667
6042
4708
6208
10333
5500
4750
5375
5584
9834
4791
6250
4708
4750
4667
6875
4791
4708
4708
4833
8417
8000
4750
8750
4667
4834
4667
4625
4500
5875
4750
7875
4917
4666
4833
4750
4625
4833
4708
14333
4750
5500
9000
5750
4750
6458
4667
2652834
7042
839292
6875
5833
12971292
14208
11000
6667
6417
6375
5834
7458
5166
4625
5625
11292
4833
4709
4750
4583
4667
5541
5666
5959
4875
6417
8042
6041
4667
7250
4667
4916
4750
5000
4750
4666
4500
12375
5000
4750
4667
4750
4792
4833
47099083
3870500
13042
8792
5542
6167
6500
5917
7667
4584
4708
5666
3898125
13084
6916
5334
5625
5667
4750
6042
4750
4750
4958
12292
822959
2992833
6792
5584
871041
6916
2142000
6583
5834
10333
651083
16307792
7125542
6417
6542
12917
4791
11334
6041
5667
5875
4625
6125
9125
4708
4541
7000
4667
4667
4791
4833
4667
4750
6042
12708
4792
4792
4625
4792
4625
4833
5292
5625
6083
4791
9750
4834
4750
6000
6750
4708
4875
4833
4875
4750
4667
8084
8167
6083
4917
5917
4625
5208
4583
5125
4584
4625
10834
17948500
20826125
4724125
155086667
54070458
136889208
259563292
183722167
272474667
171412375
6409709
42158166
391856042
59158625
352538375
12458
8625
13291
6583
5333
5500
7458
22387667
282393292
98806375
196748583
138407791
286173958
304217042
20708
921239292
94762625
417065958
12458
15667
309390417
65462958
683156541
354143792
322929833
824838292
195143875
316873791
204091000
12625
7542
7250
410291917
124546917
1224000
13917
6208
5958
9000
5125
8958
4792
4625
4625
17750
9917
6042
5750
4750
6125
4750
4625
5083
6833
5083
4500
9750
4750
4583
4875
4792
11959
4667
4625
4625
4666
7500
8250
4666
4708
4541
4416
4750
4584
72170834
521131291
20458
408719541
24625
7791
7917
4750
8917
5916
6292
6375
5291
6000
6916
8958
4791
9584
4750
4541
4750
4750
10833
4750
4958
9500
4667
4875
4750
4750
5250
5500
5708
7958
6833
4625
4458
4666
6708
5208
4541
4791
4708
4625
8125
4667
8250
4834
4667
17250
5375
4709
4792
4666
4666
4708
9208
4791
4750
7208
4792
4792
11875
4708
9375
4833
4666
10292
4917
6167
4583
4667
4667
4625
4667
4625
4625
4792
8291
7000
4791
4584
4709
4708
4542
4667
12542
4792
4708
5708
4667
4792
4500
4708
18666
4875
4500
8125
4833
5834
4625
4584
4750
4625
4583
4542
4500
4750
7875
5666
4584
4625
4583
4625
4625
4583
4500
4583
4583
10000
3194458
4625
3792
3708
2750
3916
2584
3375
3291
3333
2958
7500
2875
1325368125
214864209
226973917
786904417
223128375
391610917
13250
15208
12042
15333
6333
5791
4625
13250
5125
4875
5459
8375
4584
4542
8916
4875
5250
5625
5917
4667
14375
4750
4625
16125
7250
4625
4500
4625
4500
4584
4583
8459
8625
6708
5125
4709
4708
4625
4584
4708
4834
4709
8500
5792
4584
4541
4583
4625
12917
4708
4584
12375
4958
7166
4541
4500
4625
4667
4791
4667
4750
4750
7958
5750
4709
4667
4667
4584
4667
4667
4667
4625
4625
30292
5917
6042
4542
6125
4541
4500
4625
7125
4583
5000
7916
4667
4625
4625
4584
8542
4875
4625
4584
4500
4625
7542
6125
4917
4791
4791
4959
4833
4583
4625
4791
10750
10125
4875
4625
4583
4541
4750
4625
4792
4708
4708
5875
7917
4666
4500
40917
5083
4625
4584
4584
4625
6125
4666
4667
4667
4750
8125
4667
4542
4708
8833
5792
18125
4708
11583
4750
4625
4584
4667
4583
4791
5958
4792
4625
4625
7666
4667
4459
4625
4541
4666
5583
4583
4583
4750
4584
7834
4542
4625
4708
4708
15875
4709
4667
4625
4583
12125
4833
4792
4750
4583
7833
4709
4625
4667
4708
4666
7959
4792
4708
4750
7083
4709
4625
4666
4625
4750
4791
8125
4875
4792
9291
4792
4834
4750
4666
26458
4583
4542
7958
8917
8958
8500
8292
9917
4666
4708
4916
4750
4667
4708
9958
4667
4625
4709
8333
4666
4583
4500
4583
4542
15208
4709
4625
4541
4667
4875
4541
4584
4417
4500
11584
8291
4708
4584
4541
4666
4625
4625
4709
4625
8959
25208
5042
4584
4833
4500
4666
4541
4791
4541
9041
4708
8041
4542
4666
4667
4625
4625
4709
4583
8791
4792
4750
8250
4833
4584
4750
4709
4625
4666
8584
4542
4584
4583
8250
4667
4666
4667
4500
4917
20000
4708
4667
4542
4458
4542
4541
4500
4583
4666
8125
7959
4708
4625
4541
4750
4750
4625
4708
4750
7000
4709
7875
4875
4583
4708
4792
4667
4625
4625
8333
4792
4500
7750
4958
4917
4625
4666
4625
4667
7666
4709
4708
35625
5833
3333
3458
2833
3625
2625
2791
2708
4334
2750
2750
4541
2750
3083
2791
2708
4792
2709
2625
2666
2750
2709
4667
2917
2750
2750
2625
2750
2708
39792
3375
3000
8083
3042
2708
2625
2875
2709
2875
3208
5625
2833
2791
2875
2667
2667
2750
2792
2708
2625
2917
4500
2875
2958
2667
2708
2667
2792
2750
2667
2834
2583
4459
7250
9208
2708
2750
2708
2667
2750
2750
2667
2750
8458
2750
2625
2584
2625
2667
2666
2667
2625
2625
5792
4584
2750
2625
2666
2625
2792
2667
2834
2666
4000
2667
4625
2709
2708
2666
2583
2709
5250
4916
114541041
396363875
11833
8042
15166
5042
7375
37420458
369985250
162290583
109635542
39704250
10417
7458
7833
5084
8709
5583
5750
6041
4667
6125
17750
4875
4625
8833
4708
4750
4625
4625
4458
4709
4750
11792
4958
4667
4625
4792
5375
5500
5584
4792
6792
4625
8042
4916
7084
7125
4667
4500
4750
4750
4625
4708
8000
7833
4834
4750
4625
4625
4541
4625
4667
4750
4625
4583
7791
5959
4583
4625
15958
4708
4541
4583
4625
4709
4417
8375
4792
4583
4666
4458
4500
4542
4583
4417
4375
10792
7917
4667
4667
4417
4625
4625
4541
4500
4500
5542
4500
7792
4625
4667
17375
4667
4708
4584
4708
7083
4708
4542
8375
4708
4667
4500
4500
4542
4708
5542
4500
4666
4750
9125
4916
4500
4459
4583
4500
5750
22833
6625
6375
4583
6125
4792
4709
4625
6708
5084
4625
8667
4791
4584
5292
711070209
20375
103759250
408363542
400253042
148732583
782159875
821360667
714484458
20334
309340667
509837625
172738208
138046416
130885292
480045000
7760333
29561459
7292
7708
7834
4875
8792
5792
6167
6000
5542
6541
15375
4916
4708
9666
4958
4833
4584
4708
4750
4792
16292
13000
4792
5250
5625
5833
4708
6416
4625
4666
5000
6750
8208
4875
4667
5833
9875
4708
4584
8000
4792
4625
4625
7750
4750
6375
4750
4584
4750
4541
4708
4666
4958
4666
8000
12625
5167
5083
4792
4625
4667
4709
4625
4625
4625
9625
4791
4541
4667
4541
4666
4583
4625
4625
4792
6959
7875
4833
4791
4750
4666
4667
4583
4541
4708
6917
4667
21875
4875
4708
4833
4750
51946917
203316167
323301083
187375542
91981416
131093041
10167
1327931375
24625
8125
8250
4750
8625
5917
6959
29694375
45953084
115253375
11500
9000
167980958
54832334
26867458
166210458
519536667
307258041
13333
8125
7583
4708
7917
4792
5708
5834
5875
4625
20042
5125
4750
4667
925333750
13042
8875
7833
5042
8000
5667
5584
5750
4708
6000
12000
4875
4792
7916
4666
4500
4750
4625
4583
4583
5333
14916
4875
4750
4792
4625
4708
5291
5583
5541
5042
6459
8000
4750
4708
8708
4583
4708
4584
4417
4542
4750
4584
11583
4667
4834
4708
4625
4625
4625
4792
4792
4834
4667
7958
4875
4667
4709
4750
12334
4583
4667
4625
4583
4708
8167
4750
4666
4834
4708
4666
4625
4625
4750
4625
4625
8458
4708
4625
4666
4666
4709
4667
4708
4625
4875
4709
10958
4709
4375
4500
17625
4708
4625
4625
24625
92753250
721822916
98255417
121563917
20250
7916
7500
4791
8416
4709
6083
5875
5917
4875
14666
5375
5042
4666
8166
4791
4750
4750
4792
4750
5041
8542
8500
5083
5000
4833
4792
4708
4666
4625
5375
4834
8584
5708
5875
4666
6500
4792
4959
4667
7084
4750
4916
7833
4709
4708
4750
4708
8125
4708
4625
4500
4583
4625
8042
4917
5167
4875
4625
4625
4625
4667
4667
7416
11875
8625
4958
4833
4583
4791
4583
4667
4750
4666
4917
4541
8333
4834
7709
4750
4666
4708
4583
4625
4833
4625
4709
8250
4625
4625
4958
4917
4625
4625
4625
4541
16625
4625
8375
4917
4708
5083
4708
4583
4625
4667
10334
4833
4667
9166
4750
4625
4750
4708
4666
4542
1895750
9417
3958
2750
4875
2709
2750
2750
4166
2625
3083
6375
2708
2750
3000
2708
5541
2667
2625
2708
2834
2750
4541
2875
3375
2750
2791
2667
2625
2750
3250
2709
6666
2875
4916
2917
7083
2750
2750
2709
2750
2750
2625
2666
2667
4666
4125
2709
2667
2667
2709
2625
2709
3167
3375
3458
5083
3750
2709
2708
2708
3917
2916
2750
5371708
19751542
161667959
115491167
260344333
445340042
509943166
1127198125
13167
8458
7875
4792
8958
5208
5625
6250
5667
5500
17750
5042
4834
4667
9208
4792
4500
4625
4792
11292
10083
4958
8417
4792
4625
8458
10083
4542
4875
4583
5458
5375
5709
5792
4667
6459
4625
8208
4750
13584
5167
4709
4667
4833
4708
4708
13208
8208
4583
4750
8250
4791
4666
4625
4750
4625
5958
4750
4625
4625
4833
8250
4750
12208
4708
4791
6166
4667
4541
4750
10333
4833
4833
4625
4667
4708
5875
4583
4458
4666
4625
8000
8292
10917
4750
4584
6750
4709
4542
4542
4542
4458
4583
4833
8042
17500
5750
4750
4625
4625
4708
4708
4666
4458
73417
5042
6541
4709
5292
4791
4625
4666
4625
4833
4583
7917
6208
4500
4500
4500
4625
4542
4584
4417
4625
4667
9083
4541
4708
4750
4584
4500
4625
4625
4666
4583
5542
8333
4625
5500
10750
5834
4666
10792
4625
4625
4958
6875
4667
4500
4917
4709
4541
4542
7959
8208
4792
9500
4833
4750
4584
5083
4708
4625
4625
4583
4708
4708
7917
4708
4834
16708
4833
10583
4709
4708
4834
4584
4750
4542
4750
5792
4875
4541
7792
4750
4459
4625
4541
4708
4750
6417
4542
4792
4583
8000
4666
4709
4625
4708
4750
10417
4833
21584
4875
4666
4625
4791
4583
4625
4667
6709
4666
9541
4875
4708
4833
4667
4750
4625
4750
6375
4709
4458
8083
4708
4834
8834
70740667
8864625
7000
7292
8667
4833
7083
4959
5584
5958
5875
4875
13959
5042
4792
4625
8083
4708
4875
5000
4750
4875
4875
8208
8458
4917
4833
4875
4958
4708
4917
4792
5000
4708
9084
5709
5542
4875
566291
6041
4792
4750
7792
4750
4583
4666
4750
4792
4833
9166
8750
4709
4750
10625
4958
8003125
12000
7084
6666
4667
6417
4708
4583
5625
5750
420681625
12542
7917
829436792
13041
8209
88473583
12791
8000
7250
4834
7583
5417
5708
12292
5708
5750
13125
5083
6459
55458
6500
5959
4709
7250
8292
4791
4791
10250
4709
4833
8084
4958
4750
5083
4959
8916
4791
4625
4667
4792
10292
9208
5416
5625
6083
4625
6167
4709
4542
4792
6750
4750
29531708
1271417
7625
6875
7083
4833
6916
5708
5792
12500
5000
6167
10667
4917
4625
7250
4875
27050209
194860375
7917
4625
3958
2208
4125
2459
2541
2459
467902958
11959
8542
8209
4833
8750
4708
5709
5625
6583
4791
13375
5125
4667
4625
9209
5250
4750
4584
5000
5042
5250
8458
9708
4833
4708
4667
4625
4625
4667
4708
6542
4625
10625
5750
5709
4750
6458
54702000
353888958
699884125
12209
8458
7625
4875
9542
5083
5792
6167
6000
4708
13750
5250
4667
4584
8333
4708
4709
4584
4500
4709
4834
8208
9250
4916
4833
4709
4792
4666
4917
4708
5000
4792
8083
5500
5666
5625
4708
6375
4625
4667
4958
6959
4750
10209
4833
4667
5417
4792
4709
8584
4875
206792
7084
4750
4583
4584
5083
4667
4792
4625
4583
4583
8916
4958
4584
12458
5417
4708
4667
4542
4666
4666
4750
8083
4834
4709
5458
4792
4667
4667
4625
4500
4708
4625
8333
4625
4666
4459
4542
4625
4625
4542
4667
168348500
359527167
24334
7792
7334
4916
5792
5959
6917
4750
10375
614416834
74871375
11542
669792
13250
6416
60565500
28504834
859352042
12375
7833
8000
5292
7625
4875
62703875
5792
4041
4041
2334
4125
2375
2666
55079833
95025792
298977459
308899958
11875
7875
7667
4916
7583
4917
4875
5667
6458
6208
11959
6417
4583
4750
4708
8625
4708
4708
4750
4500
6042
8041
4875
9250
4708
4709
4542
4750
4708
4625
5583
4666
7709
4625
4584
4667
4667
4666
5333
5542
5958
4666
6375
7709
4666
4667
6750
5292
4625
4583
5250
4500
4709
4625
11000
4833
4583
4875
4583
4667
4625
4709
4708
4666
4708
8166
4708
4791
4666
4625
11958
4625
4667
4583
4459
4500
7917
5000
4542
4625
4625
4666
4625
4667
4666
4791
4750
8417
4667
4584
4625
4542
4667
4584
4834
4583
4583
4750
9625
4709
4792
4583
17833
4834
4792
4625
4666
12166
4750
12209
353328542
12750
7791
463384334
191318375
163162791
11041
7333
7792
4875
30940792
8875
6917
6541
5125
8292
4833
4584
5459
6000
5875
13750
6375
4708
4792
4667
8584
4792
4583
4750
4542
4792
8333
4791
9625
4750
868500
7500
6292
7000
4667
6417
5125
5917
5708
5583
5042
11417
5042
4666
4542
7000
4583
4750
471125
6542
5541
5625
5916
30646083
7166
6959
6375
5583
10208
5000
5042
5625
5667
5917
9458
6416
4750
4667
4625
7125
4625
4708
4584
4750
5167
8500
4666
8125
4708
4667
2010208
22417
7459
6000
5041
11334
5458
4542
5458
5583
5625
9209
6375
4625
4417
4625
7042
4625
4708
4792
4625
4875
8250
4791
8375
4625
4625
4708
15955375
851375
7167
586762375
13166
16375
199728875
314456625
517256334
13417
8208
7625
5167
7375
5208
5708
5583
5708
4709
14083
4958
4583
4625
7583
4625
4666
4625
4625
4541
4792
8041
9083
4792
4666
4750
4708
4791
4667
4791
5625
4833
8041
5542
5542
5834
4709
6417
4834
4625
5000
6958
4625
7708
4792
4834
5958
4792
4584
8084
4792
4750
4708
4708
10250
5042
5334
4834
4500
4792
4625
4750
4625
4583
362375
41143417
5750
4084
3416
2084
4333
2042
2292
5708333
5500
2958
3167
2500
2958
2000
97438333
52871209
1023488416
24474916
8500
9000
7292
5125
7708
5792
5750
6166
5584
7333
10875
4916
999346125
12459
7375
7959
4583
309225958
160306959
189922916
12417
8500
7583
4750
7416
112872959
353874833
171395417
6458
2667
2625
3083
2125
3583
2125
2083
2125
4125
5000
2333
2500
2416
2000
2583
2041
2000
2041
3208
2083
4042
2084
2000
2125
2083
1875
3500
2000
1958
1875
2083
3250
1875
2083
1959
2042
2125
2084
2000
1875
2166
2083
6250
2125
2041
1875
1875
1834
1834
1875
2125
1917
1958
3708
1917
1834
2000
1833
1875
1917
2459
1959
1958
2042
544998750
13833
6791
57456542
456815792
15976625
17583
7541
7917
5125
7250
288983541
512030625
173211292
645991750
308770792
7334
3333
7917
1958
2750
2083
1791
1833
4917
2042
5875
2459
2250
1791
2292
1750
1875
1750
2625
1792
1916
3125
1875
1834
1875
1833
3250
1792
1792
1791
1833
1792
3041
1916
1792
1750
1875
1750
1750
1833
1833
1792
4292
3041
1833
1792
1750
1750
1791
1833
1917
1833
1750
1792
3875
2333
2250
1750
2333
1833
1916
7541
197785042
723703625
12334
10542
7458
4625
7542
4709
5625
5833
5791
4792
16708
4916
4708
4708
8750
4708
4542
4667
4666
4708
11875
8750
8916
8250
9083
4833
4750
4792
7833
12542
6458
4708
6417
4750
4500
4750
6917
4834
11167
4958
4541
4583
4667
4625
7916
4583
5041
4667
4792
7958
4875
4708
4666
4541
4583
4750
5708
4708
4625
4666
16291
4875
4625
4875
4959
4750
5958
4542
4625
1228583250
612207833
13334
7958
8042
73123583
10625
7042
201919416
575205541
480968708
307134042
409591125
411716959
24875
53906959
1343958
8375
3785000
13166
6000
6167
11167
4958
8292
4833
4625
4625
9750
10125
6167
5916
4750
6375
1712167
4260042
6666
6333
7375
6084
6500
5625
5833
5875
4708
6125
9500
4958
4667
6750
4750
4750
4625
4666
4625
4750
4875
12208
4833
4666
4709
4792
4834
4792
4792
5334
5958
5792
8666
6667
4792
4834
4917
6917
4625
4750
4750
5250
3054917
8125
6416
6333
4708
7125
4708
5625
5833
5958
4667
12708
4916
4583
4500
7625
4709
4583
4708
4750
4625
4791
8375
8458
4666
4666
4667
4708
4750
4750
9810375
11041
6292
5917
4750
6500
4791
5583
5625
5834
4708
11083
5000
4667
4750
6916
4708
4750
4458
4708
3034209
6792
5625
5666
5709
4709
6209
4750
4709
4625
7125
9167
12792
5958
4584
6208
4750
4791
5291
6708
4958
4667
8209
4583
4709
4583
4625
7958
4750
4625
4666
4792
4750
8292
4791
4583
4667
4625
4667
6751083
7958
6458
6334
1268333
9292
1830250
7821041
831958
6565958
7042
6709
6250
5209
6959
5542
5833
5917
4792
6167
11833
4917
5000
7375
4625
4791
4666
6000
4917
4625
5000
11625
4792
4958
5792
5542
4792
4584
4500
4500
5417
5542
9083
4708
6084
4500
4709
4792
6917
4667
4917
4625
4625
7791
4666
4792
8167
4584
4500
4500
4625
4625
4667
4458
8167
5583
4667
4875
11254000
7834
6500
6084
4750
6417
4833
1574916
13000
3001250
8583875
4965041
672625
7034709
10375
841542
7334
5417
752417
12676250
4702959
170417625
98979042
691030250
22708
11916
307290208
42590917
97013792
12292
632736875
353772292
307409333
12292
5083
4833
2958
5750
819088000
791956334
13375
155262000
10292
6084
8917
4000
6458
4375
4833
5208
4375
3500
10959
3625
4042
4208
6292
3375
3292
3500
3459
3417
3583
5959
6875
3459
3334
3375
3416
3500
3375
3458
3542
3500
6417
4167
4250
3250
4583
3417
3417
8125
5416
3541
3417
6000
3584
3458
5708
3459
5875
3541
3417
3417
3459
3375
5959
3583
3708
3541
3417
3458
3583
3375
3417
3334
9375
6333
3583
3458
3375
3333
3334
3500
3417
3333
3375
3417
6208
3458
3500
3250
3375
3375
3458
3458
3458
3375
4042
8375
3584
3458
3375
3292
3375
3542
3375
3333
14916
3625
17165250
3869250
2515458
174052417
86247416
157025750
258984458
194292292
820041375
91653083
318071459
32866375
9250
7416
8250
2917
3458
2209
2125
2084
2167
2125
5750
1917
2334
1834
378854667
2917
1916
1833
1000
1875
958
917
1000
1024094042
5834
3375
3292
2000
3417
612260583
7584
4708
4208
2958
4334
3584
3292
3541
2833
3625
8875
1126499417
13250
8209
7583
4708
7625
4750
5417
5750
5917
409338083
19584
5625
5292
5792
269605916
221139334
473530250
674058875
25500
7583
8334
5000
5625
6125
6583
4666
9500
5166
6250
8958
8292
4666
4584
4542
4709
4542
4417
4750
143060375
8958
7625
7416
4834
7500
4708
5625
5625
5792
4708
11750
5000
4583
4708
8042
4583
4750
4541
4542
4750
4833
9625
9167
4833
4750
4750
4833
4875
4834
4708
6333
4791
1622041
178292375
11291
8000
7542
4875
7875
4791
5500
5750
393256916
11917
8750
8166
4916
7458
5375
5584
6292
5833
4834
16375
4875
4708
4417
9542
4541
4375
4666
512062125
12083
8375
614270375
12917
8292
7666
5250
7958
5334
5708
6834
6959
4916
14208
4958
4792
4625
8250
4750
4667
4667
4583
4834
5917
10541
10458
4833
4625
4917
4792
93899542
520338458
307038541
18584
80418417
104103042
29856917
201068916
79004792
529606125
551395250
13458
8209
7875
5292
7750
5125
6084
6000
5833
4625
14666
5292
4667
4750
7833
5250
4708
4875
4708
4875
5583
11667
9167
4791
4750
4625
4750
4833
184502917
10667
7500
8083
4833
7125
4792
5667
5875
25052250
6958
5583
5875
6334
4791
571457875
