21584
14000
21791
18667
16792
21125
18666
7042
18250
28542
19625
18416
22084
8917
8417
6958
7000
6875
6750
6709
6750
6875
6833
6667
6792
6709
6875
6792
6792
6709
6583
6791
8333
6417
6667
6667
6917
6833
6625
6708
6917
6792
6833
7125
6709
6834
6833
6709
6708
6708
6791
6709
6791
6583
6792
6500
6709
6791
6875
6750
7042
7041
6875
14875
5000
4958
4958
4875
4958
4750
4875
5042
5000
6084
6167
5000
4834
5042
11000
8916
4958
4875
4958
4958
5042
5000
5375
5041
4917
4833
4958
5000
5125
4875
4958
5041
5000
4958
5125
18708
7250
6958
7541
7166
7209
7083
7083
6959
11750
7000
7000
6834
7083
6875
7042
7000
6792
6791
6917
7000
8666
8458
8334
7041
7000
7166
7208
7125
6875
7125
6792
6959
7042
7041
6875
6833
6875
12083
20208
20709
21084
16709
22875
19041
21084
23708
7375
11833
19041
7375
14709
9625
6833
6916
6834
7125
8708
7000
8416
6958
7084
7042
6917
7167
6875
7000
7042
7166
7000
6875
7000
7084
6708
7083
7000
6916
6750
6875
6875
6916
11500
8834
8333
8208
6917
7125
6958
6833
6792
7042
6833
6833
6875
7125
6792
7250
7000
7167
7000
7042
6958
8416
10125
7375
7041
6917
9750
8333
7042
6875
7125
6833
8583
6958
7000
6875
6958
7000
6875
7417
7542
6917
7000
6834
6958
6917
8708
8625
7458
6792
6958
11042
8250
8875
23084
25333
17541
21875
22083
21000
19625
21000
23917
20541
23708
23459
17084
24042
18542
23334
24291
17375
23375
22916
24875
19708
24333
24541
18333
22500
7458
20292
9250
8875
7208
7166
6750
6917
7250
8500
7042
6958
7084
7042
6875
7167
6958
6792
7375
6958
6917
6917
8375
6916
7250
7084
6833
6917
8541
8417
7042
6875
7041
7000
6834
6916
6875
6833
7000
7083
6667
6916
8375
8625
6916
6875
6917
7000
8625
15791
8791
12875
12042
6791
7167
7084
7166
7042
7083
7083
7541
6917
7167
7042
7125
6958
6958
7666
6916
7041
7084
7125
6958
12250
7167
7583
6916
7500
7709
7000
7083
6834
7667
7500
7041
7042
7166
7000
6959
4250
4417
4125
4000
4417
4041
4083
4042
4792
4750
4042
4000
4083
4083
4083
4083
4000
4375
4000
4125
4042
4000
4042
4125
4083
4083
4333
4333
4083
4000
4042
4042
4125
4125
4000
4416
4375
4417
4417
7208
4084
4083
4042
4166
4208
4041
4458
4125
4167
4209
4125
4083
4041
4041
4041
4000
4041
4083
4166
4083
4792
4542
4083
19000
7416
7166
7292
7083
7208
6958
7083
7292
8917
7583
7750
7625
7292
7000
7041
7000
7042
7042
7833
7500
7542
9334
9250
7084
8541
7208
7167
7125
7167
7542
7000
8500
8875
8625
7250
7041
6916
7583
7125
6875
7125
6875
7250
7041
7208
7792
7500
7041
7250
7000
7792
8583
6958
7666
7084
7000
7375
8417
8750
7625
3958
4208
4000
4084
4083
4375
4125
4042
4083
4125
4125
4125
4167
19583
7167
7083
7167
7042
7166
7375
7125
6958
7084
6959
7375
7041
7250
7000
7125
7042
7083
7083
7000
6917
10875
8833
7834
12167
7542
7375
8334
8875
19250
15958
9417
7209
7459
7292
7250
18709
20292
21208
7500
17042
17167
9333
7417
23000
18375
17708
25291
22750
21125
19041
8959
7333
8458
7000
7083
7334
7084
7166
7000
7250
7041
7125
11000
18875
7250
10459
7708
7500
7125
7083
7167
6833
7125
7333
6875
15250
8958
9000
8541
7125
7166
7125
7083
7041
7208
7042
7042
7125
10084
7084
7000
10375
8167
7375
7291
7125
7166
7000
7084
7166
7083
6875
12041
9084
8834
8708
7250
7083
7166
7000
7084
7250
7000
7625
7167
7000
7833
7500
7083
7084
7125
7042
8750
8458
7709
8625
7250
6958
7208
7000
7083
7083
8625
9042
8583
6959
7750
7666
7792
7708
7792
7292
7250
7125
7166
7250
7042
7958
7000
7042
6959
7042
7083
7000
7125
7125
7208
7666
14916
7791
8792
7292
7334
7083
7250
7209
8375
8708
7084
20500
9291
7250
7333
7167
7291
7125
9000
8709
7292
7250
7208
7084
21416
21625
20167
23459
15834
15917
11375
12209
23625
24542
21125
7333
7375
22791
7125
20041
23208
9250
7500
9125
7375
7042
7000
7333
7292
11792
18625
18584
13625
8708
7291
8875
7292
7375
7250
7042
7000
8625
8625
7167
7125
17083
20958
9292
23125
22625
15042
23375
18625
21541
8041
15042
17750
26333
9292
11042
13833
10500
8750
20459
11000
9250
10833
9000
8875
7167
7083
7125
8625
8791
7250
9083
7167
7542
8791
8750
8792
7500
7208
7083
7208
7125
14666
9333
7833
7209
7209
7084
7042
7208
7083
7792
7000
7208
8750
8958
8834
7166
7084
6958
6959
7250
7125
7042
7250
7084
7041
7000
7750
13875
7250
7166
7083
7375
7167
7292
7125
7209
7125
8833
8750
7417
8625
7083
7333
8709
10333
7292
7333
11000
7375
7375
7916
7250
7125
7208
7166
7250
7208
9125
9042
7125
8792
7125
9208
8917
8792
7209
7084
7167
7875
7916
9417
9625
8958
7208
7250
7167
7000
7208
9500
8541
7542
7167
7209
7166
7125
7416
7166
7084
7167
9667
9334
7625
8666
7167
6958
8750
8709
7667
7125
7042
7042
7875
7917
7208
7125
7166
7125
7084
7250
7750
7167
7208
8917
9041
9250
7000
7333
7083
7209
7834
8750
7000
8625
8750
8750
7250
7125
7333
7042
7291
7125
8750
8584
7709
9667
7875
7750
7625
7750
7084
7125
9417
9250
9584
9375
9083
8625
9167
7958
7250
7125
7250
7209
7208
8500
9458
7875
8666
7166
7292
8834
8625
7250
7875
7250
8667
7167
7250
7167
7250
7084
7750
7959
7166
7125
7208
7125
7125
7125
7333
7834
7208
7250
7250
7167
7167
7083
8833
9250
9250
8042
7250
7333
7000
7416
8709
7250
8750
8541
11375
7334
8708
8709
7208
7250
7416
7208
7125
7125
8792
8833
7292
8750
7500
7167
8625
8792
7333
7292
8667
7000
8875
8500
8667
7125
7000
8083
7167
7250
7125
7750
7167
7167
7959
7916
7917
7333
7333
7167
6958
7042
7042
8041
7083
7000
7208
7042
7125
7000
7875
7916
7208
8791
8708
8625
6959
7250
7250
7125
7000
8583
8584
9250
7125
8625
7292
7083
7041
6958
7667
7166
7167
7125
7125
7208
7125
9042
7416
7250
4208
4166
4125
3584
3834
3916
3541
3542
3458
3458
3625
3709
4834
4416
3625
3583
3584
3542
3625
3625
4709
4333
3584
4625
3459
3458
3958
3583
3625
3542
3583
3458
3542
3542
3875
3917
3917
3834
3542
3583
3542
3625
3625
3625
3875
3584
3541
3584
3541
3500
3542
3541
3625
3583
3583
3583
3542
3500
3500
3583
3625
3542
3500
3583
3625
3500
3583
5041
6083
5542
5250
5250
5500
5250
5417
5292
6416
6416
5250
5250
5250
5334
5375
5084
5250
5292
5291
5250
5334
5334
5334
6416
6375
6291
5208
5500
5500
5292
5125
5250
6458
6375
5333
6458
5291
5250
6458
6542
5292
12958
5375
5208
5334
5167
5292
6208
5125
5250
5333
5208
20208
6500
5208
6958
5208
5750
5416
5292
5291
5333
5375
6625
6291
7000
5250
5459
5291
5417
7542
8750
7166
7125
7250
7500
8000
7791
7209
7417
7250
7083
7125
7334
8000
7375
7250
7333
7083
7208
7125
27625
7791
7375
7292
8166
9541
7792
22375
24042
22125
9541
9125
7333
7291
7333
7458
7083
7125
7333
7166
7375
7041
7375
7334
7083
7125
7292
7250
7125
7292
11667
7583
16041
26041
22500
24625
23375
19708
24917
12458
9208
9042
22375
9375
9167
9291
7500
7459
7209
7209
7666
7167
7083
7375
7250
7333
7250
7375
7208
7208
7458
7167
7334
7334
8958
7375
8667
7167
7125
8542
7084
7291
7375
7250
8833
8875
8666
12750
7625
9209
8875
9000
7416
7334
7459
7167
7167
7041
7292
7500
7292
7291
7208
7208
7209
7208
24167
7875
7125
8833
9708
9500
8208
7208
7208
7208
7292
7125
7292
7334
9541
7334
8792
7000
7166
8541
7458
7125
7291
8958
8833
7750
8916
7125
7334
8750
8583
7291
7042
7000
7167
7083
7708
7958
9459
7292
7167
7166
7250
8917
8625
7833
8666
9000
11834
7333
8792
7083
8791
7291
7250
7250
7208
7375
7208
7125
12041
7333
8291
8417
7209
7250
8917
7250
8833
7959
7292
7250
7291
7333
7250
7250
7250
7417
7167
9041
8959
8000
9792
7250
8833
8750
7208
7333
7333
7375
7208
7250
7250
7209
7167
7333
7292
7208
7167
7333
7250
7459
8666
18333
8042
9292
9084
8917
7166
7333
7083
8083
7250
7291
9375
8792
8625
7334
7250
7375
7958
7375
7334
7125
8709
8875
7333
8125
7208
7541
7167
7167
7292
7125
7292
7292
7167
7041
13750
7875
7417
9084
7333
7333
8750
7333
7000
7500
8542
8833
8667
7250
7375
7291
7292
7375
7750
7167
8833
7125
8750
8750
7042
8584
7959
8000
7208
7209
7209
7041
7208
13250
7458
7167
7250
7584
7250
7125
7334
7125
7209
8917
8708
8834
7250
7958
7458
7209
7167
7334
7209
8792
7292
7125
9250
7250
7250
7250
9083
8625
8709
7000
7166
7083
7250
9500
8417
7084
9000
7250
7959
13167
8917
8916
7292
10708
8792
7292
8833
8666
7459
7041
8792
7417
7458
7250
8917
8792
8625
7291
7458
7250
7458
7209
7292
22708
9625
7250
8667
7333
8750
7292
8042
9583
7167
7167
7292
8792
8667
8750
7958
10292
8792
9041
8542
7125
7209
7292
7250
7250
7167
7250
8667
8541
8791
17792
8708
7458
9042
8709
8875
7125
7250
7958
7292
7292
8917
8625
8625
7166
8000
7084
7291
7250
7375
7208
8125
7959
9750
9375
7916
8791
7250
7375
8750
8792
7167
7208
7250
8667
7250
9292
8125
7167
9208
7042
7375
7250
9083
8750
7083
16375
8042
7417
7333
7083
7208
7167
7375
7917
8000
7958
8625
7334
7250
7375
7208
7084
7125
7167
7333
7333
7958
9542
7333
7250
7958
7125
8041
9250
7208
8666
8834
7250
7291
7375
7375
7458
8625
8875
8542
8792
7375
7291
7458
7042
7250
7208
7333
22292
19709
15250
9208
9000
7667
7208
7250
7208
7333
8625
7167
8583
9041
8916
8583
7416
7292
7084
7334
7375
7250
7042
7250
8916
8875
8541
7250
7125
7208
7250
7291
7291
8875
8625
7083
24667
7334
7208
8834
8875
7125
7250
7125
8750
7333
8958
8000
7125
8666
7833
8125
7333
8875
8792
7416
8875
7167
7917
7334
7209
7208
7125
7291
7291
7209
7292
7709
7250
7000
7458
7209
7209
8791
8625
7291
7166
7042
7833
7958
9667
7292
7334
7167
7292
7125
7959
9667
7166
7083
7084
7084
7125
7084
7959
7167
7375
7042
7250
7416
7208
7125
8833
8708
9416
7791
7917
7041
7208
7292
7291
7209
7333
7208
7333
7208
8042
7167
7167
7042
7250
7375
7250
7208
7417
7208
7291
7167
7208
7292
7333
8000
8125
7167
7084
7042
19792
22875
8791
8542
7208
7125
7291
7208
7333
7417
7334
7208
7292
7083
7209
7167
7209
6917
7209
7333
7208
7333
7250
13792
7375
7125
7417
7167
7167
7167
7292
7166
7084
7292
7292
7209
7000
23875
20917
8042
7417
7250
7292
7125
7250
7167
7250
7291
7375
7292
7167
7250
7292
7250
7209
7250
7417
25166
24959
7625
7458
23917
15084
7750
7666
7333
7292
7250
7167
7125
7250
7250
7125
7250
7208
7291
7334
7167
7167
7208
7292
7167
7333
7584
7250
7417
7292
7292
7250
7333
7333
13042
22958
25083
21500
24083
24334
22667
24250
27542
22458
16167
21208
22583
26000
24250
22250
23042
24209
15041
24791
7792
20500
7833
7375
7084
7250
8958
24667
10417
26542
20542
24125
9167
14750
17625
20584
9541
9333
9000
8875
8917
15833
8833
8958
8916
8875
9041
8708
8667
8875
8833
8834
8875
26541
9000
8750
22917
24208
17708
7458
25208
17375
23292
16125
7708
7542
7250
19833
21750
24667
25708
24625
19959
26542
16000
7708
7625
24500
7875
7417
7250
7375
7292
7167
7208
7375
7208
7250
7292
7167
7291
7250
7291
7333
7209
7208
7292
7125
7167
7291
7167
7333
7291
7166
7333
7125
7084
7375
7292
7375
7125
7250
7208
7333
7000
7166
24125
22625
7750
7166
7250
7167
7208
7291
7333
7209
7208
7083
23708
7292
10375
7334
7375
7250
7166
7167
7250
8209
7375
7167
7084
7291
7250
7209
7292
7375
7375
7375
7167
7167
7291
7291
7500
7166
7250
12167
23834
7875
13542
24042
13958
20959
23750
24500
17917
23458
14417
25958
23875
10583
10750
22166
24375
18875
19750
22667
19292
26291
19750
7500
7375
7292
23709
19417
7708
7459
7334
7167
7375
7209
24458
7709
17834
20625
31709
9417
9084
9166
8917
8833
8792
8792
8875
8625
9042
8750
8500
9209
8792
8792
8542
8875
8750
8917
8875
8917
8792
8750
8750
8666
8667
8583
8791
8791
8709
8875
8833
8916
8708
9000
8917
8792
8833
8750
8917
7083
9042
7291
8916
7334
7208
8625
7458
7333
7208
8875
8625
7209
8792
7291
7167
8791
8750
7125
7291
7500
9083
8667
8875
7417
7167
7417
7458
7125
7167
8792
8583
8875
7084
7250
7333
7375
7291
10750
26084
22750
7708
7292
7292
21000
7583
7666
7375
7292
7167
7250
7166
7291
7042
7125
7416
7250
7291
7292
7250
7208
7125
7208
7125
7208
7209
7292
7292
7333
7000
7083
7208
7208
7208
7209
7083
7250
7208
7167
7125
7208
7084
7041
7125
7208
7209
7125
7291
7166
7250
7167
7083
7250
7084
7083
7208
7250
7459
7292
7292
7167
7250
7250
7250
7166
7125
7208
7125
7292
7417
7375
7292
7208
7208
7209
7209
7292
7208
21667
7375
7208
8042
7250
7917
7416
7166
7250
7000
7292
14791
7542
7459
7375
7333
7250
7083
7250
7208
22000
7584
7500
7459
7459
7458
7334
7167
7417
7083
7292
7042
7167
7000
7166
7125
7084
6958
7625
13666
8000
7333
7334
7875
7375
8125
7417
7583
8208
7333
7375
7375
7250
7417
7417
8083
7292
8000
8458
7334
8083
7459
7417
14333
25541
25417
7834
7542
7625
7125
20875
7917
7583
7500
7500
7375
7542
7416
17375
3458
3250
3333
3292
3167
3125
3084
3166
3125
3083
3208
3167
3375
3250
3208
3250
3208
3250
3250
3167
3125
3208
3167
3167
3334
16083
3417
3334
3208
3125
3958
3125
3167
3125
3167
3084
3084
3084
3084
3083
3166
3083
3125
3167
3167
8041
3500
3083
3125
3417
3500
3208
3166
3167
3167
3125
3458
3084
3167
3250
3167
3459
3583
3542
3125
3417
3209
3375
3583
3166
3167
14458
3084
2917
2791
2750
2833
2750
3291
2792
3125
2833
2750
19292
20875
7791
7542
23625
7750
7541
7417
7417
7375
24292
24459
22000
35708
10292
6084
3875
6417
3917
3792
3708
3666
3666
3583
24542
16791
15625
3958
3750
3667
3666
3667
3666
3625
3708
3667
3583
3625
3625
3625
3667
3667
3625
3791
3583
3500
3625
3625
3625
3667
3667
3584
3625
3667
3584
3583
3583
3541
3542
3542
3625
21625
4625
4416
4375
4375
4291
4250
4292
4209
4250
4125
4250
4125
4167
4208
4167
4250
4208
4250
4708
4167
20083
7666
7583
7333
7333
7166
7375
7334
7375
7417
7250
7292
7292
10750
7333
7416
7542
7584
10917
3208
3250
3208
3083
3125
3167
3125
3208
3125
3166
3208
3083
4583
3458
3500
3792
3125
3459
9083
6916
1334
1333
1292
1292
1292
1334
1250
1250
1208
1292
1250
1250
3958
3417
1333
1292
1250
1250
1250
1250
1250
1250
1208
1208
1208
1208
1208
1250
1250
1208
1250
1250
1209
1750
1417
1292
1208
1250
1416
1292
1209
1250
1333
1333
1292
1209
1417
1291
1500
1250
1375
1208
1209
1417
13584
4208
16000
4208
3750
3791
3667
3583
3666
3667
3625
3625
3584
3625
3625
3666
3667
3584
3667
3709
3625
3708
3625
3583
3625
3709
3750
3709
3625
5667
3750
7250
10250
3042
3458
3375
3333
2833
3375
3042
10792
3000
2875
2833
2917
2833
2791
2833
2750
2875
8167
2833
3375
2875
2792
2834
2875
2833
3416
2792
2792
4125
3083
3375
3375
3084
2833
3333
3333
2834
3041
3125
2833
3042
2959
2750
3042
2834
2792
3042
7042
3000
3708
3083
3667
3084
3666
3292
9333
3792
2750
3042
2875
3333
2750
3042
2792
2833
3042
4208
4625
5208
8750
21792
19833
15583
24625
16000
11083
10250
6542
11542
8375
15000
26708
19292
8791
10708
21875
17042
14875
8375
19416
16500
17875
23083
19292
19125
12833
25833
9625
9250
26000
9459
24042
9791
9250
9000
8958
9167
8958
8666
8916
8792
8875
8708
9167
9333
8958
13166
9083
8917
8833
8750
8833
9000
15458
9708
14417
6875
7167
9792
6625
6417
6625
6667
7750
7541
7625
7584
6334
6375
6417
6542
6541
6417
15500
5541
5333
5208
8625
7834
5125
5375
5125
5083
5041
5041
5125
4958
5167
5417
5083
5125
5083
5125
5125
5209
5084
5125
5084
5208
5167
9125
5208
5334
5208
5167
5209
5042
5250
5167
5083
5167
5208
5083
5167
5125
5167
5208
5084
5125
5208
5167
5208
5208
5208
5125
5167
5084
9667
6583
6500
6625
7500
6583
6459
7000
6416
6625
6333
6375
6333
6542
7292
7917
6875
6333
7708
6625
6375
6458
7500
6750
6500
6459
6750
6375
6417
6250
6625
6500
6542
7500
6459
6333
6917
14667
5250
5208
5125
5083
5083
5041
5125
5167
5125
5125
5167
5166
5000
5125
11750
5417
5125
5209
5167
5167
5167
5000
5583
5083
5042
5042
5167
5250
5084
10708
6667
6708
6292
6417
6375
6417
6375
14750
6625
6541
6917
6458
6541
6542
6542
6334
6541
6416
6875
6375
8375
6500
6959
6500
6791
6333
6583
6500
6542
6459
6417
6375
6459
6458
6417
6458
6375
6375
6541
6417
6459
6625
10334
22333
9208
8709
9041
8666
9084
8708
8708
8792
8792
15375
8959
9000
8917
9208
8750
8750
8792
8709
8833
8750
8958
9042
8833
13750
8834
8792
8583
8667
8792
8959
9000
8708
11042
12667
9083
18708
23333
16667
20583
27583
9292
18000
21792
4667
10875
4541
4417
5292
5209
5250
5000
5291
5083
5000
21042
8291
13542
3750
15625
11666
18916
3958
3667
3792
3666
3667
3584
13500
15834
6083
3875
5958
4875
5625
26208
17083
3917
3791
3750
3750
17209
5458
6625
5125
5250
5167
5750
5250
5041
5208
5125
5166
5125
5208
5042
22875
24708
24083
7792
8958
4041
4791
1541
16041
13792
17458
7750
13709
4709
4833
4500
4459
4417
5625
4416
1791
1625
1541
1625
1417
1375
1458
1375
1333
1375
1417
1375
1375
1375
4541
1916
1667
1583
12083
17542
9416
3625
3500
3417
3500
3458
3417
3333
3375
3417
3417
3500
3500
3375
3417
3500
3417
3375
3375
3417
3375
3458
3375
3416
3500
3416
3375
3334
3375
3417
3500
3500
3375
3542
3375
3459
3375
3375
3416
3333
3542
3375
7625
3667
3417
3500
3375
3542
4625
3291
3458
3417
3459
3375
3375
3417
3375
3459
3375
4042
3500
3458
3458
3458
3459
3333
3416
3500
3417
3750
3333
3375
8583
3459
3375
3458
3458
3792
3542
3416
3458
3458
3458
3458
3542
3416
3417
3500
3542
3375
3375
3625
2875
3375
2958
2875
2833
8625
3750
2958
2875
2791
2916
2791
3333
2792
2875
2792
4334
4292
3459
3375
3458
3250
3333
3375
3334
3416
3500
3417
3625
3334
3958
3209
3334
3500
3333
3375
3333
3375
3334
3375
4042
3375
3417
3375
4583
3417
3375
3417
3417
3458
3458
3333
3542
3417
3334
3375
3375
3333
3500
3417
3375
3458
3500
3375
3417
3791
3375
4125
4292
5333
21917
23709
22875
26291
20917
4166
3209
5459
5333
12125
20791
10250
9125
9084
9000
8916
9125
8958
8750
8750
8917
8958
8750
8750
9000
8750
8625
8916
8917
8875
8500
8833
8625
8917
8750
8834
8834
8958
8667
8834
8917
8667
8958
8708
8834
8875
8750
8875
8750
8916
8875
9084
9084
8667
8667
8708
8708
8833
8750
8542
8875
8916
8667
11292
8833
8833
8875
8500
8792
8833
8750
7375
7625
7500
7375
7209
7500
7375
7250
7375
7333
8958
8833
9000
9542
8875
8959
8583
8750
8834
8583
8666
8792
8875
9000
8750
8625
8709
5250
5208
5166
5209
5209
5250
5709
5167
5000
5167
5666
5208
5166
4292
4458
4167
4167
4333
4250
4750
4375
4250
4208
5125
5042
5167
4167
4250
4208
4250
4375
4292
4209
4084
4291
4250
4250
4250
4167
4166
4208
4209
4208
4125
4208
4834
4250
4250
5542
4125
4167
4167
4542
4208
4250
4791
4208
4208
4166
4250
4292
4250
4167
4167
4250
4208
4250
4708
4334
4208
4292
4166
4250
4166
4250
4209
4125
4334
4250
4250
4209
4209
4209
4250
4166
4292
4375
4708
4250
4250
4208
4250
4292
4250
4208
4208
4791
4458
4333
4333
4333
5334
4750
4292
4167
4042
3709
3625
3584
3708
3750
3667
3709
3625
5750
3750
4292
3750
3667
3667
3708
3750
3625
3667
3750
3708
3709
3708
3666
3708
3750
3625
3792
4125
4000
3667
3625
3667
3708
3667
3625
3708
3625
3625
3666
3583
3583
3667
3667
3500
4084
3625
3625
3583
3666
3625
3625
3666
4083
3750
3625
3625
3584
3667
3625
3625
3709
3584
3708
3667
3667
3500
3708
3667
3708
4042
3625
3625
3667
3625
3542
3667
4000
3667
4000
3542
3917
3917
4375
3959
3667
3625
11958
3625
3666
3625
3625
3541
3542
3625
3667
3625
3666
3541
3625
3625
3875
4292
3709
4042
3792
3583
3791
4208
3625
3583
11208
8042
4083
4167
3666
3833
4250
3667
3584
3625
3583
3667
4000
3541
3625
4208
3667
3667
3625
3584
3666
3458
3583
3625
3667
3500
3667
3625
3583
7542
20542
9833
7458
7584
7166
7666
7500
7417
7375
7167
8875
9042
8792
9208
8875
21125
17125
24542
23000
9583
8916
9000
9000
9084
8916
8916
8791
8541
22334
7583
24416
8833
19458
7375
7333
7583
21708
9625
9125
8875
8833
7208
7417
7375
7334
7375
8833
8625
8875
8833
8708
8792
8750
8875
8625
11417
22000
15208
20709
22667
21625
16333
8834
8958
8750
8917
8958
8750
8833
8834
18000
22584
9417
9291
7792
22666
20625
25000
27791
8041
19417
9375
9291
8833
8916
8833
8459
8792
8542
8875
8708
8750
8625
8500
7459
23916
25666
9625
7500
25416
15416
15291
25334
15458
25583
9500
9083
9041
8958
7375
7083
7083
7250
7167
8584
8875
8708
8791
8791
9000
8833
8500
8833
8958
8625
8750
8791
8666
8958
14125
8750
8750
8959
8542
8625
7375
7458
7250
7167
7375
8209
7292
7125
8042
12666
7750
7500
7375
7416
7500
7375
7375
7459
7417
9166
8958
8750
9000
8792
8875
8917
8917
8792
8833
7333
9667
8791
8666
8916
8917
7375
9541
8417
8791
8875
8875
8958
7125
8917
7375
7083
7417
8916
8750
8792
8792
8833
8833
8625
9084
8875
8750
7125
8875
8250
7417
7250
7291
7291
7208
7250
8208
7375
8458
7375
7333
7292
7500
7250
7209
7458
7542
7458
9083
8833
9917
9791
9167
8791
8917
9000
8875
9125
9833
8917
8917
9000
7416
9791
7375
7500
7500
7500
7458
7417
7250
7334
8792
8709
8875
8916
8708
8875
8833
9833
8583
8667
9542
8875
8917
9000
9000
14041
9209
9125
8709
8666
8709
8833
8792
8833
21750
7125
5125
5084
5083
5209
5584
5000
5083
5167
5250
5167
5000
5709
5000
5083
5000
5250
5084
5125
5166
4917
5084
5542
5542
5125
5083
5209
5166
5167
5000
5625
5500
5542
5208
5125
9166
8125
12083
10583
7250
7333
7208
7291
7292
7500
7291
7167
7291
8875
8958
8959
8833
7375
8667
7375
7416
7333
7208
7208
7208
7208
7334
7334
7000
12541
7208
7375
7333
7333
7292
8959
8875
8750
8875
8709
9958
9042
8750
9625
9000
8791
8625
8917
8791
8583
9708
8959
8792
9542
7500
22875
21250
9292
13750
22917
11209
20084
19959
24833
9417
19791
17667
25833
23167
25375
27000
9584
9208
22583
7750
21167
7542
13791
24959
16000
12917
23000
7834
16625
22000
21458
26750
21625
22209
8125
7542
7291
7458
7500
7375
7375
7459
7250
7541
7375
7250
7459
7500
7291
7292
7500
7208
8792
25833
22458
23958
9375
24250
23750
25709
9083
14375
14250
8542
21291
22375
7916
7417
7500
7458
7250
7167
7250
7458
7292
7250
25292
23125
22500
9583
7583
25250
21250
7791
7458
7500
7375
9292
10791
8625
22959
20958
7791
7500
7417
7334
7458
7250
7375
7334
7125
7416
22708
14875
25416
9375
26208
9333
15625
3709
3458
3917
2959
3417
2833
3417
3292
2875
2875
2875
2833
2708
3042
2959
2917
2875
2792
2791
2791
2709
2834
2833
2708
2875
2833
3250
3333
3375
3417
3292
3333
3292
3375
2750
3292
11792
3417
2750
3709
3250
3250
3292
3167
3792
2833
3375
3500
3917
3459
3250
3458
2833
3375
2833
3375
3250
3375
3375
3333
3333
3416
3292
3417
3292
3291
3208
3375
3333
3500
3375
3333
3375
2958
3333
3000
3458
2792
4166
3084
3416
3333
3791
3375
3458
3000
8375
15667
4625
4458
4250
4292
4250
4250
4292
4292
4333
4291
4125
4167
4250
4125
4250
4209
4250
4291
14875
4208
4167
4792
4292
4209
4208
4333
4709
4333
4292
6042
4292
4333
4250
4333
4209
4250
4209
6041
4292
4375
6000
5292
5333
5334
5334
5459
5500
5375
5417
5417
5375
5209
5417
5334
5500
5458
5459
5542
5375
5500
5500
5375
6625
5458
5458
5333
5334
5375
5417
5333
5417
8209
7541
7541
7167
7292
7375
7625
7875
8000
7416
7584
7500
7417
7541
7458
7375
8417
7958
7500
7459
7042
7291
7125
7333
7500
7333
7583
7250
7416
8667
7417
7416
8209
7500
7416
7333
7500
8250
7375
7333
8125
7208
7416
7333
8167
7958
7250
7709
7375
7500
7375
7458
7500
22083
28209
22375
21042
20583
7917
7542
7542
7542
7292
7375
7333
24333
9416
26166
22542
23583
9875
9167
9208
22042
24084
21958
7875
7750
7500
7500
15750
9542
9333
9167
8791
8958
9083
23166
9166
9125
9125
8916
8750
8875
24500
23917
24500
24375
16958
17916
22584
7667
7625
7583
7500
23958
20791
21875
25917
22958
9750
9042
9250
9084
12167
9625
9417
9125
9166
9333
9291
9000
9291
8958
8916
9208
9791
13875
26417
22459
18708
18750
16875
12458
24083
9709
9250
25875
15000
7708
23250
23292
7917
22125
9333
9500
9000
9167
9209
9042
8792
9083
9000
8916
9125
9000
9041
8917
9000
8917
9125
9333
9042
9041
9292
9041
9084
8959
8834
9042
9167
9125
8792
9167
9083
8833
8958
9291
9042
9084
9334
10250
9292
9083
8875
8875
8917
8917
8917
8875
8875
8875
8834
8833
9000
8875
9000
8792
8958
8833
8834
8791
8917
8834
8916
8875
8791
8958
8750
8916
8917
8750
8792
8833
8875
8958
8833
8833
8875
9041
8916
8916
8959
26625
9917
9459
9042
8958
9167
8750
9041
9041
9000
8875
9083
8917
8792
9000
8750
8834
8875
9125
8791
9041
9250
9125
9959
12917
9459
10125
8917
8917
8875
8875
8833
8792
8792
8625
8958
8667
8916
8833
8833
8959
8917
9042
9750
8917
9750
9875
8792
8833
9000
9000
8667
8792
8833
9791
9000
9000
8750
8833
8709
8750
9000
9000
7417
5166
5125
5083
5125
5125
5167
4958
5208
5083
5000
5125
5167
5208
5250
5166
5125
5250
5333
6084
5417
5292
5500
5166
5250
5375
5250
5125
5583
5208
5167
5166
5167
5084
4917
5167
5167
5125
5250
5667
5167
5083
5167
5208
5209
5167
5666
5084
5166
5167
5208
5042
5250
5167
5625
5166
5375
5208
5292
5125
5125
5250
5291
4333
4917
4292
4416
4166
4166
4250
4208
4166
4208
5167
5250
5250
5666
5250
5042
5208
5166
5250
5125
5208
5208
5125
5167
5208
4292
4250
4333
4208
4333
4458
4166
4292
4250
4250
4291
4208
4041
3583
3583
3583
3750
3667
3625
3750
4125
4042
3667
3709
3667
3625
3709
3708
4083
3708
6875
3792
4417
4042
3625
3709
3750
5417
3625
3625
3625
3625
3583
3750
3667
3625
4167
3667
3625
3750
3625
3583
3625
3583
4041
3625
3584
3542
3708
3667
3667
3625
4167
3625
3667
3625
3625
3625
3541
3625
3666
4125
4084
4084
3750
3667
4084
4083
3625
3958
3666
3667
4083
4250
3625
3792
3750
3750
3709
3666
5042
5875
4875
4333
4459
3708
3625
3625
4500
4417
4416
4375
4500
4375
4833
4917
4834
4958
4750
4833
4750
4917
4750
4916
4333
5375
4333
4291
4792
4834
4833
5000
4750
4834
4750
6000
4834
4834
4500
4375
4292
5167
4792
5000
4416
4917
4916
4917
4708
4750
4834
4917
4375
4458
4792
4750
4833
4959
4833
4875
4917
4416
4334
4917
4417
4209
4833
4792
4875
4792
4709
4834
4875
4750
4709
4875
4833
4333
4375
4792
4875
4875
5042
4875
4916
4792
4875
4458
3542
4125
4167
4125
4167
4083
4083
4000
4500
4292
3583
4250
4125
4125
4083
4083
3583
3625
4125
4167
3667
6292
3708
4583
5834
5333
3792
4042
3916
4750
3625
3708
4209
4166
4125
4084
4166
4042
4583
4125
4125
4083
4083
4167
4167
3708
3583
4083
3708
4209
4125
4833
5000
6292
5083
5125
5125
4917
5084
4958
5042
5125
5042
4291
4250
4125
4209
4833
4792
4875
4708
5083
6125
6083
7166
6125
6125
6125
5375
5250
5292
6000
6125
7375
7208
7083
6042
9334
8334
9333
9167
7542
7375
7167
7291
7250
7459
7333
8333
8750
7916
7625
7417
7334
7375
7500
7500
7416
7208
7375
7250
7250
7333
7292
7167
7333
7208
7333
7375
9292
9042
15166
9834
9708
8667
8792
8750
8625
8708
8625
9000
8875
8750
7333
7042
7250
7250
8375
7375
7250
7375
8625
8375
10875
10083
7292
7417
7333
7750
8125
7375
7375
7333
7500
7500
7083
7375
7292
7459
7250
7459
7333
7583
7459
7125
7250
7291
8750
7375
7125
7416
8792
9708
9625
8833
8875
8834
8709
8541
8792
8792
8709
8958
7334
7417
7292
7208
7333
7333
7209
7375
7333
7208
7083
7250
7333
7292
7333
7167
7291
7334
7291
7375
8917
8625
8833
8833
7375
7291
8417
8084
7416
7667
7333
7208
7333
7333
8583
7291
7416
8459
8625
51875
9000
8333
7417
7500
8333
8334
7375
8458
8250
9875
10250
8958
9000
9958
8875
9916
9875
10042
8958
7292
8709
8292
8542
8542
8500
8458
7250
7416
8583
8334
8458
8291
8833
7625
7584
7416
7292
7375
7416
8583
7375
7375
7541
7459
7500
7584
8500
7334
7459
7583
7250
7417
7583
8500
9209
7625
7542
7375
11459
7459
7500
7584
7166
8000
7625
7417
7417
7250
7334
7208
7167
7500
7459
7458
7584
7459
7417
7375
7541
7375
7291
7500
7708
7541
7250
7333
7416
8792
8958
8666
8708
8958
9250
8833
9167
9250
8916
7542
7417
7417
7417
7375
7542
7500
9167
7417
8416
8375
8583
8542
8333
8542
8458
7542
7333
8500
8208
8375
8291
8333
7625
11125
8542
7334
8208
8125
8959
7792
13125
7625
9000
7333
7333
7333
7333
7125
7417
7375
7375
7375
7542
7459
7375
7208
7458
7542
7333
7375
7250
7458
7167
7416
7542
7375
8041
7375
7416
7208
7375
7375
9000
9083
8833
9084
8958
8750
8833
8875
9125
8917
7375
7417
7209
7458
7375
7375
7334
7292
7333
7416
7541
7333
7417
7417
7209
7250
7375
7333
7709
7583
7417
8709
8459
8333
8250
8334
8292
7458
7291
10459
7458
7667
7375
7417
9833
7500
7583
7500
7375
8166
7292
7500
8875
9750
8167
9375
7375
7875
9333
8792
8583
14750
7459
11416
7625
7583
7417
14042
9375
12875
12584
10916
11042
9583
8458
7833
9792
9959
15584
13625
9000
8917
9667
8958
9084
9000
9042
8959
7334
7541
7334
7625
7542
7500
7583
7458
7292
7417
7584
7500
7542
7125
8750
9000
7417
7416
7417
9042
7500
7333
7542
7458
7500
7583
7500
7458
7417
7541
7334
7584
7417
9041
8000
7375
7541
7625
7292
7583
7375
7709
7291
7292
7166
7416
7459
7750
7500
7458
7375
7375
7333
7625
7458
9083
7459
7708
7500
7375
7583
7375
7375
7292
7375
7459
7375
7500
7084
7416
7416
9125
7209
7458
7459
7333
7500
12292
7459
7459
7250
7416
7333
7250
7333
7333
7375
7333
7500
7292
7375
7500
7375
8917
8875
8916
9083
8334
7584
7417
7583
8750
9000
7417
7583
7208
8791
7209
7208
7208
7291
7375
7250
8958
8792
8958
9083
9958
9000
8958
8959
8708
8958
7584
7333
7375
8292
7625
7791
8458
7416
7458
7459
7291
7333
7250
7375
8625
7375
7375
7417
7416
7500
7292
7250
8333
8667
7333
7416
7458
7542
7375
7500
8584
7500
8333
7417
7250
8750
7375
11375
22833
7833
7500
7459
7416
7417
7334
7583
7458
7500
7250
14500
7417
7458
7333
7458
7250
7208
7292
7375
7250
7625
7292
7583
7500
7292
7375
7334
7417
7334
7375
9041
8917
8583
9000
7292
7542
7208
7375
8959
8833
7250
7417
7750
9000
7250
7458
7375
12666
8541
7333
8916
8959
8875
8833
8916
10000
8834
8833
8833
9083
7250
7500
7333
7459
7083
7250
7333
7458
8833
7250
7334
8583
7542
7416
7208
7416
7333
7375
7500
7292
7500
7625
7792
7500
7541
7625
7417
7500
7250
7250
7459
7417
7416
7375
8625
7542
7250
7333
7375
7291
7417
11625
7291
7500
7292
7625
8583
7375
7459
4250
4375
4333
4292
4291
4167
4250
4292
4292
4334
4375
5291
5833
5834
5209
5125
5083
5125
5125
5167
5792
4791
7959
4667
5000
4292
4292
5083
5000
4333
4333
4208
4958
4208
4333
4208
4250
4292
4292
5000
4250
4250
4250
4250
7959
4416
4250
5000
4917
4917
4250
5208
5125
5042
5375
5209
5125
5375
5042
5042
5084
5125
4958
5417
5208
5125
5167
5083
5041
5041
5208
5167
5125
5083
5083
5125
5125
5167
5166
5084
6000
5166
5292
5166
5917
5042
5167
5083
5667
5833
5875
5250
5084
5833
5042
5084
5375
5125
5417
5125
4875
4459
4333
4333
4250
4292
4833
5375
4459
4334
4375
4375
4292
4375
4334
4375
4375
4291
4375
4417
4417
4375
4375
4417
4375
4375
4291
5042
4417
4584
4459
3666
3583
3708
3667
3791
3625
3667
3667
3709
3625
3584
4208
4250
4250
4250
3625
3583
3667
3541
3666
3625
4209
3792
3667
3708
3583
3583
3750
3625
3500
3666
4167
3834
3709
4250
4333
4166
4292
3625
3542
3667
8000
3666
3666
5292
3708
3584
3667
3709
3584
3625
3583
3625
3625
3667
4500
4250
4208
4208
3709
3625
3625
3708
3666
3709
4250
3667
3625
3708
3625
3667
3667
3625
3625
3583
3583
3625
3625
3708
3625
3750
3708
3667
3542
3625
3625
3625
3584
4334
3625
3625
4417
4167
3708
3709
4209
5458
4208
4458
4417
4458
4333
3583
3667
4250
3583
4417
4375
3667
3584
3667
5042
4208
7125
3916
3833
3708
4625
3750
3583
3667
3667
3583
3667
3958
4416
3625
3709
3667
3625
3709
3667
3708
3625
3667
3666
3625
3667
3667
3667
3625
3667
3542
3583
12750
3709
3583
3584
4291
3666
3542
4166
4167
4208
3667
4458
5208
3750
3708
3583
3708
3667
3666
4292
3625
3667
3709
3625
4625
3542
3750
4208
3750
3625
3666
4333
4500
4416
4458
3625
17875
9583
9167
9125
8792
7583
7500
7500
9000
8833
7333
7542
7333
7542
7459
7250
11750
21500
9708
7459
20917
9500
7709
7417
7333
7333
7458
7375
7500
7416
9000
9000
9125
8958
7209
7333
7458
7208
8958
9167
7292
7583
7208
7666
8916
7459
7500
7417
7209
7292
16875
23750
21417
7917
7625
7375
8916
7375
7166
7459
7208
7375
9000
8917
8875
8791
7458
7208
7333
7542
9083
8708
7334
7375
7333
7208
7208
7417
7167
8875
7500
7291
7333
7500
7417
7292
7416
7125
11292
7333
7334
7250
7583
7166
7250
7125
7375
7541
7375
7208
7250
7417
8542
7416
7458
7458
7375
7291
7292
7209
7583
7291
7333
7500
7458
7209
8708
7375
7333
8583
8500
8458
7334
7500
7292
7375
8833
7500
7250
7500
7166
7500
8542
7250
7417
7250
7417
7208
7375
7541
7333
7500
7333
7375
7209
8458
7375
7459
7292
7458
7291
7291
7333
7334
7291
8584
7458
9000
7292
7458
7416
7292
7250
7250
7500
4292
4292
4166
5167
4209
4375
4250
4208
4167
4292
4167
4291
5000
5000
4875
5041
4917
4125
4167
4334
4167
4292
4166
4875
4833
4334
4333
4292
4916
4334
4250
4209
4208
4208
4292
4958
4333
4250
4250
4167
4208
4167
4250
4250
4125
4333
4416
4208
4208
4250
4334
4333
4208
4250
4208
4375
4208
4333
5167
6000
5708
5417
5208
5167
5875
5791
5208
5167
5125
5084
5083
5125
5875
6083
5042
5167
5125
5250
5125
5250
5833
5208
5125
4958
5000
5208
5083
5125
5166
5125
5166
5208
5125
5083
5208
5166
5875
5083
5125
5083
4375
4375
4459
4375
4958
5000
4958
4500
4417
4333
4291
4375
4458
4375
4334
4500
5083
5000
4375
4542
4459
4375
4417
4375
4959
4500
4416
4459
4375
4500
4375
4417
4959
4958
5000
4500
4375
4334
3542
3708
4375
22333
24208
23958
18875
17334
15458
12167
11583
9542
10291
9459
8875
13500
7500
7500
9833
7791
23375
9250
21417
24708
21583
23250
23333
10709
21417
26541
28292
7917
24500
24875
22000
24000
7750
7417
7584
22875
24750
24375
22750
7625
7417
7417
7291
7334
7209
14042
25458
23959
23083
25750
7917
20375
7875
7583
7583
7417
7292
7500
7333
7333
23791
24041
9792
23583
9583
8958
9083
8625
8958
8667
19667
7458
8542
11125
8375
16375
11084
26834
9583
25417
26500
9333
23667
25625
24750
25375
9417
23208
25375
7833
16875
7709
7583
7416
8084
7834
7667
8083
7375
7583
7625
7458
7458
7334
7417
11542
14792
7625
7584
7542
7625
7625
7500
7875
7416
8833
7709
7583
7625
7541
7417
7583
7375
13542
8584
7584
7500
8584
7792
8333
13917
7667
7333
7959
7625
8250
8042
7542
8250
14833
7583
8000
8041
7500
8500
8250
7625
10250
7917
8041
7500
7584
7417
7458
7459
7459
7375
7709
7500
7250
7625
7584
26375
8667
7541
7458
7625
7667
7917
7458
7333
8750
7750
7625
7500
8625
7500
7542
7583
7541
7625
7500
7583
12333
9083
7875
7792
8958
7625
7625
9042
8625
7291
7542
8750
7500
7708
8959
7667
7541
9250
8916
7500
7791
8375
8125
7416
8417
7958
7292
8041
7750
8000
7250
7541
7958
7875
9833
7375
8084
7958
8000
7459
7375
7458
7542
7458
7417
7417
7166
8000
7458
7458
7334
7334
7500
8542
7458
7417
7417
7500
7708
7417
8541
7458
7708
7375
7541
7333
7791
7459
8375
7500
7458
7542
22375
7875
7667
7542
7542
7375
7500
7333
7417
7333
7417
18042
7583
7459
8834
8541
7584
7542
7459
7417
7500
7333
24459
24625
14750
9250
8958
8875
9333
8875
8875
16875
16833
23833
11500
22625
16584
9083
24541
26459
39917
10541
21333
25542
24250
15208
7834
7709
7375
7334
7541
7584
7458
7375
7500
7375
7375
7542
7583
7292
7292
7334
7375
7292
7417
7417
7500
19500
21417
22417
7750
7458
7292
7458
7334
7667
7500
7333
7292
7500
7500
7292
7334
7459
7417
7500
7584
7375
7375
7583
7417
22417
16917
7667
7334
7458
7417
7291
7416
7333
8208
7750
7583
7250
7500
7334
15833
8917
7791
7625
8709
7833
7625
7583
7584
8625
7250
7417
8500
7500
7625
8625
7583
7500
7375
8583
7667
7250
8500
7500
7458
7583
7208
8833
7583
7709
8625
7167
7292
8500
7459
15666
7500
7250
7417
7250
7334
7250
7209
7416
7458
7375
7416
7250
8625
8750
7500
7625
8458
7625
7542
7583
7416
10292
7500
7458
8833
7709
7750
7333
7583
7583
7500
7542
7542
7750
7333
8666
7625
8042
7541
7542
7417
7583
7458
7750
7542
7583
7458
7458
7291
7417
7500
7583
7541
20834
7458
8666
7500
8583
8584
7375
7500
7375
8583
7291
8542
8583
8416
8750
7625
24583
7542
7542
7542
7542
7625
7500
7500
7625
7417
7625
7542
8584
7583
7459
7375
7458
7291
7375
7542
8625
7833
7708
7458
25416
24291
27083
8084
7625
7542
7542
7417
7458
7416
7459
7291
7333
7542
7291
7375
7458
7417
7375
7292
7500
7500
7542
7584
7666
7500
7542
7584
8792
7458
7375
8791
7667
7375
7459
7584
8375
8417
7375
7459
8709
7458
7625
7458
8500
7500
7584
7334
7375
7709
7542
8000
7375
7625
7500
8625
8541
8416
7292
7333
7625
7541
7291
7583
7417
8542
7292
7542
8584
7334
7209
7375
8750
7583
25833
22708
8250
7541
7750
7416
7375
7541
7667
7459
7708
7292
7625
7375
7500
7583
7500
7291
7417
7333
11834
7625
7750
24667
18958
24208
8250
7791
27875
21708
22625
19917
24208
8250
7791
7709
7917
7500
7625
7625
7500
7250
7458
7625
7625
7417
10750
8500
7917
7750
7333
7584
8584
8750
7542
7417
9083
18375
24000
16084
19125
26833
24083
26416
24875
22583
17208
26500
26583
16334
21792
24041
27750
25750
19042
22125
24292
16666
9292
9250
8875
9042
8958
8792
8750
8667
9041
8875
25667
9291
9500
9500
9125
9042
9042
9208
9083
9000
9042
8958
8959
9041
9041
8875
9042
8917
9125
8750
9250
9084
8833
9166
9041
9042
9209
8875
9083
9167
8875
15959
8917
8791
9458
8917
9042
8959
9000
9083
8917
9167
8875
9042
9042
9000
13083
10416
9167
9084
9167
8916
9042
9125
9084
8875
9000
9000
8875
8834
9042
9041
9125
9625
9208
8833
8833
8834
9125
8916
15625
9542
9625
9375
9125
8958
9125
15625
9208
9625
9125
9208
9042
9333
9042
9000
8958
9000
9125
9125
9250
9000
7916
7542
7708
7375
7459
7333
9041
12542
7500
7500
9125
9125
8917
9166
9042
9167
8875
9375
8917
9167
8958
9208
9041
9000
8834
9125
8875
9083
9250
9000
8916
9209
8959
8958
8875
8958
9042
9250
9166
10375
9000
9209
9000
8958
8916
8875
8875
9291
8833
8958
4458
4500
4458
4541
5208
4375
4500
4500
4500
4542
4500
4542
4541
4459
4583
4417
4458
4458
4416
4458
4500
5083
4458
4625
4500
4625
4458
4500
4458
4500
4458
4458
5042
4500
4583
4541
4625
4333
4542
4500
3667
3792
3708
3709
3750
3833
3750
4375
4292
3792
3792
3750
3792
3833
3709
4292
3792
3750
4292
3833
3792
3708
3709
3875
3750
3792
3792
3792
3708
3709
3791
3709
4334
4375
3833
3667
3791
3709
3667
3750
3750
4250
3709
3708
3708
3708
3708
3667
3584
3750
3834
3709
3709
3750
4291
5041
3583
3709
3709
3834
3667
3708
3875
4417
3750
3709
3750
3791
3667
3792
3750
4250
3833
3709
3625
4000
3708
3791
3750
4208
3709
3708
3708
3792
3708
3792
3666
4250
4333
3709
3750
3750
3750
3708
3750
4208
3709
3709
3666
3708
4458
4375
4416
5125
4542
4500
4584
4458
4500
4542
3666
4208
3750
3709
4250
4292
3791
3792
3917
3750
4417
4500
4583
4500
4500
5042
4458
4375
4417
4417
4500
4333
4458
3625
4375
3708
3709
3750
3792
3833
3583
3750
3792
4375
3792
3750
3708
3750
3708
3750
4375
4500
4500
4625
4500
4416
4541
4458
4459
4542
3709
4416
4334
3750
3708
4333
3708
3750
3709
3708
3708
3792
3667
3708
3708
3625
3792
13041
13708
11000
23250
24250
15541
25250
10000
7667
7542
7375
8875
7667
7375
7333
7334
9125
8958
9333
8875
9000
8916
9084
8916
9042
8834
23375
9500
7583
7666
7333
9041
7500
7458
7458
7542
8959
8916
8958
9000
9167
8958
9041
7458
9083
8916
8875
9000
9000
8750
8875
9208
8833
8708
8792
9042
8917
9042
8875
8708
8875
8792
8750
9208
8792
9041
8792
7334
7333
7458
7375
7375
21334
8708
7459
7333
7166
8792
8792
9041
8750
8875
8917
10166
8916
8875
9292
8875
8875
8958
9166
8791
9000
8791
8875
9208
9166
9041
9417
8958
9084
18500
9125
9166
9208
8917
8959
8875
9167
9500
8958
8875
9042
8916
9083
9000
9125
9041
7584
7208
7500
9000
7500
7208
7417
7250
8833
8875
8833
8875
8709
9084
10541
9083
8875
9041
8959
8958
9042
9041
7417
7584
7208
7375
7541
7584
7375
8708
8833
7292
9166
11583
9166
8917
9041
9000
8708
9125
10541
8959
7458
8833
7417
7416
7250
7292
7375
7250
7375
7375
8750
8750
8708
7500
7333
7458
7250
7542
7833
7375
8833
8708
8917
10166
10417
10042
9083
9041
9334
8917
7250
7542
8833
7333
7500
7334
8708
8958
9541
16209
8250
4125
3667
3500
3541
3458
3500
3542
3542
3584
2791
2834
2833
2833
2792
2834
2834
2750
2750
2917
2791
2875
2792
2750
2958
2792
2709
2750
2833
2833
2875
2916
2791
2792
2709
2875
2875
2791
2708
2875
2709
7750
18291
7917
7666
7583
7500
7500
7292
7500
7167
7292
8875
9208
8958
8917
8959
20583
22583
7584
8667
21542
14583
13083
24041
7792
7375
15084
7750
9459
10917
23833
16708
24042
26000
9500
9000
8958
8917
9292
8875
8875
8875
8750
7500
7416
7417
7250
7583
7334
7583
7292
7250
7625
8875
8750
7208
7500
7375
9000
7292
7458
8917
7417
7208
8959
8750
8875
15916
8709
8916
8792
8875
8791
8750
8958
8833
9375
8875
8875
8959
10458
8916
8875
8750
7458
7458
7459
7250
7417
7417
8875
7375
7541
7125
8791
8875
8916
8917
8750
8791
8709
8708
9166
8875
7458
7375
8000
7666
7417
7333
8584
7417
7500
7333
9000
8959
8959
7458
7416
7500
7209
7375
7333
7458
10334
10167
9042
9000
8958
8667
8875
8750
10208
7292
7333
7500
7292
8875
8875
9000
24667
9125
8667
8833
9166
10000
10125
8583
8792
7292
7542
7417
7375
7333
7292
8750
7625
8959
8833
9000
8958
9042
9042
8875
8709
8792
8792
8917
9875
9000
8791
8708
8667
8792
8959
8833
9000
8750
8916
8792
8917
8833
9000
10000
10000
8875
8833
7291
7208
7250
7292
7459
8417
10250
8667
7209
7417
10292
9000
8750
8667
9042
8792
8958
10167
9000
9083
9167
8792
8917
8917
8667
8958
8541
8917
8750
8833
7416
7167
7458
7375
7500
7292
8666
8625
8667
8583
16875
7500
3791
3708
3625
4000
4333
3750
3666
3750
3667
3667
3708
3667
3708
3709
3625
3542
3667
3666
4333
4375
4375
4458
4333
4417
5209
4375
4417
4417
3584
3708
3667
4458
4291
5041
11958
3959
3834
7709
3750
3750
3750
3667
3584
4542
3708
3750
3541
4458
4416
4458
3667
3667
3583
3708
3667
3708
3583
3667
3750
3709
3667
3708
3708
3625
3584
3708
6292
3708
3666
4417
4375
4417
4459
4416
4375
4416
4333
5125
4375
3625
4375
3833
4291
3708
3666
3625
3625
3708
3667
5041
4458
4375
20125
26084
26958
23917
22750
26292
23458
17041
25417
7792
11833
15250
30958
26792
19333
12833
9166
23833
15667
8834
9500
8958
8875
8917
8875
8916
9000
9000
8917
8916
8792
8958
8708
7333
7583
7333
7333
7375
7292
9125
8875
7417
7375
7417
7541
7500
7333
8792
8834
8875
8583
8875
8459
8875
8875
9041
8958
8500
8875
7417
8833
7291
7416
7334
7541
21708
10375
7417
7542
7417
7416
7292
7333
8625
7417
7459
8709
7083
7375
7375
7542
8917
9042
8917
8875
8875
8792
10292
19333
9125
8791
7417
7333
7292
7375
7334
7167
8959
9042
7583
7292
11167
5209
5042
5209
5167
5041
5084
5166
5042
5958
5083
4417
4292
4333
5167
4375
4209
5000
4958
8625
5250
5167
5250
5292
5208
5959
6000
5834
5208
5125
4417
4375
4292
4375
4458
4292
5250
5125
5125
5083
5083
5291
5125
4375
5208
5125
5084
6292
5167
5083
4958
4291
4250
5250
5209
5083
5125
5958
5167
5208
5959
5250
5166
4375
4334
4333
4166
5167
4959
4375
4250
4375
4250
4292
4250
5083
4917
4292
4208
5042
8875
7209
7541
7208
7334
7250
7458
7250
7375
7292
8916
8834
9125
7542
7500
7083
7292
7417
7500
7459
7333
7417
9125
8833
8750
9125
8875
8667
8625
8750
8667
8625
8875
8833
8750
10584
8875
8708
8583
8500
8917
8792
8750
7375
7500
7333
10166
7542
7500
10333
8750
7250
8709
8875
8792
9042
8875
10333
10959
8833
8625
9375
9125
8916
8959
8750
9167
8875
9000
8791
9584
10666
9792
10042
23708
27250
23708
22334
9333
9042
9000
25583
9541
17583
17500
24875
24333
25458
9542
9125
8875
9333
9125
8917
8834
8708
9000
8708
8792
8833
7542
7333
7291
7500
7375
7250
7416
9041
7375
7500
7250
7458
7250
7250
7458
7333
24416
23292
18333
9584
7542
7417
7292
7292
7334
11625
27292
7584
22292
22125
22958
8000
22000
23875
25625
9125
27292
9667
24708
17208
26417
25625
24833
24792
7916
7500
7542
7125
15333
17000
24792
24667
25541
9750
23041
25459
27417
9292
21333
20875
15166
16334
22584
25500
17667
22750
25084
10958
11083
7875
15917
23208
23958
17209
15625
27333
26291
23500
11208
9042
8792
9125
9041
8959
7292
7334
7458
7375
8959
8667
8708
7459
7500
7417
7167
22708
7458
20167
16458
10541
22292
23667
21708
26917
23209
15458
7583
12542
24833
22792
18125
23958
22833
23708
23541
9542
19125
9042
25666
25333
25666
25750
21917
19625
9333
9291
7666
7500
8875
8917
8958
7416
7500
8958
22250
7791
7542
7458
7542
7542
17542
24708
23125
9459
25625
22667
17708
17042
24084
13792
14500
22708
21042
20042
8042
7625
7459
7459
7500
7292
7459
7291
7375
7167
7292
7500
7292
26208
13416
22375
20458
22875
8875
7500
9708
8334
7500
7958
20625
29042
24917
26334
9375
27000
24583
25459
19958
9459
18750
25584
23208
7708
7375
7500
25500
26125
9417
23208
25625
9583
24333
22334
21125
35833
21916
20000
23625
24625
22875
7958
7542
7541
7334
7583
23250
23125
7917
7541
7333
7625
7416
7292
7208
7500
21958
15792
27542
8125
3917
18666
4667
4375
1542
1417
1333
1292
1334
1292
1250
1292
1292
1333
1333
1291
1292
1333
1333
1250
1292
1250
1292
1292
1250
1250
1292
1291
1292
1250
1375
1375
1208
1292
1250
1334
1250
1250
1333
1333
1334
1333
1292
1333
1291
1291
1292
1375
1250
1291
1333
1250
1292
1292
1333
1250
1333
1292
1375
1292
1291
1375
1291
1292
3584
1417
1334
1333
1417
1292
1292
1208
1291
1334
1250
1333
1333
1292
1333
1292
1334
1333
1291
1208
1250
1292
1250
1167
1250
1291
1250
1292
1250
1250
1250
1250
1208
1292
1292
1291
1291
1250
1250
1334
1334
1250
1291
1250
1208
1292
1250
1291
1334
1292
1250
1291
1292
1250
1291
1250
1291
1250
1292
1292
1292
1333
2375
1250
1292
1291
1667
1292
1250
1583
1375
1291
4334
1583
1333
1375
1417
1375
1334
1333
1292
3000
1458
1291
1375
1208
1334
1333
1334
1334
1334
1334
1291
1333
1292
1292
1333
1333
1250
1292
1625
1583
1292
1333
1667
1375
1334
1292
1250
5250
1708
1459
1375
1292
1334
1334
1291
1334
1250
1250
1208
1208
1291
1250
1292
1291
1250
1250
1292
1250
4000
1708
1375
1333
1291
1334
1375
1333
1292
1375
1375
1333
1375
1333
1292
1292
1375
1292
1291
1375
1333
1334
1333
1291
1959
1625
1334
1292
3666
2709
2334
5333
32666
16375
24708
8667
17584
23000
8167
7875
7708
7833
7667
7833
7500
7542
7458
7500
8500
7459
7833
7542
7708
7583
7667
7375
7916
20375
7708
7458
7958
7542
7500
7500
7458
7459
9167
7500
7667
7291
7333
7583
7458
7792
7458
7417
7416
7416
7333
7666
7500
7708
7625
12375
8958
7542
7583
7750
8916
8875
13750
7625
7542
7458
7458
7583
7458
7584
7584
10500
7542
7417
7584
7584
7416
7375
7584
7542
13541
8958
8958
7500
7375
7625
7584
7583
7542
16250
4125
3875
3875
3792
3834
3708
3750
3833
3750
3791
3750
3792
3791
3666
3667
3708
8792
4500
4083
4459
3791
4667
3708
4417
3667
3792
4334
3791
3666
3667
3750
4375
3750
14917
20417
9334
17666
4916
1875
19958
20458
15541
21875
4208
5917
13542
4875
2542
1708
1625
1334
1209
1291
1375
1333
1084
1167
1125
1083
1167
1083
1125
1125
1125
1125
1083
1125
1125
1125
1042
1125
1083
1042
1125
1041
2083
5666
3167
3042
3000
2958
2916
2875
2916
2834
2917
2916
2917
3583
3125
3792
3041
2917
2916
2875
2916
3125
3417
3333
2916
3000
2916
2916
2875
2833
3166
3958
3459
4042
3459
2916
2833
3333
2917
2834
4625
1500
1375
1375
1416
1333
1333
1291
1333
1292
1291
1292
1250
1250
1292
8208
4875
1500
1333
1292
1250
1250
1292
1292
1208
1291
1250
1125
1166
1125
1166
1125
1084
1125
1083
1167
1125
1083
1125
1125
2000
1417
1125
4250
4916
1750
4791
1542
1291
1292
1292
1291
1292
1209
1208
1208
1208
1167
1250
1208
1250
1250
1208
1291
1208
1209
1209
1333
1542
1291
1208
1500
1292
1208
1208
1208
1250
1291
1541
1250
1250
1250
1250
1208
1250
1250
1250
1250
1291
1333
1500
1542
1292
1500
1333
1500
1250
1292
1250
1292
3458
8416
5125
9750
26166
19458
8250
3167
3042
3625
3000
2917
3000
2917
3041
2917
2959
2959
2958
3041
2958
2875
2958
2916
2875
2959
2916
2875
2917
2917
2875
2917
2916
3000
2917
2834
2875
2834
2916
2875
2917
2834
2875
2834
2917
2958
2959
2875
2958
2875
2958
2958
2916
2875
2958
2917
2833
2875
2917
3375
4209
2958
2833
2916
2916
2916
2917
3000
2875
2875
2833
2875
2875
2792
3416
3292
3416
2875
2875
2834
3000
3458
2916
2958
2917
2833
2875
2916
3375
2958
2833
3375
7792
3167
2958
3000
3000
2917
2917
3000
10083
2958
2917
2958
2958
2916
2917
2917
2958
2917
4458
2334
1375
1291
1292
1250
1292
1208
1209
1292
1250
1250
1250
1208
1250
1291
1292
1292
1292
2375
1334
1209
1292
1375
1542
1667
1292
1375
1292
1250
1250
1500
1500
1291
1333
1458
1292
1583
1791
1375
1250
1250
22500
27375
15541
3042
2917
2917
2875
2917
2917
2875
21667
8167
6292
4500
1583
1333
7500
28250
18083
20750
7167
6833
6542
6667
20750
9667
21833
21625
7833
23208
15708
23542
20459
7167
6667
6750
22083
7958
7792
24916
20417
17333
19833
18459
12500
4750
6292
19208
8542
3083
22667
22084
9750
18500
20584
19042
26333
23667
7292
10917
15375
4708
4709
11875
4083
27042
16625
26750
12250
24792
9833
9542
9500
9000
9083
8917
9208
9125
9250
8834
9000
8958
9292
9250
9125
9084
21541
24500
25500
17666
18416
4958
15833
10125
29666
24459
10250
24083
19584
9167
9541
9208
9125
8917
9209
8833
9125
9209
9000
9083
8875
9083
8875
9000
15500
9166
9125
9083
13125
9792
9292
9041
9042
9125
8917
9167
8958
9000
9042
9000
9000
9083
8875
9209
8917
9166
9000
8916
8958
9167
9083
9084
8917
9292
9000
8792
9250
9167
9042
8917
8750
9208
8958
8958
9209
8958
9375
8917
8917
8875
8875
9250
8833
9333
15958
9250
13666
9000
9000
9125
9083
9209
9042
8917
5292
5333
5208
5334
5125
5333
4375
4333
4417
4334
4334
4416
5083
4375
4292
4375
4334
4458
4375
5041
4292
5166
4291
4166
4958
4333
4333
4292
4209
4250
4333
4291
4292
4625
4291
4750
5208
5250
5333
5167
6459
5250
5125
5292
5125
5166
5125
5166
5291
5083
5250
5250
5083
5208
5750
7500
5458
5208
5250
5209
5250
5125
5333
5250
4417
4417
4416
4250
4292
4209
4208
4250
4500
4250
4333
4333
4417
4375
9417
6708
5167
11875
7584
7625
7417
7417
7417
7666
7500
7625
7500
9042
9000
9167
8916
9208
8792
9167
8708
8916
8875
7666
7542
9084
8958
8917
8917
9166
9166
9125
9125
9125
9083
9166
8958
8791
9375
14792
8875
9167
10292
10375
10458
7708
7500
7583
7625
7417
7667
14375
7875
9042
7542
7625
7542
6708
4375
4375
5292
5167
5125
4375
4375
4333
4417
4250
4250
4416
5125
4375
4291
4417
4458
5333
5334
5334
5208
5417
5959
5250
5083
5166
5125
5208
5083
5208
5250
5208
5292
5292
5167
5167
5250
5250
5208
5167
6000
5333
5250
5333
5209
5375
5250
4416
5292
4375
4375
5125
4417
4334
4292
5209
5250
5292
6000
5583
5083
5250
5458
5125
5125
5250
5125
6167
6167
5250
5167
5334
5250
5209
5250
6167
5375
5083
5167
5083
5209
5208
5208
5208
5250
5875
5959
5375
5208
5917
5958
4375
4458
4375
4375
4333
4333
4625
5583
4333
4625
5292
5500
5125
4417
4500
4500
5125
5125
4459
4458
4500
4375
4334
4416
4458
4416
4625
4500
4583
4458
3792
3708
3833
3750
3750
3709
4542
3750
3709
3792
4500
4417
4458
4542
8459
3958
4166
4041
3959
3958
4041
3875
3916
3958
3916
13875
11250
17625
18792
14000
9250
9417
9041
9250
8708
8916
9083
9083
9084
9041
9042
16083
13000
24416
18083
17334
9584
9667
9000
9458
7333
23333
7917
7750
7583
7541
7750
7500
7625
7708
7541
7625
7542
7458
7583
7375
7541
7458
7584
7625
7583
7625
7792
7500
7500
8541
8542
3750
1584
1375
1292
1375
1333
1333
1333
1291
1334
1708
1375
1334
1291
1291
1333
2125
1375
1542
1250
1250
8125
2958
5708
3042
2917
2917
2791
2875
2750
4500
4417
1542
1375
1292
1375
1250
1250
1292
1250
1292
1250
1292
1292
1250
1291
1292
1334
1291
2375
1333
1250
1250
1333
1292
1291
1292
1292
1292
1250
1250
1250
1625
1291
1625
1333
1334
1584
1292
1250
1250
1250
5291
5416
5417
1625
1416
1416
24625
27417
8041
23083
21583
8250
7875
7584
7500
7458
7666
7958
7417
7417
7667
7584
7542
7500
7417
7667
7291
7541
7375
7500
7750
7542
7666
7542
11625
8708
7750
7834
8709
26417
16500
13958
25042
23584
17875
8000
7625
7458
7542
7375
7458
7583
7459
7458
7417
7375
7583
7500
7375
7334
7542
7500
7542
7541
7459
13792
8792
7625
8750
7583
7500
7583
7375
18084
25917
20500
21584
10041
25709
25834
23792
23167
21750
8250
7875
5542
5500
5542
5500
5458
5459
5500
5416
5417
5500
5417
5459
9416
5375
5500
5541
5500
5458
5459
5500
5375
5417
5458
5417
5500
6583
6333
6125
6375
5416
5625
6333
5584
5542
18250
28917
8250
22750
21625
8291
7791
7667
7709
7458
7625
7500
7667
7458
7625
7709
7500
7542
7458
7541
7375
7584
7417
15875
26667
25375
9792
22084
22500
8042
7750
7500
7375
7500
7667
7625
7625
24542
22792
22584
24458
22000
8000
7709
13708
7500
8750
14959
16834
15750
11083
6125
3875
3875
3708
3750
3708
3750
3583
3708
6958
3791
3833
3791
4250
3834
4291
4375
3667
3750
12583
27458
24167
26958
8500
8792
24458
23666
25791
9750
9416
22583
27792
17541
25459
27709
25167
26375
11167
7958
7792
26834
24208
9542
26500
9667
24667
10291
19416
8042
7833
7791
7709
7583
7625
7417
7416
7583
14792
7500
8584
7292
7625
7667
7417
20959
8083
7833
7958
7458
7500
7625
7750
7583
7542
7584
7667
7458
7625
7708
7500
7500
7541
7750
7584
7541
7584
7667
7625
7667
7625
7542
7500
10792
8583
8917
7625
7541
7541
7416
6417
4250
5166
4291
4375
4250
4458
4458
4459
4375
5042
5125
4292
5208
4458
4417
20083
30875
8209
25250
9667
22666
14625
19167
24041
8667
7625
25708
24000
9750
23125
22416
8125
7709
7625
26000
15416
26041
17042
23959
25708
23375
23750
8166
19625
23833
27292
19208
26250
15625
22708
9625
10583
24417
9542
16209
20500
16042
7458
3084
2958
3416
2959
2792
2709
3417
2875
2792
2750
2792
2750
3375
2917
2833
2916
3500
2875
3000
2875
2875
2958
2875
3292
2917
2917
2875
2834
2792
2959
5209
3000
7625
3875
3292
2792
2791
26417
27417
26083
26625
27042
13083
24042
22083
23917
24584
26209
26167
17458
23833
17792
9458
25459
18750
24000
26750
24208
23042
17083
18542
27583
15334
24583
20375
25584
25917
27291
25625
25750
9667
25584
23166
26375
22208
8084
7875
27500
28958
24375
20625
23667
14750
9458
9500
9333
34500
9209
8959
8833
8959
8791
8875
9083
9083
9125
9125
9083
23666
31041
10625
18333
25667
14000
24250
16375
26458
28417
22166
23542
21583
28166
26917
25333
25125
24500
27916
22292
22625
10834
22291
18625
19250
25750
16000
21625
26125
23375
20083
25709
25000
23250
7875
15333
8000
7917
7833
7667
7958
10792
8541
8917
7917
8500
8458
26250
24292
19333
14333
20083
22958
24750
28708
26208
30709
24666
8084
7875
24250
26417
20416
24833
21959
12750
9500
9250
9416
8875
8625
8875
9042
9375
8875
15875
9375
9334
9917
9041
8792
9125
9083
9167
9041
9916
24083
12750
9708
9292
9292
9208
9291
9083
9375
9083
9208
9125
8958
9083
9125
9334
9000
9084
8959
9334
8750
8959
9083
9041
8958
9041
9042
9083
8875
9041
9000
8916
9000
9000
7541
7583
7542
7750
7584
7625
7500
7625
7500
7458
7666
7583
7666
7500
8000
7750
7292
7417
7416
7334
7459
19000
23500
25625
26833
16250
20708
21959
25625
8167
7917
24375
22292
8000
7708
7792
7667
23458
8125
7792
11667
7625
7500
7583
7458
7458
7625
7584
7458
7375
7167
7541
7417
7417
7250
28333
23542
21875
17416
23000
9667
9542
9208
21208
13292
14375
21875
24625
19459
27334
26667
8084
20375
26958
25917
23833
12917
13708
4917
7584
4833
4625
4666
4750
4584
4584
28292
27708
25541
19250
17250
24292
23833
9625
9708
9208
9250
9167
9084
8958
8834
9167
8959
9083
9083
9375
9083
8833
9000
25917
25666
10500
20208
25834
16791
13667
11041
4708
4375
4208
4208
4208
4167
3958
4000
4083
4041
4125
3917
4083
4000
3916
4167
4041
4042
4000
4166
4042
4000
4125
4000
4166
4000
4125
4041
4041
3917
4083
3958
3959
4125
4083
3916
3917
4000
4000
4000
3958
3916
4125
3959
4000
3833
4083
4167
4083
4000
3959
3958
4167
4167
4042
4166
4542
4042
3958
3959
4000
4000
3959
4125
4042
4083
4209
7000
4167
4084
4208
4125
3375
3417
3334
3208
3375
3292
3375
3500
3375
4084
4250
4167
4083
4042
4042
3959
4750
4209
4166
4084
4041
4459
4041
4000
4000
3958
4208
4083
4000
4208
3625
3625
3333
3291
3250
3250
3334
3250
3375
3208
3375
3375
3416
3292
4084
4916
3250
3417
3833
3417
3333
4167
3250
3500
4000
3500
3375
3208
3208
3125
3959
4708
4125
4125
4167
4000
4208
4042
4000
3958
4000
4042
4042
3958
4250
4208
4167
4208
4167
4334
3334
3333
3375
3292
3833
3500
4083
3250
3375
3292
4250
3917
4041
4042
4042
4167
4084
4125
3958
4000
4083
3917
3959
3791
4000
4125
4291
4916
3375
3292
3291
3375
3333
3375
3375
3333
3375
18834
3583
3541
3625
7875
8917
4209
3666
3666
3542
3417
3625
3709
3417
3333
3500
3375
3291
3375
3583
3375
3417
3500
3458
3416
3458
15500
4167
26875
16250
3500
3250
12208
23166
16625
12334
12084
11666
3292
2917
18833
26000
6833
5375
21709
22875
23625
9500
21292
25166
10000
9209
9500
9125
8959
9666
9084
9292
9125
9125
9000
9417
201458
25083
9583
9417
28125
25208
19916
18000
24875
19750
20375
23000
