584
23178875
2187125
55303292
100164625
99190375
100038875
100017500
100295250
103973500
98797708
100980000
96937667
98951667
99659792
104803542
97284208
98714959
100341292
99900750
100603875
99635500
98789458
100246375
101246125
99685250
98614083
100070708
105996334
95168125
112990000
86659709
101709667
99118625
98531500
99843500
100562667
99468250
99858458
100339666
99430958
100593458
99393500
99860959
100308375
100726375
99436833
100060291
99855875
99810833
99927792
100355041
102902792
99381958
98055208
99774708
100371625
100044667
99754708
99753042
100032417
100692709
99266000
99678500
99934333
99892209
100102000
101093750
105374542
100835500
95390417
100041208
98129042
99491500
100204167
121627834
84251083
96597083
102521750
97310125
98326375
99938541
98746000
100470875
100171917
100462583
100004583
99582000
100496917
98981583
99731166
100271417
99481584
100152292
99791417
99967625
101847750
98382167
101509041
113333708
88584041
99242792
99047291
99389583
99076750
100478792
99663125
104517541
96123000
100398709
99495375
99096625
100238959
100037791
99861458
100232750
100223375
100445958
100923500
99383459
99927125
99017625
99795417
100251583
99555875
99602708
100235250
102379333
101955417
97269875
98827041
99452750
99748250
100200750
100941417
98767209
102474334
100573041
98900500
105102042
98728709
96127208
99963375
99414208
99237417
99813125
100858500
100373291
99502333
100021667
99405958
99693583
99659458
100377542
101374875
98909625
100162458
99156459
102593709
118868917
82374334
98601083
99367583
98740916
100455167
99131125
100304375
100015041
99884375
100065958
100065208
100226708
100071083
99420334
101591167
102006209
97503000
102630833
96955458
99287750
100037416
101536416
100295416
102259959
95929708
100069542
99871041
100804917
100619000
98847416
100046334
100855208
98849541
99752458
100036833
99713750
99854375
99910208
100045000
100809000
99944166
99323584
100351375
100214875
99737333
102393209
99263125
98899334
99319834
99969709
100133167
99767750
100188666
99643166
100267875
100056667
99742083
100140834
99939500
100342417
99529750
101190583
99067458
100437250
99640500
100432209
99556417
100754666
111701583
87540500
103644208
100170167
97731792
99775333
99059708
100415958
105830709
95286000
98917750
100487625
98727500
99891750
100247292
101909584
98226625
99981834
99904625
99678667
99998500
100281542
99907125
99323917
100353708
99894458
99873750
100885459
102028959
98048958
98709167
101726167
99465292
99786292
100736875
98655292
99794792
99898333
101201667
99088584
100235333
99398541
100449500
100481375
104597834
97148000
98824459
99246167
99590458
99440916
100298667
100046125
100193750
99929500
100823250
99491917
99891708
99184000
100282709
99866208
99650333
100917875
99941125
100776542
99076291
99854375
100551375
100145792
99887125
99656375
99462583
100086792
100004125
100012083
99785083
99837584
101703000
101292250
98041167
99578625
100237208
99420625
99792000
102014667
105876208
99235834
95903916
98052834
100018708
99053541
100697125
99797458
99741833
100125542
100237417
100495209
99258167
99676625
100195375
100357167
100218625
100074875
100895042
98043417
100189917
99859333
99809500
100372125
99854667
99688042
99229375
100409917
106046625
99834000
98041125
98347667
99183583
99582334
99648042
102771167
100337208
97288667
99493000
100035042
102613583
98564500
98654542
103259792
97163875
99106541
100426541
100380458
101121833
99874708
98975625
99329792
104176500
100518333
96933666
100632791
105170417
95968791
97541125
99562000
99959000
99604333
100353333
99156875
100278667
100457542
99613625
103771792
97701292
99276333
99562750
100067542
99564334
103741584
98052917
99666125
100087625
100500750
100297666
98418208
99906000
99135875
100830458
98712958
102238375
98718875
99898792
99928167
100756458
100059917
99803333
99353084
99624583
100061333
101855042
98795625
99841250
100327917
100811625
98549750
99980959
99871208
100026250
100124667
99950208
99745708
100120584
99775667
100187959
99960750
99793875
99776541
100359917
99899209
99842125
100970417
109265583
90569333
100472916
98942875
99961458
100067458
99751625
99699125
100291000
99557000
100095708
100137542
100131167
99932958
101213167
101111417
98907083
99587000
99556500
99714250
99593750
100943791
99188958
99896583
99903458
100087167
100282042
99815458
100083416
99668500
100018292
100345792
99550625
100046875
100598250
99223542
100208625
100142541
100330708
99547500
100223042
99854750
99682834
100219667
101104875
98761417
99963666
100958500
99389958
99745708
99625917
101084166
99716542
99917084
99686125
100823750
99614584
99068708
100520958
102156709
100525834
98465833
98813041
99740666
100098375
99703959
99965875
103492250
98702750
100562667
98902541
99465458
104068500
101605958
95019708
100312500
100207625
98584083
100689708
99185542
99963458
101566875
98360750
99799250
99673000
100275958
99775458
106522042
98339084
97293084
99601000
100257667
99771666
100664417
98435750
99413875
100762209
100180708
99393125
100696417
103167292
96014708
193231250
6459583
172193125
27193208
100136708
99791125
102506125
100936417
98996667
98464334
99598834
102116166
101174667
96550750
100462792
100786542
99096500
100822458
98784208
100093959
100065833
99588208
100085333
99711709
103640042
95884083
100301750
99975250
100403042
101865875
99223375
102597458
96893500
100122458
99035333
99714167
99864625
100249625
101236084
98895667
100056084
99669667
100859708
103154792
97725584
99116500
99346459
99973458
99736875
100207375
99675875
100409833
99321292
100882458
99934417
99530000
99860750
102198292
105043417
94446250
99310250
99704792
100926042
100595833
99076167
99548334
99181375
100104042
102136375
101850084
98601000
98755417
99743000
98928000
100574959
99652875
100072833
99673458
99915667
100328041
100215667
103419542
96764708
99066000
100866791
101069292
99263584
100257375
100868250
98604125
99488292
99734209
100076541
100033709
99702542
100520000
100135500
99719416
109334042
91530291
99270625
100130875
99654917
100204791
99244167
100300417
99870500
100166208
100302208
99334709
100501708
99802084
99795584
100203292
99740417
100040500
100373250
99855416
99992833
101699083
99079333
99753750
99799625
99950125
99642208
105097542
97149000
98661667
100181209
99467500
101113500
101266167
103748125
97705125
96312416
99112000
99900750
106615458
96585166
100797709
96712042
99673416
100163416
101033750
98919458
99834792
99757958
100278334
99575208
100271084
99716750
99739792
99962167
100484417
99807375
99957334
100842250
102467667
98164583
99543667
101387833
99107292
99456125
99386541
100341791
99698458
100528666
99151708
99974292
100144500
100329625
99545042
99444209
100235250
100609375
99390667
100176875
99701167
100714083
99741083
99839750
100665375
99865875
99756375
100075375
99643708
100560875
100023208
99584291
100040833
99553542
99847334
99736375
100099458
99838292
100563042
99543833
100506958
114538083
92593833
92939958
100398500
100712542
100571375
100027834
97930500
101847458
99876958
99326000
99006291
101506542
98301625
101215791
99771958
100121667
98852500
100122916
99795792
99961916
100247583
100179958
100644584
99251458
99604041
99894625
100909334
98921500
100177125
100497209
100157541
99176750
100173042
100242250
100174000
99914083
99756417
100913708
99336167
99525166
100253958
100052125
99605292
101401625
99225375
100003250
99923125
99826833
100496917
99086375
100050041
99856834
100397583
99735291
100489083
99977291
100097584
100022375
100646125
101369291
99370833
100282250
97941000
100437500
99590541
99727958
100124459
100648083
98878042
99864000
100402333
100654250
99198208
100149209
99737167
100565792
99968916
100113291
99710958
99919875
99695167
100258958
100316709
100010125
99605250
99871375
99944750
100518958
100396625
99243417
100897250
101437666
99116166
102554375
98210000
98697458
100000792
100390250
98898334
100503667
105003667
96787333
120012833
77242375
101085250
99515417
100027166
100293750
100643500
98830500
99863625
100892625
99706625
99345958
100674166
100259375
99411000
99461167
100008125
100112208
104917167
97114791
98942209
99105709
99738750
100485084
99578416
99649542
100624792
100554042
101209750
98873583
99889334
99366500
99801292
100657250
100048584
99126583
104801208
94942042
99795917
100078833
100619667
99680708
99826083
99819958
100716333
99282042
100035000
100244542
99942542
100009167
101228084
101008583
98313667
99218542
99958000
100088667
102937250
98391875
99743250
99122250
99765500
100121167
99841166
100051667
99868291
100182042
99922583
100164417
100215708
100736916
99221916
100009750
99830958
99609000
99833584
100421541
104802875
96922083
98805417
100059375
99784458
99084584
100125542
100201833
101893041
99711042
99894875
98497791
100527000
100159834
99712375
99248625
100418250
99721125
100039417
99797792
100821333
113837708
85791542
101362792
99778417
102081792
97650125
98964708
100608417
99249750
99755833
100255042
99799541
100002625
100447125
99778084
102229750
99740083
98343541
99506333
99918292
100356167
101171125
99830084
99403792
101590583
98194125
100372833
99175375
101061917
99593458
100432542
100726791
100038750
99063708
99414500
100571750
98902292
100382333
99944834
99538584
100385333
100083417
99882584
99953625
101449041
98364792
100042125
100031333
99645125
99969042
100499875
99629708
100298833
100742083
100132166
99714958
99063375
103447167
97998750
100548542
98369667
100903833
99432458
99390750
100299542
100527791
101019625
98324083
100390041
101652417
98324000
99942875
101065625
102799417
97288042
99490542
99993000
99019792
102754791
98490709
99745500
99204667
98995583
100615500
100151916
100119083
99767959
100149709
99556583
100342125
100168583
100390750
102274958
99876042
98189500
99910667
99420084
99942292
99303333
99966917
109170167
92844292
99273417
99124250
99631083
100558959
100178708
99034833
100007083
100075792
103804000
97351917
99893916
98887417
100499208
100206625
99727125
101320583
99663334
99141000
99377208
100819334
100520542
100363333
99534042
99347083
99876750
99591542
100134458
101967875
100766834
99467083
98901708
99400042
99176959
100635417
100082834
99758917
100486167
98952292
101356083
99401416
99201125
99971291
100611125
99541541
100457083
99393458
100712709
99224625
100495292
99577209
100732042
99580209
100118834
100619166
99139750
100084791
99863792
99837750
100146542
99782667
100280000
101581833
98839166
100727417
100654334
101324250
99843333
98403209
99561000
100156083
98916458
100502875
99918833
99374500
100201250
100256125
100072459
102476958
98857917
100231542
99868584
100135792
98956708
99276750
102543250
100593541
97888250
100374792
100360084
100441417
98222708
100224541
98837583
100244125
100786917
99846541
100685500
99112042
105375792
101061042
92811042
99747291
100608625
100378084
99525250
100092250
99510166
100122875
100007167
99830041
100078292
100378708
99518625
99974833
99695083
100675833
99921167
99903750
99663541
99996375
99838833
100252291
99998875
100210708
100854708
98931125
99546667
100294291
100065584
100403041
99383458
100269792
100310417
99545042
103283208
96974917
99744417
99879958
100114083
100601875
99114875
100955750
99700959
99726500
99868500
100801833
99412041
99942125
99768000
100128084
100251333
101568708
101553125
98115708
99250583
99372542
100356208
99408000
100047250
100671667
99462000
100513542
99190125
100077208
99874875
100394500
99830625
99715459
99956708
101287709
103357458
96497708
99156666
99790833
100229875
100097541
100196041
99470875
101247500
98592625
102709292
100214958
97700667
99564500
99875291
100219334
99435250
100499292
99944083
100396000
99671375
99691083
100341666
100151958
99657125
99725167
101727125
99570584
106450458
93968708
99626750
98793375
100463416
99703709
99986166
99852625
99624125
100297750
99552000
100048833
102802625
98529500
99153542
99691166
100279292
99968042
99748958
99655709
100370875
100972834
98794791
100407917
99640000
99775750
99802083
100172334
100274541
99728584
99831584
100037250
105366000
94941875
100246709
99349625
100430334
99665541
100630750
102861625
97221584
100065250
100147000
99234792
100359458
100196958
99330500
100248584
99920959
100012416
99701292
99954625
99909042
99872834
100672500
99425875
100341250
99452208
100064250
100522916
100124125
99308125
100234667
99703292
102451625
98040958
99560917
101019916
99237875
99741458
100069791