10041
3875
9042
43708
19042
14542
29667
53250
51125
72250
17708
23084
108125
153667
342459
153292
89125
98667
81292
81000
57542
49500
98166
127958
51625
51833
31291
35375
43042
64625
21083
14167
75750
62583
50166
19250
31250
45666
36000
62792
26916
50000
14083
41500
43792
37792
46375
28709
6208
20250
16125
20917
253042
182125
193000
73041
84625
187625
148792
74084
72541
67709
62125
61125
31000
46875
50792
17542
29708
61459
53584
59292
144708
95417
89583
110167
62250
116042
98750
47541
56917
27333
60083
73250
78375
71875
57084
113125
138167
71208
56666
71208
61583
57250
47083
19875
16792
54833
33667
48208
72208
42916
38458
80583
191792
163709
67458
60833
64167
42458
272917
394791
132791
154750
76750
38208
60708
80458
87292
78375
41584
72500
103167
156458
79917
78625
61917
44917
64833
20500
65084
64708
61041
38292
68917
193833
212291
97125
62917
129000
117584
77292
108458
114625
79208
53542
165750
159625
53166
63542
61500
65500
34000
47208
25333
45792
56666
34375
31292
30500
15417
36917
30541
58459
43292
34708
44708
40500
35459
13917
28792
42875
23084
28083
121791
324375
210750
84750
40417
18292
60042
47583
102458
29333
57750
206833
234750
178334
106417
252500
274250
146167
165417
102250
73167
65333
77708
85334
66875
76125
83833
55709
50041
95625
93042
106417
74166
80500
105042
154542
163958
178167
72500
67333
20333
20625
54792
51541
70125
114083
154291
53958
50750
100459
62250
83500
40667
61584
136583
51417
420542
397209
147625
114541
78625
86208
127541
77292
74167
32000
53875
63333
37916
67208
81375
40834
57666
51542
44667
28000
34583
65167
56625
336125
264875
166208
205042
114250
98583
239583
235500
147375
55083
75459
64208
47333
66208
20209
37959
44250
49750
251708
124917
77459
126000
275041
170875
106000
63667
87041
47917
47208
78541
74416
369458
100750
127833
124333
617833
457375
260292
196292
182917
187083
89000
109875
153958
229875
200042
84334
75417
92167
124584
106000
32583
152208
145834
99375
77084
61875
64500
47250
44209
43542
19875
20625
43583
136625
126791
61083
71709
51209
39500
74958
246833
475541
211875
170958
105916
102375
50333
49500
50458
72417
53417
85125
121375
82375
58625
51875
59500
73958
76167
48041
70000
68750
21875
32708
132125
142000
218875
120667
621708
405500
343709
226209
213667
183500
159375
91625
137167
157042
92208
96709
94083
137167
447334
412333
471208
446667
343250
325750
141167
207750
157083
144541
244792
107208
159750
255625
349333
123875
132959
116833
85084
84750
66667
152541
107375
74666
54792
65167
68917
74625
50375
82875
85583
61875
68708
29292
51709
35667
193584
189792
112083
240417
176208
85584
140750
174583
113084
94542
67917
142042
212750
111375
90583
110792
69042
65166
56792
63125
248292
147750
110750
59042
64875
64917
54166
317125
189833
122833
67792
51250
31375
30750
110583
115333
68458
29167
68084
72917
66959
266458
228041
213750
283958
100292
83334
33083
111083
109541
59500
81917
69916
99875
67375
37875
59958
49125
21292
14459
30000
14458
42792
56834
45167
19875
33584
54583
31917
25375
37167
33875
49125
82417
43834
42500
41625
41042
60916
47417
64709
51959
370750
124792
98000
89875
72625
73084
54833
33542
38000
459250
411083
134083
102666
104959
79917
138333
31959
262709
232083
186750
150834
100084
246209
113208
138250
55875
63708
78917
87042
66917
27666
70625
41125
12333
54958
32000
39166
27375
36416
34833
65625
25958
52083
107958
478208
142459
108084
103458
44333
110125
62500
47667
78083
121459
41459
106625
40125
41500
69375
52084
90375
67125
49750
36167
71375
36750
55709
45791
42042
55584
56250
49875
84208
47458
30208
387583
378625
161542
97333
51708
306916
184000
150500
20709
24417
70709
35333
48708
74208
25459
51584
66792
87791
64459
42916
70666
20792
27083
56125
74875
35250
12250
110292
164209
96417
205542
95250
23042
71709
111625
74125
25500
91583
146000
93792
65542
64458
57458
61250
67333
51875
38209
139500
143250
105083
75958
59042
23375
19875
34209
42917
30042
48583
37958
29166
14208
20458
63917
85208
53375
20667
30583
118167
70875
27166
66458
58833
35834
26167
46375
39042
26041
41875
36166
6500
29167
15791
36500
96583
121834
115375
92083
29666
28375
22917
34833
26333
30250
68375
79500
29459
37083
15375
49500
53167
40625
131709
118875
60583
94875
57542
40000
96667
79250
192875
129750
165458
142875
63333
50542
28541
48583
54208
67167
57375
17792
53875
104625
56541
47166
98083
160625
60292
91834
94542
101459
82833
82958
73458
47500
73167
116208
98750
95833
57084
47542
37958
46000
99167
80917
22084
53375
24542
71958
39333
75334
27833
25000
40208
41000
42625
28625
31250
25125
7458
29708
29417
63125
91084
69417
33875
39458
18084
44709
12375
8500
90583
56792
51750
44542
23292
106542
197250
97792
95000
62000
30750
52541
133000
117042
52750
35083
95834
72916
49000
74291
62750
91542
123834
121042
64167
71958
49709
73250
36625
46166
16583
40083
44791
68667
46792
98708
91500
69833
71125
142542
88292
95875
54875
48625
29334
54708
65792
49208
62292
25541
22958
31584
280542
309709
214833
100333
78833
71584
53875
127833
74417
76542
116791
265416
294166
183750
82583
120792
272292
106750
108958
98292
66417
174625
116375
70459
107667
83500
39625
82667
79291
72250
49083
43583
37000
20792
43916
14458
25667
40958
31417
20833
88042
70708
32833
49958
117916
63667
35917
63041
168166
199333
146500
28833
44167
35750
51333
56917
113375
33416
67042
53208
293958
251584
111125
121583
140417
83583
96250
68875
34917
61750
79791
98583
54208
42875
59792
444291
339250
260209
134625
113375
85708
107333
73291
98833
167250
324292
240250
71417
54125
77625
74125
97583
69708
56709
179750
59417
96625
94042
48708
159333
176625
119417
95625
118708
101167
75250
91750
139917
49583
76792
74333
81042
65458
53583
31042
59959
88209
54375
64834
14375
58584
40625
42875
372042
284042
163708
141084
78208
108625
144000
200708
136042
120667
124750
113000
95291
80750
41959
299125
227292
109708
175875
127833
105833
164666
128875
326750
229750
151958
109167
74792
113083
137459
64916
68625
69417
40583
44792
46667
180667
226458
116042
61375
44875
116375
152750
459750
295417
245166
259291
146291
728542
418750
322334
299167
507458
217000
217083
207083
221750
163125
182375
229541
163708
133792
198667
282917
164833
162375
155208
82125
105416
72625
31792
74250
37667
72125
50583
111666
77834
149417
71209
128416
394625
200250
143667
78583
113917
43958
97709
53417
77584
77750
75083
93083
60166
59334
72833
56208
31875
41250
36334
245000
369458
252000
216750
120459
60417
46583
76125
71166
200125
154167
136166
74625
34666
25375
42416
62875
56917
28375
62291
17708
27333
62750
60042
90458
89208
37666
38625
21500
35750
25875
16459
55541
75417
58709
60792
60708
28375
81083
47625
39125
80958
107125
75542
43084
22458
74792
98625
36625
119000
90250
40125
14042
389333
202167
350875
381625
349500
192542
273292
187625
158416
222708
233041
127084
97000
133667
178375
432459
249667
142792
195417
88666
91083
33417
53791
104250
50458
70375
103375
141542
74292
100292
110625
63250
44875
28584
42833
317083
209791
134416
76000
63583
75500
31584
100667
113750
70750
20375
18375
65500
42000
45584
60334
35541
48292
5042
16666
112125
129917
29041
43375
15833
95500
42667
128084
22166
18167
28417
60959
59958
54500
28791
16834
18166
46209
86750
30833
37584
13875
26750
39000
31375
10334
6667
65083
462500
167000
39958
65542
51584
11875
47875
34375
80500
101709
49167
22583
18542
40792
49208
73541
51459
93041
133167
81459
91208
66625
487833
259708
193500
220416
178625
146792
107125
96291
72208
67417
291000
309041
200750
105084
68750
85000
53167
201083
207042
132666
133917
150916
39541
46042
60958
30209
35625
15750
56791
19750
57542
61292
139000
150625
90958
36958
10667
64709
74958
35042
37417
28292
46750
96667
117334
145917
427500
482625
297958
253375
181625
147625
180375
55875
99958
143250
103625
131916
145792
81250
172875
166291
101791
91250
58042
59083
63917
35208
32042
12041
60250
30416
5334
27708
32833
24750
53708
75125
54250
52833
29375
40250
34958
41625
189750
148292
63625
24958
33875
55041
63375
121542
104875
71292
27875
46916
59583
55375
44792
57208
19375
80084
86625
182500
365250
284333
109417
149500
114291
135708
60167
62375
56750
286709
294709
159125
65583
84958
65333
204458
167500
118292
74083
62542
110791
81375
31083
50917
42833
35334
52208
58792
45458
12125
46750
76583
98000
74916
57375
47375
89667
72667
52208
38541
35917
68000
75875
92250
50167
37500
24250
71917
84125
139500
36625
28416
41000
17458
212125
111291
146917
102000
78958
66500
74292
71125
42084
26667
94084
64042
54208
122917
119292
73583
93458
59250
41375
77000
56208
60750
30875
42041
61458
29708
25708
36292
117792
109500
85417
97875
126125
67167
45167
133000
90417
54084
236625
122958
150541
114500
52042
76042
44542
140750
151500
101875
44500
19708
22250
69959
60209
43625
47334
8542
124250
152334
52541
26625
115083
233542
303375
220333
105541
81125
91291
93709
69000
60250
34875
65458
33584
77167
59292
123958
262417
201958
94083
102500
49958
62167
44750
56000
69750
27167
57959
101208
45417
40833
84958
41250
73250
202292
91250
35042
72833
67792
41583
30208
29375
23458
66333
51166
65250
92166
138000
264083
92875
72000
38166
61416
93750
57083
37375
75000
84500
279667
122916
92625
84875
46333
72875
41334
377500
325000
122750
138083
99291
259458
183791
148250
76167
93792
126583
88167
158083
118875
55417
59250
44375
43750
57375
66833
58375
51916
68292
58041
54875
18917
128625
39917
47041
84041
94541
56666
80583
225458
177667
66042
61292
53916
88875
68167
56292
98500
229083
298250
123500
102791
90917
83667
92417
80792
47500
55583
59667
312583
185000
102334
64166
68542
108250
76416
1045375
519708
552042
344208
415208
410708
187541
199458
227375
180708
284333
160208
84041
204208
95250
88334
479417
131166
141792
85584
128083
181041
174333
175083
290750
255417
105583
62709
67000
439792
397584
211417
130500
248916
206667
130000
98209
114750
90166
79750
159208
65334
66750
76208
62167
41541
25208
34959
49875
43209
41208
158833
128583
105500
51667
67417
29000
54250
39833
35958
92042
112584
47042
64417
85375
26125
99250
43583
70458
67458
52708
72000
40917
63708
63584
78125
237500
182000
215875
66167
43959
211334
414875
356334
148334
130000
100125
146291
212000
209292
216125
176792
93084
89292
177917
139375
81750
89500
62333
93625
123458
121042
128583
67333
58666
35083
62875
324125
117208
61084
46417
42125
60583
109000
54542
45250
49417
26167
43834
33042
22708
34375
39958
69875
57917
62542
58833
99541
39334
30042
41834
27084
101708
151500
52333
23625
40417
12958
15708
56833
67917
121000
148708
105875
96875
50667
126416
84875
38250
35375
45208
37792
41417
16042
41416
29583
14250
27708
6875
25167
37792
22625
17417
34708
23667
37500
19833
16667
22208
219500
68625
83000
25500
36125
16250
23917
43083
41792
32750
35250
33709
30667
26541
60459
56542
31708
45375
38625
27792
66625
40708
48167
56125
68292
71875
35459
38750
41458
53750
42000
43291
30917
40208
36541
17625
28833
22250
42083
268000
163959
78208
67958
63208
67584
121667
363125
363208
79750
99583
95459
101166
49417
74541
65500
39250
30333
44916
38750
44917
123166
100417
70625
74709
57375
59000
35208
23750
92542
79917
44583
44833
9917
36208
41500
29792
35000
20916
23500
16500
260292
270875
104792
63541
81167
27084
89250
44583
22709
22584
36917
20042
40583
40042
68167
57000
22500
28875
59542
46292
21958
116250
42250
40667
126084
73416
120667
51209
24167
78542
35917
71917
42500
390583
278750
57375
139458
119250
95542
90041
84875
65750
47209
46958
73708
57959
49958
41625
54250
41167
44125
113292
40000
31458
38333
51625
87459
19875
34375
73375
55875
20333
17666
37167
30208
52000
57792
24125
24959
38584
63125
55000
18000
26250
38250
47417
78667
97459
169209
146458
57666
60209
48291
64125
74458
67375
41833
41375
46333
35666
61083
49333
14709
30042
21375
39958
12500
21917
47083
23042
63542
50000
48625
62958
44875
68292
20875
48083
201583
138750
54084
32042
52708
48250
62958
32208
35542
27833
45333
75667
50041
30458
34500
55000
31833
29542
20208
7791
39333
26208
62250
59750
18500
50292
59750
63500
27292
8417
28125
165792
136959
75834
27458
39375
32791
43917
57958
34542
31000
60458
88542
96667
18250
47250
20125
28750
17833
8042
38958
17750
39583
32084
23333
20292
22667
39458
35292
29459
27917
27041
18375
26292
29125
14667
33333
40125
8417
13417
25083
32500
41917
11625
9625
27042
13500
34375
39291
6583
321167
117583
67083
574500
245709
86459
33417
60667
154750
108667
72625
52416
64083
81750