132045083
95804584
99622458
99560791
100030042
99473584
100185833
100770375
99362916
100692375
99800208
99794833
99837959
99697250
100588583
99803625
100128958
100540792
99693708
99295125
100346875
101623958
99441167
99782083
100079625
99621166
100255208
100146875
100059833
100741000
97866167
100976042
99783458
101496959
98578167
99770625
99628500
100451917
99932500
99430667
99202125
100800667
100849917
104891583
95182166
99943083
99437250
99828042
100434875
99614458
99210000
100580583
102807416
105257750
95448917
98649083
98870542
99479583
100188958
99943042
99301250
100364958
99304875
100229709
100433375
102377333
107447833
89945666
99653417
101502417
98755500
100878875
99209084
99811375
100396583
99695042
99779375
99954458
100651084
99353625
99784833
102007125
102120916
97718750
99778375
100250500
98954125
99992708
100629750
98996417
100010375
101853834
97486875
99898375
102528083
103490000
98642292
96241250
99452584
100273083
100001791
102958333
97287542
100762250
99287667
99198500
104115875
95974708
99784958
100966000
99138084
100294333
99874375
100668708
99425000
102441625
98303333
99297667
99586750
99669042
101096917
99112291
102118584
99474709
98543875
99670000
100397750
102574750
98292584
99324584
99644792
99896125
102940666
97454250
99861750
101824750
98947917
104879875
100123667
97337000
97298208
99864042
99958208
100199750
99809833
100487834
99899958
101162750
98951958
99479084
102452709
100622125
97820583
99897000
98695500
99478666
101561583
103448541
97719583
99316292
98404708
99519500
135452917
73189875
94297291
99654334
112384375
88959250
102010125
96568750
104359542
94922458
100291541
98459833
100922166
99149750
100302292
100633959
99820625
100035041
99013375
99688125
102369417
98554125
99512583
99793292
99523167
100656917
100120083
101046875
99191166
100107958
108555459
91482708
98815875
100641958
99347334
101062333
100104167
99599917
101863917
100257250
98807541
99076584
99900084
106582625
92950000
101901625
98037708
99451042
100534291
100138917
99951875
99349375
100420250
109662208
91986958
100373000
98721792
99532958
99541375
100015166
100171667
99956084
99719458
99654208
100496791
101570542
99059375
99626709
99408834
100879833
100026292
99239833
101004125
99434334
99813667
100036667
100778916
99160708
100982209
106887250
94995292
97519542
99580792
100066292
100129125
100277208
99932458
100195333
99258375
101307375
99000500
100525375
98965542
99701834
100539625
100195834
100170708
99784334
99763459
100069500
100277250
99637000
100041542
107547458
133153375
105357834
55074333
99513209
102968625
97894708
98482833
99817458
99620417
101817125
98577250
99864958
99973375
99809125
99728250
100045792
108496667
96371083
96981000
99463583
120078208
80326333
100190083
100257000
103117250
95874875
100569875
100668125
100711041
98842917
101310083
99394125
98320167
101023250
99765500
98795959
100612417
99536750
99230667
103659083
98809334
99094958
98895542
100055041
99624875
101941875
99840000
99496666
100062291
100404292
97642375
110785083
89478666
99911958
100341209
100329792
99542333
108162625
98412083
95800166
98618666
100363334
99018792
99606958
100196417
99637375
100113917
100289333
100157875
99510416
99747125
100283958
100082125
103083417
98018625
99931625
98885542
100011333
105736625
94072250
100472084
100161458
101385791
99163500
98974875
99997792
100159000
102077166
98518125
99442667
99689500
102453750
98276458
102699083
96987417
99598167
100230584
101839292
97933917
100147833
108430042
92145250
111998791
86990084
100603083
99848958
99701417
99728667
99798042
104028166
96358708
100605917
99666792
99900500
99739584
100071417
99890708
99761209
99792750
110483416
94232083
97807417
104429917
98923375
107016541
96067208
93939417
105469083
94135667
99007584
99586250
100288083
99755792
100120250
107165000
92202625
99573333
100689625
100216792
102520667
97075083
101000833
99816708
100113917
105308042
93943958
99315959
100148667
99787416
101273291
99698625
99794583
99745625
99363667
104395625
95670875
100406375
100297125
99598833
99452625
100766083
99740458
99943958
100000833
104198041
95476958
103202458
97771959
99662000
99897417
99866833
100608917
101795208
102346584
102034542
94486875
99986834
99098834
99331333
100293708
107551500
93183500
101480208
98306917
99606500
101571625
98041792
107907708
92210417
100058625
99639459
100476042
100913833
100415208
99641750
99388208
100567667
98557041
99573417
99585042
111055167
91115791
98901334
99331291
99926625
100052292
100488250
100043084
99679542
100320583
103995000
96262459
100596875
101135083
109028083
94154125
101110833
98361375
100776667
95082292
101597416
99109583
99211291
100808709
102231500
97872291
98630917
100720334
99667542
100231000
101114209
98663833
102559833
97545125
101414416
99125625
99608791
99169666
101041459
99966541
99127375
100135833
99204750
100216917
99784833
100366375
99315125
103498959
100147334
97146875
99585958
102104125
99094541
98942291
99932958
100307584
100790375
99014417
104168667
97355292
99662042
98909375
99526125
100223250
99512917
101514459
112867792
90033666
97453042
99108959
100450667
99894083
100667833
99561250
99024042
99822125
99889375
99896167
99739167
99677250
100983708
99489584
100169750
100992125
98670167
100291333
99978542
100260792
99537500
99922042
106128583
97170250
101788833
98065417
99323417
97582167
99622375
100714042
100503958
99526625
109030458
97368625
93653958
101460041
100110416
98424250
99561667
100626792
99215417
100253083
100040584
100978833
99121292
99489542
100048959
99907292
100580042
99690958
99791625
101508750
98438750
99953542
99970333
99957417
99717500
101139667
98861959
100875209
99660833
99861166
100303833
99691375
99958584
102175459
100432583
98883250
98580459
100385167
99704292
100008375
101628583
98854625
99089625
100127500
100119958
100350083
99826750
99610250
100099167
102351708
98679417
99541792
99430750
99904167
99883667
100146292
99432541
100111708
99839583
100304166
99465708
100522833
101095708
98767834
99663500
100670709
100221875
100409208
99870500
99945042
99697709
100027834
100659209
100137208
100485500
98980375
99326041
99967833
100670125
99212334
99925291
99998417
100214375
99960125
100581042
98802583
100351709
100675375
100318041
100287583
99531208
100753208
98763875
99648417
100062291
99864708
100607375
99459541
99626625
100599875
112413333
98144834
89537250
101271583
98833291
99895208
99862541
101616875
99058750
99174292
99987083
99883750
100142292
99725417
101217000
98610334
99912792
100459041
99704875
99849708
100079792
100460334
100231333
99483458
100455750
101617333
99364875
99133959
99535584
100284791
99762000
99699625
100711167
99698958
100037834
100252375
100331250
100051667
99607042
99474792
100521792
100213584
100205042
102408708
97287291
99411083
99548791
100006125
100379917
100102042
99688375
99810750
100429791
100079500
99395750
100843958
99738958
104914458
98887208
98038334
99332250
99020667
105097166
96089375
98122916
99830208
100251833
100489209
99045333
101159833
99387625
99986292
100362458
99383750
101308209
103791583
98763958
97723125
99461458
99093917
99793125
100559750
105657916
96264375
98792708
99635708
98486500
100948125
100301458
99404958
102250167
99161958
100422791
98441500
100294958
99897625
99549792
100108875
99355375
99855834
109025583
95376000
100573166
95770750
101948500
105956750
95745375
105559500
98618083
101783584
94174667
97932125
99796625
98871791
100565083
100050667
99049167
101440583
98216000
99916666
100007750
103111375
107243459
92376958
97762584
99492500
99721166
99939458
100278375
100595375
99760583
99519500
99893083
99795959
102659042
98036333
104046916
95405083
99917000
102238542
98492625
100240917
99218750
100193542
99770583
100362375
99802208
99597792
100486125
102006166
99159667
99018958
102126667
99281084
103720167
98242209
96492459
100937083
100067542
99284250
105260416
95902334
98647792
99375250
99951125
104248250
98294500
100281583
97452625
100752166
98926375
100912084
102004625
100153375
99145042
99384125
99525791
102293250
98187625
99394834
99800917
100360125
102772667
98753000
98968625
99701708
100147375
99405041
98847708
101220208
99918584
99765333
99680958
100861375
99330208
99503167
100013083
99622500
99667875
100158083
115699333
85116791
104907584
99349208
96386708
99779958
100996583
99836875
100187459
98539542
101026416
100046542
100557459
97933750
99348292
100814916
100739250
99039541
99663666
100232166
100111208
102643833
99356125
98080584
103097375
99137958
98909625
100233959
104085916
95599917
98135917
102129875
100399417
100054084
98352209
100192083
101025083
99662708
98908542
100120958
100146125
106604750
97142041
99390583
97134292
101711959
98146833
100081834
101557500
99851959
98345375
100081958
99497167
99060542
100496750
99682625
100136500
100036000
99639083
100460667
99192000
100980625
99255792
99849209
100870000
99738375
100814292
102994917
98324792
98904333
99644416
103201084
100108792
97600292
99463834
99111333
99919917
100076458
100088042
99433375
103754167
98125250
98404917
99789292
100545125
105506167
95741209
99902042
98619125
100106042
100937875
100536375
99031917
101009541
98779917
98994834
99803625
102837542
99481625
100164459
106831833
92000667
99075833
100332250
104995250
95527458
99187917
100679542
100167667
100798000
100571375
98426417
100234125
98830208
99905250
100306166
99670000
99869875
100692458
99607917
100096416
99718417
100014833
99726583
100252750
100517709
99214417
100182416
102002417
101009666
97995709
100257291
104872875
94409917
100122625
99252959
99777042
99947041
100694209
100279083
99404958
143630375
62211000
100158292
95142209
100254917
100943458
99763125
98724708
100765459
99209625
99774125
99761000
100422625
102190792
97488291
100041542
99764584
100101458
99737583
99375750
99780292
100008166
100181250
100273125
99926791
99968959
100065125
100541833
99429292
99829041
100456166
100303959
99366916
99338209
100452667
99718250
100005917
99887917
100851375
100018208
99012292
100896291
99481542
100260500
100045250
99903834
99504625
99978667
100924500
99737292
101186959
103393959
96636416
98439750
100043250
99907583
100133958
99862083
99787292
109079958
100060084
91506250
99205250
101028208
100002875
99714875
102713750
97867750
99479708
100154542
99483958
99680584
100016500
99971375
99491000
103078500
98379917
102400958
98707917
98566333
100590750
100802708
107579750
91507000
99376084
99729291
99588250
100178000
99827042
99937333
101189209
99202958
99973750
105252083
96503333
99177333
99425625
99485417
100375375
98934583
100633375
99375375
100445542
101375416
99530042
99121416
99494916
100839750
100359791
99038167
99604583
100716125
100037583
99623458
100022958
103107458
96769375
100030333
99472208
101150958
99525417
100984625
98998750
100237917
109661875
101894875
90915875
98270167
100109125
100307083
102456625
97241083
99948208
98933458
100064500
100546500
99023875
101199250
99672542
99617875
99815209
100100959
99766667
99395875
100298375
100049292
99825000
100902292
99611166
100850250
99992333
102003667
97406125
99192250
100050292
99749791
100153791
99888958
100507709
106800541
92747375
100215625
100908041
99925625
99258750
100044292
99364125
100905125
99243875
104364416
96874042
99293417
99497708
101145125
99192959
99428750
100406458
102117000
98714500
99167458
101803875
99974542
99692541
102816917
97499708
98155666
100423542
99576000
101078625
99436416
100521375
109611542
103235334
94798250
94987542
99613209
99146542
98327666
105827750
94890291
102038875
98506750
99169166
104090375
96172125
98669250
100255750
99580250
100823416
98887000
100615292
100094375
99536750
100305708
99795250
101712917
98233875
100614334
99748834
99476625
100004333
100767084
99202667
101047792
100093917
100954333
101075792
98436916
98834667
99698041
100715292
99629583
101284042
99075416
99524959
99320917
100091333
99685459
100094750
99799708
100067125
100538792
100037333
99594167
101464917
101153167
98153166
100001917
100270042
100775792
100938875
98867167
99665125
99355500
99516833
100017875
99893958
100167917
99808708
108917833
92226041
113780750
85213458
137698625
68577625
97395292
100650500
98685000
97247625
100641041
100250250
100716208
99690708
103687542
96091209
98905708
99416584
99761791
99942875
100417583
100176083
100054292
99113917
99962125
100343959
99817625
101262875
103407834
96570750
100667500
98282917
100242208
102636250