772651750
322744542
1812512709
919521959
307626541
164056875
50267959
34583
38750
606438708
68417
77500
92125
77750
76667
85459
72708
76000
304259000
73041
87375
75333
23239750
591060333
72666
103375
125983958
385781500
194302625
416963875
147880416
141430958
328392333
818864333
79875
308947709
69792
75917
73916
82042
76709
77958
71292
82667
74625
74625
86833
69875
75917
73500
76125
75833
77041
72333
73958
81458
74916
91833
75000
82708
74000
81583
83250
77416
74416
81917
73583
75333
79250
79333
75250
75334
75333
86709
75250
77834
74958
76333
76417
70000
43208
51000
43458
45084
43292
44625
43083
51583
42959
303683375
92596083
76167
76709
75584
76250
74958
76208
73916
77458
75292
80541
84875
82792
74542
87916
75416
88084
74875
77250
74792
83209
76292
89042
75375
53667
43750
53541
44167
44709
43875
45000
43083
55917
108505792
75708
76042
74333
74750
74834
77083
74834
76125
74458
75083
81583
75084
75792
77083
72916
74167
74791
76083
74125
88792
75208
87875
75542
83333
48375208
563378208
178627458
140918417
93880959
610570291
409380166
84542
513762833
105083
78000
75375
74333
76292
75000
75875
75209
80708
78041
75958
80916
77667
76417
75000
73958
77208
74459
91583
70917
74750
73875
82250
76416
75042
76583
73792
76458
75042
76708
76125
74917
74917
82750
55459
43375
43708
43542
43334
43041
45458
43708
45542
43291
51958
39125
44875
43500
44791
43583
44959
43125
45500
42666
45166
45958
45125
43333
45042
43250
45208
44209
44625
44000
45292
43250
48292
44084
44375
43375
45375
43542
44791
45084
44084
42292
99569500
304178875
70375
75125
75833
76708
78000
75292
81000
9100666
76958
75542
76792
76417
399176708
308545834
75750
77291
76459
75166
73875
75000
74292
75125
74500
75250
82458
74917
75084
74625
78042
73875
74167
74709
76083
75125
74500
80000
75166
83791
75041
74375
75167
76083
74084
74833
74833
74708
74458
86208
75917
75167
74792
75292
75292
74666
76292
72625
74000
82167
75166
43750
43542
44125
43959
43875
44209
47542
43667
44375
112339417
80625
75750
76833
75750
75792
78000
74750
74625
74875
75291
80667
75333
75292
74625
75209
75916
75917
76541
75250
88125
73042
78709
75667
76834
73333
75708
62709
44042
43625
43709
43625
43542
46458
43542
43833
43416
43750
43375
43625
43791
44167
44666
43625
47208
44250
43667
44916
44000
43542
1110110375
612185792
83542
76667
122783500
71542
75916
75292
76083
74917
76292
74583
75458
74833
77625
83625
77000
74667
75584
74875
77458
79459
70250
75541
76500
74583
80500
75583
76791
74959
77209
74750
76167
76167
75583250
145062958
74125
76125
81625
67625
78833
74000
75375
75917
74625
74333
80750
75375
76167
75917
74875
74709
73875
74833
77459
72958
83542
79000
77875
73125
74125
74292
75042
75041
76750
60084
44125
43542
46875
43458
43542
43625
43917
44000
44166
43458
575009667
89167
76292
75500
76625
74500
76083
74625
75000
75917
73125
78666
79917
74583
77459
74666
76125
77792
77875
72167
75875
85292
74750
80084
75459
74000
76875
74500
76333
75250
83875
75750
70458
73042
79875
73500
82792
48542
44959
42750
45500
42750
45208
44625
43959
47208
43917
45459
43250
44958
44167
43583
45625
43416
45000
43083
48375
43583
44791
43542
51708
53750
45125
43833
54666
41334
44500
43375
44667
43875
44542
44458
45958
43625
43417
43500
44875
41584
45583
40416
38709
37166
38791
39125
38792
37667
38083
37500
39083
37042
39417
36958
39041
37375
40666
37459
38750
37333
38917
37250
38625
37417
38834
37375
39292
38708
38542
37292
38792
37000
38709
37458
38667
37125
38458
37792
40500
37209
38833
38000
38750
37000
38625
40292
84208
36583
36916
39292
38084
37375
38292
37042
39125
37333
38625
132301000
71916
76542
75000
75375
74791
76917
75250
75750
74625
76917
81625
76208
74042
76375
75750
75167
75709
75791
76291
84750
73750
81625
74583
74041
72583
45375
43333
44417
43250
44833
43500
45291
45541
45167
43667
45166
43250
44417
43708
45084
42958
44208
45500
46084
45958
43000
45250
43708
45000
43625
44041
43375
47667
39542
46084
44917
43833
44500
42917
44083
43708
44000
44417
45125
43417
47375
41500
48791
39167
37792
37333
38792
37708
39333
37583
39125
41833
38458
37708
39000
37416
38750
37125
38542
37541
38792
44584
178938042
596606542
420857334
107779958
392906583
148457084
28635417
14059292
79792
78833
81958
73167
75458
77209
75584
76542
75625
86792
76333
84625
72666
81250
73583
75084
74916
74958
74625
75792
74708
87459
74709
75333
74125
75334
73167
80542
61042
49125
47458
43875
46042
44709
42917
44750
43375
80792
48791
45000
45417
46875
45125
43875
43375
44500
42917
720083
43375
44166
44250
43083
44500
43292
44958
46166
1117542
43708
49584
43334
43708
44083
44375
43333
45125
43542
45458
46417
48334
49125
43500
42875
42958
43250
47083
40958
49292
42875
45875
53459
43708
43250
44625
43000
44708
52334
41625
42667
44542
1171209
55917
53083
57292
55792
58667
54542
55292
513167
28294541
75792
76292
74917
77500
74125
75375
71417
79375
75292
74250
79250
76834
75292
76625
75292
76500
75375
74708
78208
75292
85416
78917
75500
76584
74417
76833
74917
76083
74750
75459
73375
77416
77792
44708
43250
45042
383065542
82750
81250
85041
69250
71709
75541
75208
76500
107598583
711104292
63640333
653178000
307071042
72583
10569750
298774958
69625
75417
1030491250
71208
77750
378656042
176926833
140029917
171038292
75083
76333
78875
70917
74459
74875
74417
74625
75667
75084
81791
76083
74708
74541
74292
75291
75625
74917
74959
777942875
70333
76083
75542
762462584
11620000
24015542
76084
75917
75042
75250
75459
75125
76500
75125
75750
75625
81667
74833
76166
43759709
370225125
74958
75875
85625
151082625
91674500
369993584
79750
86052917
148850417
260566041
100381417
205834625
427883334
515763334
201870166
1227016000
98846833
516331833
28917
33542
33250
32959
33583
39667
37041
32917
33000
33083
36083
32542
34000
36875
35792
34458
32458
34667
41458
34583
42375
29875
31667
36667
33125
32583
32667
32542
32625
34417
33375
32458
32583
32292
33375
32209
32792
32250
33042
32709
34542
32458
33958
33667
35417
32291
32542
31958
33000
32291
32208
34542
32292
32542
32709
32500
34584
36917
32042
32500
32625
32250
34000
32208
32292
32500
32209
30792
32208
32125
32417
32167
32541
38041
32291
32750
32834
32500
33167
32416
32458
32375
33167
33375
34125
33375
33375
32834
31708
34208
39125
34042
34250
34083
34084
74833
32584
32417
34208
33125
32375
32625
32959
31958
33750
31709
43291
32459
34666
33375
32209
32542
32208
35250
32333
33042
32166
35959
32917
36625
33916
37667
32083
32125
33500
32334
32917
31917
36709
34167
33000
31208
32958
32792
33084
32041
33333
41792
32834
32292
33917
32417
33208
32666
32834
32250
32750
32000
35875
35875
35833
37500
33583
32250
35042
65292
69125
27791
33041
31584
31083
31208
44917
31334
30791
31208
30583
30834
30708
31417
40042
28125
27500
33792
32958
29416
29916
29458
30958
30875
31000
31417
47375
31791
31083
31042
31041
31083
31209
30708
31000
31000
30917
33250
31542
30167
30584
33292
30583
35959
33583
31834
38167
33375
31125
31584
30750
31792
30625
30959
30958
31083
31083
34334
30583
30250
31834
30625
30916
31042
31459
30500
30958
31375
33541
31375
30625
31125
30667
31500
30959
30959
30709
107375
33875
30667
31084
30875
30792
30834
30625
30875
30708
31333
32666
30750
30417
33958
33292
30958
30584
31458
30875
30542
31042
30750
35708
29833
45500
33792
33292
30458
43917
30917
32000
30917
30875
31167
31167
31167
31583
30708
35625
27417
27042
23416
25958
25375
26000
26666
25500
25750
26000
25875
27833
26125
33250
26166
27167
24958
25750
25750
26041
25458
25958
27708
26125
26208
26292
25959
26041
25750
25958
25708
25916
26000
27458
28250
23208
25708
25417
25542
25667
26292
25833
30666
22125
26916
25916
26417
26083
25916
25667
25542
25709
27750
24000
25958
27625
26125
26166
25500
29083
22791
25708
26166
25708
25958
26292
26958
25583
26000
25584
25542
25875
26792
26375
26250
24791
28291
25000
26416
26083
25834
26375
25750
26417
25708
25958
26500
26000
27083
25958
25458
25834
41917
24000
27250
25250
25917
25750
26000
27542
25833
25625
25916
26375
25792
26708
29042
26709
27667
127363833
1968708
80916
75917
73792
74958
77583
74791
79875
73791
77709
71833
87250
76083
77333
74833
77583
74208
77500
73750
74667
86292
72042
78167
88542
66625
79792
73667
76458
73250
75417
78458
73625
74875
84375
59542
46291
43792
46209
42833
46208
43042
45917
43458
45833
45875
45958
1791
14708
42667
43000
46042
43625
46250
43250
50000
43292
46584
42916
46292
44291
46208
43709
45333
43584
45875
45958
45416
43250
46041
43958
46333
56583
34375
42959
46333
43875
43792
37250
39292
39583
39666
37416
39292
37292
40083
37250
39875
39500
37250
36916
37209
36958
40375
37083
39917
36958
39708
37125
41917
37209
39833
37958
50042
37834
37125
39833
37250
40084
37584
41959
37583
39750
37209
40000
36833
50750
84042
37625
39875
37334
40750
37208
40292
37708
39750
40000
37166
42041
40083
37250
39584
37416
37500
37458
39625
37375
39792
37167
41709
54291
37708
36791
38000
37166
39416
37041
39542
37542
40334
37500
41875
39708
37959
38917
37333
39875
36667
41792
39459
39250
39750
39250
39917
37875
39792
38834
40584
37459
39375
36708
39709
37459
40458
35167
37042
42125
40750
38000
37458
38000
22763166
93986834
49792
46500
46459
41167
45458
45667
50042
1068792
43667
51750
43792
44500
44958
43917
45791
43875
45708
43500
52375
43792
43916
43916
53542
44250
43875
43667
13613416
32542
38000
37959
36917
38166
39333
36833
37708
41417
40167
46208
36417
39875
37542
39209
36792
42292
36834
39667
37042
37459
40209
46583
38542
38709
37125
46417
36166
37833
37125
42250
39292
42125
37250
40000
37542
39834
42375
43250
36625
39875
36875
40083
42917
35500
37000
39417
37333
38166
37291
38750
37875
49208
37042
40375
37542
37125
47167
37458
38167
37000
44750
37750
37750
39541
39958
38084
33708
32250
32834
32458
40292
32250
32250
33708
32625
44334
32291
32125
44167
32417
32334
40334
32791
32333
33333
32792
45625
32792
47875
33958
32500
32708
32416
32834
32500
32958
32458
47209
32458
33542
32500
45292
27461292
30581542
16917
20167
20166
33500
19708
19333
20125
20417
20167
20208
22500
21125
19542
19750
20084
19667
20458
20042
20834
20125
19625
21334
20750
20291
19541
20250
19667
19958
22542
17667
20083
20208
21291
20958
21958
18042
20542
19583
19708
19959
19792
19875
21958
20042
20084
20416
20250
19917
20042
20000
20792
20916
18792
20625
20875
20041
20250
20000
19792
21541
19625
19083
20500
19667
20584
21084
19667
19875
20125
20625
20083
20666
20167
20709
20250
19458
22542
20000
20250
19958
20333
19875
20084
70875
21292
19041
20041
20208
20916
20791
19667
20042
19875
20250
21042
19917
21375
19042
23292
15708
18084
18208
18416
18292
18625
19000
17625
18458
18042
18125
17625
18208
18041
17958
18000
17750
19542
18041
17917
18750
17333
17875
18084
17833
18209
17916
17917
19041
18000
17875
18167
17875
17959
18084
17750
18083
18000
17958
19041
17917
17958
17791
18292
17916
20084
18291
17959
18250
17875
18167
18333
18000
18208
18250
18167
26042
18375
18292
18000
17458
16709
17292
17583
17584
17917
34000
20000
17708
17292
17625
563167
19333
17417
18125
18750
17416
18500
17041
17917
17958
1537667
18084
18500
18917
17541
17667
18000
17917
18250
801458
17917
17709
17958
18000
19208
1029625
1153083
17791
18084
2173542
19166
17500
17791
18250
18208
17834
18083
23458
18125
18750
18500
18333
21500
1431708
19084
18084
1606000
18959
17375
18167
18000
17875
18292
18208
17750
18083
17666
19167
17792
17791
18000
18167
1023000
22917
916750
16625
18125
1716750
14334
17833
18375
17750
17792
18125
18041
17834
17708
18541
18917
17708
18542
17916
18125
18042
17791
17833
17834
17584
17834
19042
17916
18209
18042
18292
17583
18083
17792
18083
17917
18333
19334
18375
17416
18709
17958
547750
18292
18417
17458
18333
17875
18083
18792
17750
17625
17958
18625
18792
16959
18000
17875
17750
18166
17916
17709
18583
19125
17959
18666
17750
17625
26542
17375
17875
17541
18000
18292
18375
19250
17833
20292
15250
17791
17709
24333
17583
24542
17958
17916
19041
18167
18542
18209
18250
18542
18167
18250
17292
17791
18750
19291
17542
21875
18125
18541
18000
17750
18125
17875
17958
18375
18209
17500
18958
17875
18167
18833
11218041
21667
18625
19458
16958
17875
18125
4387667
19250
17959
18417
6366459
18000
21417
18125
10041
24000
19750
5913125
18333
18958
18833
18333
18250
18125
18209
18083
17958
18334
23541
18291
18459
4610625
5038250
16250
21333
20792
13868917
23750
11379125
19000
11940000
4415666
1280417
4737250
7630750
21250
21000
19833
19666
19583
19750
19500
20209
20542
19000
1208
20792
18416
19167
19542
19709
17209
23667
19541
9029667
21750
1705166
164227833
73666
76584
76250
74875
75875
75833
76792
75833
73167
83458
89167
76208
75000
81875
75833
81375
74708
93417
81500
71208
75042
93041
286492042
60995833
653271334
81542
68000
77375
73416
75667
75458
75375
76083
75458
75667
94000
83000
74125
92542
68833
74625
91834
73125
83584
73000
74125
87209
78417
75250
79917
74958
76125
74959
75958
74000
84250
73917
82416
82083
108061000
54774500
80542
79209
75584
72625
88125
80792
74416
72000
77916
73125
84625
76458
79667
75875
73709
80458
69542
76709
80958
78458
72500
88917
76542
7662542
78708
83625
79791
72834
83750
81250
72209
82041
76250
75208
90834
75542
74708
75583
75667
81542
74792
75208
77209
74250
90458
63375
44333
43417
53250
44250
44792
43167
49750
46625
90958
48042
43542
43375
44792
43416
45292
43500
51125
42875
50959
45834
45125
43416
44875
43625
52917
42417
51042
43583
51375
42792
59041
50167
43875
47834
5885334
76417
75791
103235750
326473834
195545917
33196500
590603500
173906917
337975625
86214833
425871292
409513375
307158542
32373458
54975750
1864042
77208
77000
62128125
54459
56667
56667
57167
57791
56542
56791
56667
55708
56375
67375
57125
55875
57708
56584
56333
56250
55750
56250
62875
51000
140417
57208
45166
41042
45625
758917
44250
43208
43459
43833
43584
44000
43458
58166
62167
50500
47417
43708
43625
55125
357444083
339594709
49269667
71834
75958
75541
79125
75500
74417
76375
73875
76958
75042
85375
74083
84625
96458
72750
74333
76709
74833
328513458
80167
76083
75250
74500
140303584
73208
88291
68625
69166
79250
78042
67250
80709
371218583
72584
75875
75583
72667
81583
87042
72625
77166
50750
43917
43500
44166
43458
44084
43500
43333
43625
43541
43416
47084
43625
43625
43833
44125
43875
44042
42708
44416
43291
44333
48125
44458
50709
38375
44750
44333
45042
20692833
73958
80416
75500
80375
69708
36834
38333
34292
30834
32791
35208
33500
29417
31000
33333
33833
33375
32834
32583
2014125
76959
74375
75250
74625
75667
74667
75167
74625
89625
76042
80917
75666
75500
74500
74833
75458
74375
74791
74917
77875
74583
79708
77250
36622459
74750
76542
75375
90833
72167
77125
75292
88417
51208
34209
37958
28166
31250
32833
30625
30958
32167
30042
33458
16583167
430045042
56291
55333
54208
57042
60166
52292
55083
58875
55500
55125
508968708
55375
1401375
112280708
402095667
74000
76375
75584
75875
75875
74917
74916
73958
75375
75583
86500
71208
75208
74750
74833
74959
74791
74959
74125
76750
74458
79291
74583
75125
74792
79708
60167
44541
46042
51417
46250
49708
52417
46083
60750
505742834
33392209
990596625
93333
423187083
229237542
269016292
819333833
36292
37750
28333
26875
30542
29291
27209
32375
25125
31916
31709
47500
28083
30250
30584
68750
52000
33541
39083
39125
31417
31125
42875
32750
29958
28708
29417
35708
1125142042
29875
33375
32250
30125
32041
35250
32459
32375
32541
32458
42416
33083
307131250
70458
75667
75167
74667
74083
75291
74584
74625
73250
74792
85958
74875
74792
74208
81709
74666
75833
75167
77625
7458708
298084500
475833083
676930375
83078625
67000
74916
75250
83083
67375
74333
74458
74708
252244542
70750
75750
76167
1377948125
81000
83042
31783208
73791
76125
75250
75000
377389792
77041
77750
74750
75709
75250
74209
75625
74834
75000
74167
306493208
70708
75667
75333
75541
74542
74708
74542
74583
71958
79375
79334
75000
75333
74542
306263084
133646833
67583
76125
275766000
76814083
639486041
15042
92549125
82184458
68027500
1191151000
71792
76291
74833
76042
74875
90709
613916625
72250
76042
76000
75416
75334
76834
74583
74500
75042
75542
89083
55167
43667
44292
44000
43416
43334
43875
305493625
83291
76791
409725583
11833
307253792
28708
29834
29625
29167
29584
32917
26042
28459
29375
28792
34167
29541
280085250
52125
52208
55958
54334
56667
53917
55333
55250
55250
54792
63500
54833
55958
55458
56458
28114041
103908750
140830375
13872125
456064834
73791
87500
77791
6696583
93265625
62184625
124479833
532380083
6568792
607666875
92125
409547500
83417
511925084
75167
76625
75584
74541
75583
75416
74375
74416
409109208
56215875
53318416
181769750
937450125
66499125
3584
73375
75792
75958
86875
75750
72791
74458
74167
85250
74625
74791
135875
77042
70792
74334
75167
82125
73417
73375
75166
73583
76000
79042
161574833
486672708
921608333
409210375
7326417
168166542
1565703667
307176625
271035708
1062209542
91583
72252500
335022459
68292
75750
75000
76750
74791
74833
74959
90667
15986292
392863166
1498803166
84209
66458
69834
79375
70042
83375
68125
74917
74542
73208
84666
74375
77125
76958
80917
69375
73916
76042
77291
74291
75333
79250
77375
75583
78542
73625
75750
75417
77083
78149000
35250
38167
37959
37333
37625
37708
37667
38292
37708
37833
42541
69342375
21249333
80542
72208
76792
73583
94708
77958
74541
74417
72584
75584
85292
80208
72416
76166
68958
74541
77000
72625
72500
76292
73792
80167
76084
75042
77667
55083
50375
39292
43083
43209
43292
44458
46916
43083
44042
43458
43292
43625
43541
44541
44458
43666
43375
46792
43834
44167
43250
43167
42875
43833
42833
43125
43959
43083
46542
43708
42958
43083
43375
43708
43208
43375
43916
43500
43458
46792
43709
40125
50875
39250
38542
40375
37750
37750
36625
37750
40917
38083
14338833
83458
71167
84042
74500
76417
75042
75167
75792
71875
75833
83541
74750
74000
82875
65208
43750
43667
43917
43584
44667
43584
182086000
18875
30125
29625
29250
29667
30333
29583
30292
29334
28875
35709
30250
29500
29291
29208
29375
29416
30000
29000
32583
29458
32459
29458
31333
29125
30209
29542
31250
18169916
29708
29875
30417
29291
29125
29375
29042
29542
28875
29167
34875
30083
28833
33250
29000
29291
28958
29500
29250
29542
28958
32000
29833
29167
29000
29083
28875
29125
1562542
30167
29459
29292
27667
40417
23000
27667
33625
27584
30291
33291
29583
28792
30708
29542
28833
31708
28708
30125
44546084
1150708
88666
75292
74667
85000
76042
76542
75042
75667
74792
75625
82042
75208
75667
75791
76000
75084
73958
78750
73208
74000
74417
80041
74916
112809875
78375
75333
74541
75125
76333
71458
84291
74292
75708
74750
86417
75000
76667
83375
75875
74792
75791
75084
75750
74709
75709
79167
75917
74084
76625
75291
76000
81250
74750
74750
74625
74500
81917
74625
76000
74083
76833
74459
75625
77375
74375
75833
75541
79333
68708
43625
44000
43875
44334
49083
47541
42750
44250
44041
45833
43791
43625
135863708
77417
76208
74750
76292
75042
74709
77209
74917
74250
74041
83750
75542
74625
73875
86834
72959
73625
74667
73708
75416
74834
80708
75750
75375
73541
75375
77459
56459
43500
49416
43208
66695666
85000
75875
75000
72833
79875
70042
74417
75833
75166
76209
87209
76667
74375
76167
75084
74791
74625
76667
74542
76667
74458
81875
74458
76333
74833
75458
74125
76334
7161500
77000
75167
75667
75500
75792
76833
75250
75833
74708
75833
80708
77833
74542
76500
75000
75750
74792
78291
1198167
84542
76000
72500
80833
72959
74333
76042
74958
75917
75708
81875
74500
75625
74167
76208
75166
74083
75167
82959
71292
84208
74416
6210375
72500
80875
75041
76125
74750
75792
102417
75375
74833
78458
5691416
75166
74875
75792
76375
75583
75958
75792
75500
75625
74708
79833
75291
76709
75125
74583
74875
75584
74625
79292
5003334
76958
75458
8163500
83833
74584
74875
74333
75167
75875
75041
75292
76083
75291
80459
75584
74292
76458
74417
1469667
4015708
40834
38833
34833
6445083
34208
38875
39542
40500
37875
39625
38166
38292
37666
37959
42917
37041
37875
37666
37791
38000
37291
5884708
34292
6989458
37792
38333
37542
37500
36792
38625
37750
38916
37542
38458
41000
38667
38583
37958
39125
39250
36875
8103042
58875
52625
54167
57042
52417
57250
55500
56000
58084
55709
58750
54625
54417
56084
54791
3161667
1291083
82375
77583
72708
75542
76917
74916
76292
74625
76208
74500
82083
76083
75625
80583
74500
4939459
76791
74958
74833
76791
74584
75083
75042
75709
75167
75250
79833
76333
77500
74833
75000
74084
74750
74666
4943041
85042
78417
75458
77125
75292
72708
73708
81708
75375
75084
83209
74916
74541
76750
78417
76167
74875
7045958
39250
40667
37334
38250
37708
37583
37208
37709
37125
37583
6825625
42792
44292
43500
43959
44959
43792
5711875
76334
76667
73750
74875
75500
75458
74750
75625
102166
56917
78833
70750
77917
76250
79125
71833
5468541
78583
71750
78666
76875
80417
73959
2125
34375
74625
74250
81375
75250
74791
75417
74833
6315875
79000
75917
73959
76292
74542
75834
74709
75833
73958
72084
83750
76250
76208
76291
75208
75959
74542
4379708
75208
75792
74417
76208
75708
74292
76125
75167
75792
76625
78500
75333
73500
74875
9008000
76041
74792
75500
74917
76625
75542
77084
76208
78541
74834
80750
75208
76042
74625
74709
78916
75292
73875
74209
74250
76750
78042
73792
75625
75375
74042
74000
75041
73833
75209
62291
43542
46000
43834
43583
43166
44208
41875
49292
42958
47042
44500
47375
44833
43583
43500
44500
42500
43750
42625
45000
43000
44208
43541
46458
43625
49500
45333
43166
44208
43208
44000
51584
173966000
70875
76125
75042
75083
72584
77833
76791
74500
84334
74333
84791
75625
75916
75250
76209
74375
76291
74709
75625
74833
76000
79167
76459
75875
76291
81750
76708
76333
73750
76500
75042
74750
79000
75917
77500
43833
46250
43584
44666
43500
45417
44083
44541
48041
44333
43791
45375
43125
43542
44250
43500
43458
43208
43625
480578125
135692000
534932667
76084125
711000
2043125
2250
13625
1268250
2937417
18417
5765875
2000
12038959
1916
31834
6921458
6912459
2500
43709
6917
15417
12542
12625
12791
14250
18416
5950917
27084
6263000
2375
9792
32417
791
16875
6667
15459
12500
13709
12087250
5453042
1308167
12001833
14724500
1000
19166
12583
12792
12625
12750
12583
12542
12709
12500
14625
12500
12334
12666
12584
12625
18209
11734375
1041
18750
8004708
5947500
30853500
12083
2416
18417
6042
16125
12959
12709
13125
12667
13042
14125
12834
12792
12875
12625
12875
12833
12709
12834
12958
18542
1044615042
277573625
508900333
13916
14292
13000
13958
12834
14291
12625
14167
442519333
307307708
84250
76208
76625
126941083
231070291
520205541
286735917
235657500
3778334
848087916
145438042
779191208
472574500
1742542
85875
75250
76417
73708
79917
3407084
86250
75292
75583
74250
75916
75208
76375
81708
24755625
10016583
74792
74708
77792
75584
75334
76167
74583
75291
51024750
3973542
156102416
909738875
50250
56417
55625
55542
54958
56292
54917
56084
55083
66959
2500875
58709
55917
55250
56083
55084
54500
54250
56417
54042
55625
60209
56000
55000
55667
54458
56417
55125
56333
54125
54917
54958
59750
54750
3846875
58750
503922500
81429417
101841125
827334
75791
75166
75083
556042
76375
71750
74333
75000
75084
75875
74792
75584
75458
78250
82625
74292
604208
74750
74125
75917
82500
75042
110500
75667
82042
956166
3894208
4959459
76250
75625
74625
6192834
5679459
5985625
76000
74708
75833
80833
75958
73500
75875
4687708
80083
74958
75250
77583
6725667
76333
75209
75500
75083
75250
74875
75250
74542
6276875
4954750
77083
5934042
4975834
7772125
7027459
6975584
8014291
7054625
77125
75583
75250
74500
75542
7000291
5543500
7236083
6793666
6982875
3955708
6007209
6940917
7037584
6311417
469863875
82042
83750
84833
75166
88917
77875
81209
81334
918683417
118833666
68292
76250
74833
75333
75084
75750
75333
9387541
47145584
142707292
38407209
13375
14709
13000
14042
12834
14166
12667
14291
12541
19542
16333
11875
14333
15125
11125
12750
13875
12792
14042
14250
14250
13833
14292
12166
14083
13084
14334
12417
13708
12542
14042
12458
19625
14208
12500
13834
5901000
12333
14584
12750
14333
12125
14917
11958
13041
14083
13208
17917
17000
11291
634291
2708542
12250
12542
14750
12042
14250
12458
14167
12792
14000
12417
15667
13500
9917
13416
14667
14083
12667
14083
12625
14000
12583
14958
12667
14167
14583
2265542
14583
14916
13125
14625
12875
14000
12459
14125
12750
14125
13291
14000
12625
14708
12833
14083
12875
14292
13292
14292
12583
14625
12792
13917
12833
202417
2280792
16542
2445375
12042
12042
11292
11792
11500
11667
11208
13000
25791
13792
14959
12542
11958
12583
11417
14709
8959
11417
11500
11708
11708
12792
11833
11667
11625
11458
11458
11667
11542
17666
40292
1042
9833
10458
11459
11542
11667
12083
1931625
9081875
14709
14834
13542
820500
64834
708250
14625
18382833
800416
56221542
25103542
29840333
74334
73667
75833
75166
75916
74333
75083
76125
75500
74000
82208
75416
74375
79500
75208
82875
75042
73166
74334
74166
80666
76750
74750
73458
75500
87625
73583
75333
73666
74167
74667
74167
79167
75375
11833
76292
81000
75500
53333
42959
53916
40625
147183000
395812042
368788792
409979333
411281083
73625
76542
74583
76500
75416
75209
74500
78875
69708
74625
88750
71917
74916
74625
75792
73875
76042
74666
74041
77500
66708
84542
74542
74583
75458
74959
81292
68791
76541
73583
74375
74583
75584
76375
45000
43625
43667
43125
43208
43375
44667
44042
43583
46042
43417
43709
44250
43125
43791
43542
43917
43292
43416
43333
46500
43958
44167
43208
43541
43083
44167
43542
43833
43250
43417
46542
43500
42833
43709
39792
50542
42833
43375
43083
43792
41709
55667
38625
37791
36959
37459
36459
36917
37125
37666
37583
37250
37500
40708
37125
37792
37000
36875
37833
37333
36750
37250
37042
37667
39041
37625
37625
37333
37584
37583
42000
42500
37542
36958
37250
40916
51875
42000
37250
40375
38083
40959
41166
111042
1473959
6182750
5734917
5988917
6001750
5987750
5984458
7254292
7145083
6565291
5067708
6737708
6179875
6070042
7940292
517240875
14167
14416
15000
14833
14792
14583
12792
14583
14500
14375
16333
14583
12833
14833
14250
14417
12917
14375
14375
14292
12709
15708
14667
13958
12708
14250
14583
14458
12709
14250
14125
12084
12500
11750
13167
16583
13708
14042
14416
14708
13083
14250
14791
19625
10709
14875
12166
14541
14333
15250
13750
14834
14792
15084
13959
15500
14250
14750
15417
11875
14542
18542
8583
14833
14208
15750
13125
14250
14791
14041
12667
14917
14625
14125
12875
14333
15416
14208
13000
14500
14584
14542
12833
14375
14625
14459
12833
15000
14708
14583
13083
14458
13000
14375
14541
14833
14417
14459
14042
15375
14125
13917
12625
14792
12834
14459
14667
14500
14417
17875
12750
14500
14584
14583
12792
14500
23417
15000
14833
14542
14375
14375
12917
14500
14917
13958
13000
15334
17125
11709
12791
14458
14708
14292
12917
14333
14417
14292
13500
14709
14500
14125
12917
14500
14542
14125
12625
14542
14875
14250
13208
12000
14167
9958
14625
13208
14541
13917
12791
14583
14500
14875
12958
14542
14708
14333
12667
14291
14417
14583
12709
14334
15417
14209
12875
14500
15209
14208
12584
14333
14959
14417
12834
15209
14917
14208
12500
14208
12584
14125
12792
14167
12708
14292
13500
13917
12875
14042
12792
13958
12875
14125
12666
14208
12750
14625
12583
14167
12792
13916
12792
14041
12791
14375
12708
14208
13333
13792
12666
14292
12750
14167
12583
55792
15750
13334
14750
14041
12792
15000
14666
14208
12792
14333
16667
13667
13375
14083
14667
14167
12833
14125
17042
11916
12792
15125
14750
14000
12792
14584
14500
14250
12708
14500
14291
14375
13458
13958
12750
14000
12750
14083
12583
14000
12667
14167
12750
15000
12500
14167
12833
13958
12500
14208
12834
14083
12709
14084
13416
18333
35782792
31280958
76042
76500
76042
75292
76459
71667
77750
75542
74917
75125
84292
76333
75041
440174875
75250
76750
75333
75125
75208
75208
74875
74959
76542
75167
84708
74709
74542
71750
77375
74958
76209
73917
76625
76042
81458
84417
74625
75708
74708
76250
75500
75416
74583
106250
71291
79458
87416
64958
78792
76125
74791
74000
73416
64250
44666
44584
43541
48042
44791
43458
44959
43875
44750
43583
44875
57042
45000
43667
45250
43708
611898625
73000
75917
75333
76084
75792
75708
76333
74250
74833
87833
78209
74666
74708
81541
74084
75417
75041
75292
75417
77000
75584
82417
74583
75667
74625
74375
74959
82667
73084
74042
74250
74625
79375
74833
74542
73625
75375
75083
83542
43292
43666
44917
43792
47750
44208
43708
44000
44875
43459
43167
43417
43375
43334
45208
45750
45417
43625
44250
43166
44917
43042
44375
44167
44334
43292
47375
60500
43792
43875
44958
44458
45333
43542
45209
43084
45833
40209
48958
44875
43334
40750
45292
39166
39042
37000
37084
37208
39042
40500
38333
37208
39375
37291
38875
43125
38958
37291
41750
40042
69750
37458
38208
37833
38000
38083
38792
40083
39125
36833
38167
39959
37958
36792
36917
37541
38417
37333
38208
37209
38791
37208
41000
37625
45750
38000
37125
37875
37083
37167
35667
42458
43875
35667
42000
42375
38625
37167
38833
37083
38334
37500
37916
37125
38833
36375
39500
37334
38375
37375
38042
36916
37416
37667
37250
37750
37541
39084
37167
37708
38208
37584
38875
37125
37334
37584
38500
37750
40416
37167
37125
36875
1458
20208
37000
37375
37042
38584
40917
37834
36000
40958
37583
38833
37792
39041
37500
37416
37541
41417
37375
38667
37000
39209
37542
38458
36917
38083
37458
46334
38042
38417
43791
37292
37292
38375
36792
38667
37417
38750
37333
37250
37083
41125
37875
36750
37250
38792
37542
38542
37041
37083
37375
38083
39584
38917
37833
37917
36959
38834
36625
43000
37833
37084
37125
37667
37208
38666
37209
42250
39125
40500
37417
37291
39459
143375
36042
40042
36875
36958
37625
37709
37750
37041
37291
37250
39292
37708
37583
37208
36708
36959
37375
41166
37500
37459
37666
37417
36958
37666
37583
37459
37000
37417
39625
37625
37208
37334
33625
42833
33083
32625
33375
31833
39250
32458
32833
32500
32375
32709
32500
32833
41708
31125
34083
33958
32709
32584
32542
32458
32250
32250
32125
32500
32500
32584
33959
32583
32500
32250
32708
32250
32416
32417
32500
32375
32708
33875
32250
32416
32834
32459
32417
32292
32667
32625
32500
32167
34125
32916
32416
33042
32542
32833
32250
32292
29042
36959
32417
34541
32666
32500
32167
32417
32333
32333
32875
32250
32292
32458
105145959
76708
76125
76083
76000
75792
76375
75291
77416
75375
75917
85583
76209
76292
75250
76625
76480041
161851458
71292
74292
77167
74708
76333
74250
75958
74792
74667
74375
250430041
71333
74417
75500
75750
74500
76625
73208
76833
75250
75791
81959
76709
74875
75917
74708
819628416
74458
88458
74833
75000
73458
74167
74250
80125
75833
74916
74625
74209
80000
75291
74875
74834
74250
75084
75166
75625
88625
70958
72917
80000
74667
72125
79500
73541
76083
75125
74833
74500
76500
55292
44042
43459
43459
44291
43584
48459
43667
43250
43292
43792
43667
44459
43542
44000
43000
43958
46250
43375
43500
43708
47167
44084
43292
43875
43041
43458
47708
49917
47875
43333
43500
43834
43209
44000
43917
43542
43208
44000
43458
46416
40750
47208
39542
37167
37666
37209
37459
37375
71625
37250
37667
37208
37125
37166
37584
37416
37375
37709
37333
40167
37667
37875
37000
3361625
43958
42958
43333
43250
43792
42959
42667
42667
43542
43500
46709
43375
43291
43875
43708
1142542
44000
44167
48333
1544833
47375
44959
44500
162416
48209
43458
43667
1699167
67000
50250
54209
55208
54541
54833
60583
58917
55209
55125
54167
55750
56291
69667
73959
75375
74542
4235292
75292
74292
73875
74041
75416
74917
75208
1191083
84958
73209
76000
75084
76209
75333
75042
74959
74959
74791
81000
8465833
83250
73250
73542
74000
74709
74792
73541
74417
75292
74417
79542
74709
74000
73667
74292
74709
74667
73416
78084
77917
74291
78708
74667
73833
5020750
27083083
74916
74625
75084
75125
75417
74916
75125
74041
83292
74416
78709
75542
1567875
75000
85459
70542
73833
80208
73708
73083
75750
73541
74792
78750
74916
75333
73833
74500
73625
74250
75084
74958
80166
72958
76542
76625
81750
74667
74417
74041
74208
74208
75250
74750
75458
75917
71583
43083
43084
43750
43792
44125
44000
44042
43500
43708
46416
43667
43666
42916
43042
43917
43291
44000
47250
44458
43334
43833
63833
234804708
309418709
81584
76250
85666
38435917
30854959
96975500
152927375
395122208
31216750
213244375
103357541
13906125
252422958
11000
614625834
144261916
50269333
134041
705583
814292
1872083
2080000
90156833
75167
938428833
716594792
511907000
83375
512058250
24875
96865917
140814417
684014750
121057708
288442625
62912625
346732458
108894792
18732083
256348667
87827917
631958
1095584
2098917
77292
77000
74958
74417
372875
75916
445095583
716464625
85875
77583
77042
74500
74334
74166
74625
75084
74000
73792
75792
79417
74292
75458
75667
79292
74833
74459
74708
75875
84250
70750
78625
75834
74334
614032083
20000
15208
14666
14625
14291
12500
14291
14375
14333
12500
14375
15875
14042
12584
14459
14417
14250
12666
14292
14500
14500
13458
15875
14416
14833
13125
15125
14041
14375
20625
14417
14250
14500
15542
14458
14334
12625
14333
15042
14000
13458
13708
153990375
79955084
160155333
320635000
184487417
77946542
1258042
73958
89417292
466592208
613790333
72250
307241250
67209
73125
75083
74958
76125
75750
77927500
33625792
83016875
3858416
138670416
11641458
75917
76084
75541
75875
74167
34575792
75541
76417
75458
75250
76291
74750
75417
2209
75792
75792
80292
75459
75666
76833
74750
83375
71000
75750
73916
93208
74958
81125
75167
75334
74042
76000
74792
75250
74542
76667
74917
76292
78625
77250
74292
76500
71541
79792
74125
77250
71500
85750
43333
46875
43709
44708
44208
43750
43125
44333
43625
44584
42916
45667
46041
45458
43667
45125
44042
48042
43667
43875
43250
45167
43250
46250
43375
43042
44042
44959
43208
44833
44209
44708
43166
44334
45709
44958
43250
44750
43791
45125
41959
47875
39083
38667
37584
41125
37333
38834
37125
38291
37083
39083
36875
38833
37708
38583
39250
37875
36958
38583
37083
38917
36875
39209
37042
38583
36834
41000
37541
38875
37292
38583
37542
39000
44083
37833
37209
38750
37250
39166
37458
37334
37417
37375
37458
41083
37208
32270125
197099375
28840584
75500
75541
75375
77958
72333
75417
82417
77834
75542
74416
82000
75333
76209
74791
77042
75250
116583
70833
79875
74792
83000
75208
75375
75125
75458
74958
75584
78750
273427292
55792
55458
55083
56000
54791
54541
55250
55583
62625
56042
55959
55084
54875
54333
55583
60125
55292
55083
55000
55000
54666
60208
55750
55208
54792
54833
54834
55208
65667
68875
73667
74416
79875
74375
75708
73334
76208
74375
74083
74833
75625
74875
74834
80416
77000
65708
48083
43042
45584
46625
43167
43375
43209
47208
44750
42709
55125
40250
42833
43250
46542
43667
52375
43516875
44750
38208
42833
37375
37625
43792
43417
38416
38000
37334
47583
6115209
41250
249540708
70486250
543775792
105978375
69000
76958
83167
69292
82792
81917
65916
74167
74667
77167
83833
75417
74625
74458
75209
74459
73792
74667
75875
87250
78125
79042
73834
48472042
23157959
68749292
1888042
67443916
106952417
134035666
76375
447039833
109043750
28559583
72958
392810333
55342625
31662584
1878833
9773500
86250
71292
76000
75042
75416
73083
79792
73875
74667
75250
79708
77625
73917
75792
74333
75917
74458
76417
82625
73875
75250
79833
75166
77833
74667
72417
82250
73083
75208
78417
59083
43583
46375
43125
43792
43708
45208
45000
45167
45125
49375
45417
47458
49083
44291
26702458
36958
45375
55167
39917
49125
45041
44750
41792
34458
36792
44209
37417
2132542
14288959
36208
40542
37625
37375
38334
37417
39125
37458
38708
37250
45083
38125
37708
37250
38458
36667
39750
64209
75458
74459
78167
80500
37716500
82166
76208
72625
76041
75459
76000
75000
75791
74958
73834
80250
74834
83666
74125
74875
75875
74250
75208
74875
74167
74250
80042
80500
75083
25307417
78166
73000
83875
75666
73583
74125
85583
80250
75125
74417
79416
74458
75042
75125
77000
73958
75916
73625
73792
74917
74000
79292
74917
54211792
78500
72250
74958
74292
74459
74917
74833
75334
74542
73666
81625
74458
75542
74000
74833
75000
75875
74791
75625
75209
125286750
69334
75334
75416
74542
74292
76625
74458
75708
74250
76292
84584
76334
75791
76750
75208
75875
526061167
78041
29420708
73833
105159041
44778167
539197292
510168292
134921125
60659750
74500
76208
77041
74709
930567333
74250
75875
75958
75542
75291
76250
74583
75625
74792
64644625
753794584
66541
77459
75167
74666
75333
75583
2360458
100112834
114123292
68875
73279584
72292
77708
73750
77250
75667
75750
73459
78209
78375
74625
85584
76250
74042
77000
75458
76125
75000
75458
88459
71916
74625
80375
76000
75458
74500
76458
75208
47042
43958
45167
43417
44375
46167
44084
43542
45417
43125
44542
43667
44334
43292
45125
43375
47417
43709
44667
43750
44708
42208
45000
43875
44583
43333
3074958
79458
76500
723024625
399066500
1038518750
65167
306750333
73583
75334
76125
76083
74709
74875
74500
85375
75708
818826750
63205875
346024375
673406459
72667
75792
35865541
163442667
72167
75042
75334
74541
82125
75208
98340375
155046042
68167
16477042
11025333
184349125
75119417
75625
77708
75625
74500
75833
73959
81833
75792
201295458
6855833
89211792
681167
634629250
85291
72750
74042
75875
84083
73958
74167
75250
74625
75459
87375
80500
70500
85333
75292
73541
74792
86875
75167
75625
82625
82000
74958
155834
1454917
77667
70375
144304083
21680250
452790166
67917
75583
75833
78375
74459
76125
68000
76291
80583
82375
99417
77250
76708
74750
71542
79958
72000
74541
74500
100750
26166167
42000
50875
48125
42459
43208
44583
2250
32667
56791
45459
50167
42333
44208
44958
44250
43292
44625
43083
44875
49125
44834
43625
52167
43666
52458
45958
43792
43542
45792
44792
59459
54250
60000
51584
56958
55000
61125
62417
55917
55250
55125
60625
56542
55250
62833
63541
117000
379580500
54994709
74625
75625
75416
78167
74083
74833
76417
74625
76625
58743750
34917
33584
32083
31542
31500
31292
31500
30958
31125
31083
34292
31125
31125
30625
31250
31250
31167
31125
30959
31083
30833
33375
31083
31000
31250
31208
30625
30708
31042
30416
31333
31042
33458
31458
31125
30959
31417
31083
31750
31250
30500
31375
30792
33500
30375
31541
31375
31166
31834
31708
32166
31250
31542
32958
32875
34667
25208
26209
26167
25875
27208
26541
26083
26125
26000
27750
26042
26292
26375
26250
26375
26375
26000
25709
26083
26125
27708
26375
26542
26083
25958
26083
26000
26458
26583
26458
26333
27500
25833
26416
69166
12917
31292
23583
25333
25709
25833
25750
30667
26000
25792
25833
25625
26917
26250
25875
25917
25667
26042
28458
25708
26208
25291
26042
25417
26166
73167
28917
26375
26500
25958
26083
26084
26250
26875
26042
25541
28084
26625
25833
25875
25833
26292
26583
25792
25458
26000
26333
27750
26333
25958
25875
26292
25959
26083
26042
25916
26042
25917
25958
28500
25875
26042
25750
26792
29821584
65387791
47088750
557861833
72417
142136208
67542
74750
66401458
74000
76417
29768791
74625
83584
74833
75875
85965125
1006199041
409564416
46217500
109074042
971008708
136959500
98988500
406897584
165927000
727120125
309290792
97897083
926253458
130511667
1505297834
907014250
11500
26081709
14417
174040542
62952334
68755917
416282375
680012666
1324458
12333
12541
12042
12375
11084
11791
11709
11708
11334
11791
12833
11917
11833
17166
11500
11708
12667
12167
10875
11750
11625
12417
11666
11958
11667
11708
11542
11792
11709
12000
12000
11833
14903625
12083
12542
12042
11625
11625
11917
11708
11750
11958
11791
13292
12000
11792
11875
11625
11833
12000
11958
11666
11792
11833
12750
11833
11500
11875
11709
11750
11916
11750
11792
11750
11750
12500
11792
11708
11708
11792
11708
11792
11666
11709
12250
11833
12875
13625
12250
797458
12833
12500
12167
11917
12000
12667
11333
12750
11459
1370125
12958
13209
11666
12375
11667
12333
11917
11584
11583
11708
12459
11666
11709
11750
19708
12125
6123833
2336208
11792
12417
12250
11208
12042
11834
11708
11500
11708
11750
13000
12416
12125
11083
24500
13958
19250
18583
26458
15500
6554584
13875
13208
2743667
3376708
12958
12500
12333
11959
11791
11833
8625
13125
11792
11833
75875
34250
875
17417
11917
12750
12417
12833
12250
12792
12750
14084
12750
12666
12917
12709
12791
12792
49750
32542
21958
12542
11291
13042
12708
12667
13584
14875
17333
11791
9167
23584
22286500
17714500
133112042
1389027584
13083
96868875
609382958
96657791
4375
16750
14208
14666
12500
14000
13375
13959
12334
13834
14583
14792
13750
14250
13375
908583
11833
15250
12417
14458
12958
14166
14375
14583
14166
14458
14334
14417
14791
14416
13833
1493875
16041
3009500
849292
2806000
14250
14375
12750
13917
12625
14083
12625
13917
12625
13500
15833
14166
12500
14041
12833
14250
12875
14333
14250
12666
7877916
16750
16125
14834
14333
14542
14959
14584
12750
14459
15208
18542
13791
13584
14083
14542
12958
14208
12792
14000
12375
14125
13708
13917
12708
13834
12708
14125
12708
14209
12708
14167
13542
17791
14375
14583
14709
12792
14584
14625
14666
15125
14875
81625
16208
14750
15250
14000
14084
13292
14000
14500
14334
13458
16083
14667
15417
14250
13167
14875
14333
14458
14333
14417
13042
318583
719358334
71911750
505485458
10059000
79958
74833
78708
76292
76209
75208
77292
1407007417
39084
36458
46625
41084
40583
41292
37583
36875
46833
38750
89532917
319523958
79625
77125
76250
307165542
1126347208
409463125
616005125
19083
23500
24958
20208
22708
23416
22125
22958
23500
19417
34791
22417
22417
22792
22542
21917
22500
22167
22250
35708
23084
22333
22083
22542
22042
22167
22458
22208
21958
27167
20417
21458
22292
22500
21959
22125
24833
19375
22041
22208
22084
24459
22000
22167
25125
22208
22167
21875
21709
22458
25125
22292
22583
32916167
1398254250
1638163959
133518459
144084625
2283677542
33500
45917
37542
42208
32208
41958
40208
38583
37875
36459
48791
42875
33833
38375
39083
1021791250
50605459
358815542
34500
137166458
245909583
641179250
76791
74917
28035375
78208
1610038584
57516792
351895083
70625
75917
74542
76292
77375
128736417
62944334
96983417
1042283209
716783625
17212666
64164959
330204625
305053875
616105083
73125
75208
75667
78042
76083
92750
75334
83083
74417
99500
75000
75667
83417
82333
74667
75917
80000
78750
90667
76125
75334
76291
74917
87209
73833
88500
75292
81708
75000
91833
75167
91208
74292
82625
75041
82583
82250
74083
81833
75041
91375
74833
88916
69375
45125
51833
44291
52083
43250
43708
43542
47041
43542
45041
43667
44750
43708
44750
43459
51042
43083
44292
45791
51375
43000
70750
43000
42897583
76833
76209
76500
79125
72292
78083
88042
75459
77334
75334
82041
88208
70709
74750
89834
75667
82708
75333
76458
74292
88333
80583
77333
76292
85583
76750
76250
75333
79542
871555917
92167
75917
82166
74958
76459
74708
77625
74417
91500
72875
76375
80667
76209
75375
83250
74834
77792
74916
88333
90209
71542
73750
88333
74916
75250
75125
81916
74291
82917
75833
77125
74292
87500
81042
67458
43584
45708
43750
51458
42959
44750
43291
54083
42916
47458
43583
45375
43750
14772250
14905333
3215375
77542
77041
84583
75958
75667
82959
74375
88000
75250
77625
80000
82333
78292
83750
75375
80958
76500
75958
81500
71667
75917
79791
75708
82458
66375
83208
75375
84875
74791
88583
75292
89042
79833
81042
75750
89709
74291
90041
59459
45750
43666
45333
44208
47125
43417
51542
43667
56459
43667
43417
56458
43750
43833
57625
46208
53875
44125
43833
50958
43750
51042
44333
51958
43667
56958
46125
43708
51542
43667
89041
43500
43708
55708
43708
43709
44042
49791
44500
45042
39125
39375
39292
37416
48792
37250
36666
48167
37583
37084
38541
37541
47917
299216958
17021917
37541
37833
38750
37084
38667
36750
38583
37125
38250
37458
46125
38417
37500
48208
36667
36667
648542
39292
38791
37041
37792
41709
36250
37292
37500
36500
38625
40292
43375
36625
39542
36458
147988125
616550917
83000
411141417
71459
75041
76291
84500
74834
75167
75000
75917
75375
82250
83708
80958
75000
76042
82750
75500
76000
74916
83875
84750
72667
78750
81375
80958
75125
82791
75208
82083
74708
87750
75000
87625
78709
75959
95750
221785750
71709
75667
75000
75416
73875
75875
75292
76167
1104490208
73459
78000
76209
61510333
554169167
71583
76875
73750
76083
77083
74750
86167
74959
87375
74917
92209
75000
77041
74666
76333
74333
77209
74375
82041
92667
67375
77750
76417
74583
86833
75083
82792
75916
84458
75542
75875
75333
89584
72375
82292
74125
86250
75042
74417
75000
87791
74417
77375
76083
76625
75417
87458
74459
87833
74708
77875
74000
88500
74417
99500
74291
88167
74209
75875
74083
82167
74500
76875
75542
82542
80166
79334
77208
60333
43625
46125
43500
52791
43417
45250
402199666
307165708
48402291
159400292
73333
75834
76000
75125
80875
74916
82833
74750
432263583
142755833
153563958
75167
1624009708
79333
77417
75584
83500
77583
74458
70542584
951777667
176446709
642725709
33019042
85054584
496388125
37797375
474182333
818968500
84667
307066416
83667
83250
81750
3124708
408060000
80209
76458
83084
92625
76500
75125
84583
74291
75292
74834
74792
73875
75958
74125
87250
75334
75292
75000
92416
72667
75375
74042
83041
74709
77084
69292
44791
43125
51334
43750
55584
43459
43250
45125
43041
51041
45708
51375
39709
56208
42833
43834
44583
42792
51375
43792
69917
43625
43208
53875
43750
43500
43750
54167
43375
42958
51167
45792
43041
46833
43125
43750
40250
47334
40709
39625
40959
36583
46583
37625
34131208
83333
75417
75792
75208
73750
74166
81958
76750
74584
74125
80625
81208
75000
76291
75000
74625
74333
77208
123542
85500
73250
83167
74792
75792
73167
81334
83041
74125
54931000
414845375
512061667
307028709
47545625
200522167
72000
76000
87250
75208
83125
75583
68084
75458
128083166
954464584
50637958
75708
75750
76000
256182375
71083
77958
76334
75959
75917
513335042
68834
75917
74333
75625
75042
74500
75583
75042
75041
76000
85250
77166
75375
76084
74250
83292
82667
76500
81250
85666
71667
78459
75417
75125
87750
2084
34542
74208
81917
75500
81667
75750
82334
74833
103250
74500
75834
74709
75083
74584
87458
76042
93459
64875
43333
46833
51333
43500
44792
43584
55667
43959
43250
51458
43625
48917
46125
45083
43500
44875
49333
54500
40416
43667
42666
44833
43792
52125
43667
51250
43292
59292
43375
43709
56417
44083
43000
51334
43166
54166
43458
43042
58333
42958
49958
38833
37542
49666
36958
37250
49708
37125
32716250
120033333
72625
75958
74417
84416
75208
352932542
73458
76625
76000
75334
74417
75125
73792
88666
69792
75750
91792
83959
75750
75791
74708
83417
74542
80334
90417
60500
73750
87709
79167
68083
78333
75708
74875
76583
75000
75500
71208
80333
79125
76875
74333
78209
73000
76000
74167
74625
74667
74458
74834
81458
82125
65583
43667
43458
43000
55833
199458584
68417
74792
75875
75125
74500
74542
78791
74792
84417
70125
86166
74625
75334
73583
80542
83583
3868625
102281625
18809666
41952250
1163047042
307116000
72917
75459
74708
78375
74625
75125
409136459
66666
75209
82375
306747250
71458
75666
76541
73750
75959
75750
77167
75292
76500
75500
86500
75834
77500
77125
430744417
11393000
42979500
14030208
27598458
74583
134481166
73792
74583
75416
76625
73875
76667
20374209
80708
74416
75791
75875
74041
81375
74166
3357125
77041
76625
75917
74292
78458
74583
76458
2157417
84461417
75375
75583
75625
351936584
921689750
13823500
889458
791709
89292
60833
74250
74792
192509292
73625
75292
73500
75791
76917
76250
75416
82292
79740833
195413583
73583
75791
75458
74750
77875
74875
75292
65316875
74875
74750
74250
792029125
71875
398404209
140343625
269244041
718886625
45597208
50017041
414108000
82042
409671459
511851833
921740917
614339083
921510375
72125
76000
75791
75375
74834
74750
74500
75958
79667
76292
82792
75084
75333
76958
74459
76042
119473250
493726792
307212959
1433624291
1433588500
28016125
77209
76042
75166
76417
74500
75834
75208
75417
74000
74833
80000
76125
74875
75208
75167
74750
73833
75625
75125
74708
85042
77042
74083
75958
49166
44208
43875
44000
43333
44167
43375
43958
45709
44334
43500
43667
43333
44625
44417
47084
44667
43208
43083
46584
43708
44125
43208
44417
43167
43958
43125
44334
43250
44459
46375
44584
43041
44208
14268916
839266542
1572474125
77833
409528000
76993875
947070625
70083
77084
71500
80083
75167
76291
73250
76417
182799958
76000
75208
74875
635563833
10126458
399164417
83083
39755917
23963416
24112500
131258208
295168417
68292
76333
75291
76334
66443625
847895583
516805417
73125
775183458
74000
658268167
74167
283484916
24292
35125
29459
32125
842843750
69209
409302042
307064458
80834
307339000
66550000
72959
20082834
322952709
262106709
68537834
1102882000
67583
76584
76208
75459
76042
180515833
86167
73917
57038083
75125
1096607667
70708
76667
76583
75167
75792
75458
76000
75666
76083
74292
85250
75708
73583
77000
74750
74750
74209
73916
75709
103583
73208
43000
42792
44625
303314583
90084
76166
75208
75625
76084
72875
75167
75167
74167
74708
75041
81666
76000
76125
74875
77042
74000
74000
87417
69916
74333
75125
78417
75417
75084
74166
74375
75208
74166
76375
74584
80792
1224603208
77000
77333
75500
74958
74333
74916
75250
410403250
13250
14958
13459
16166
10334
13375
14417
14500
12541
14333
14208
14667
13792
14208
14500
14292
14583
12750
14375
14750
13792
13791
14167
14625
14000
12667
14208
14250
14375
12625
14208
14417
19000
14792
57292291
16125
15167
14708
14333
14625
12542
14208
338958
14000
15000
17458
14958
14292
13333
14584
15458
13959
12541
16166
14458
14541
12917
2974166
16833
13959
4283709
16625
15250
15792
14542
14959
12500
14541
14541
14500
12667
15791
19834
14792
14167
15583
14208
12459
14875
14833
15083
12167
18209
11792
14375
12708
14625
14542
98839583
84948875
43292
43625
43542
42333
47750
41041
44000
43917
43375
43750
48042
44166
43375
669634584
36405541
271023958
131329833
171196042
32208
37542
37417
37500
37000
35667
35875
311589709
1228688083
33417
39042
38000
37500
37292
307095250
409565583
921456625
15042
21750
20084
20375
19708
19708
19542
732760500
264036750
30375
436689125
818979791
1536202208
307139291
409635083
307080500
410646709
184226167
326715708
512002666
411794208
19500
29750
29000
28917
29292
31375
26292
35334
27083
29042
35125
29042
29875
28625
918827875
28916
32292
32042
30709
96039791
76083
415741958
58229625
85718958
1084805833
411786750
29458
139616167
7509375
59353500
326910834
153944541
202029541
1158570000
86583
1432648541
19209
23541
22583
22667
13447709
10020000
20583
22917
22583
23417
127808084
463749542
26958
129344666
302974750
626416
35250
29625
32375
34459
31292
29541
31750
28709
28708
1100183875
410005333
1128999417
72333
76875
75709
74750
76333
185495250
94421541
74625
76042
75792
75667
82916
107458
100333
72000
74792
74792
87125
75500
73666
81542
78208
90458
169417
86833
70625
197198000
27952250
11667667
401739625
38500
38166
38709
38625
38667
40750
40042
34875
37208
37250
45250
37459
37667
37375
37292
37667
36917
37250
37208
43167
36875
37417
32167
32959
32584
32291
39917
34416
38208
32000
32459
32583
34750
35958
31875
33875
34083
33083
32042
32584
32375
32708
32250
35917
32417
32625
32208
32833
32416
33042
31833
32792
32125
32833
35834
32709
32625
32917
32292
32833
32583
32875
32334
33292
32000
37375
32584
32833
34750
32417
34875
33208
32083
32459
32750
48834
35291
32917
39792
33250
32417
32375
32250
32500
32375
32959
32583
32791
32459
35042
32292
32208
32459
32167
32458
32584
32541
32125
32333
37791
33084
32333
32125
32333
32584
32834
32458
32416
32458
32916
34750
32750
32583
32333
32167
32250
32167
32417
32666
32625
32375
33834
32292
37667
33000
32375
34875
29875
32459
32750
32167
33125
32458
30542
39875
32292
31083
29041
29208
29333
29041
28958
28875
28958
32958
31458
29000
142750
30625
31167
28083
29625
28792
28875
28542
29708
28959
29959
31458
29791
28959
29750
28834
30042
29000
30291
28542
28750
29334
30250
28917
29292
28834
29750
28542
29542
28709
31125
28375
28959
30458
29792
46500
35917
28458
33958
29292
29667
30459
33708
28459
32458
28708
29250
68958
49291
77458
84916
49250
51458
92708
105416
195804292
40056042
61309083
187135125
22250
69825959
358515417
176219125
335970292
40975667
62091042
616064958
73458
76542
74917
74541
75792
80166
406562250
511912959
34792
33292
34000
33083
31958
169834417
164988459
186768833
401054792
70125
91875
510666000
188579875
69333
76292
75250
64448625
77417
170832875
37709
44416
394849042
61375
55792
56208
57125
53167
55500
54875
54667
55042
54500
65125
55417
54625
55541
54542
57417
53625
55375
54542
54709
66834
70791
58292
55542
56291
56875
56333
56750
53208
54709
54542
54500
60125
54917
54625
57625
60500
115991083
1008216542
36452125
2000
1142500
25167
23417
21958
22458
21708
22416
22167
41458
13625
45250
34792
24833
23958
21542
21708
21416
22291
23042
20875
21834
21666
24583
39209
29208
27500
22875
23000
3775000
366978459
16959
19291
18750
111831333
20958
300320583
1023980709
13833
11667
13792
14000
13708
13292
14208
13750
714562458
29166
32750
716708334
75958
76292
76000
77042
38394708
73250
75709
91878000
27584
64851833
420757792
23000
147335792
31834
362591792
819146375
6935042
712414292
33917
38334
304676541
80292
163681750
74834
72500
75042
76291
74667
76167
74209
76250
73958
85417
87416
76500
74208
82416
73709
76083
147292
101976334
40297458
40875
51667
33209
33958
38000
37334
37958
37583
38500
37291
50167
37417
38709
106416
37750
541209
73875
184266500
166413334
62458
56000
55875
56833
54500
56958
52542
125709
693041
58583
567901292
73000
74750
75083
83750
75042
74959
75375
77125
73916
77209
82375
74791
80875
76334
290073791
1246997500
72958
21459
117164500
2702458
759292
4101166
1408995917
80474458
329011417
75000
98292
37737375
269407792
46061041
645193417
183147416
332345584
72125
72625
75125
74708
74500
74833
73625
74750
75083
74791
83291
75000
75000
76875
74875
76625
129083
75125
167635167
31061625
23017750
310594042
71834
76375
79583
75792
307059875
511871667
78709
309116542
714925166
309274625
407468333
44917
55583
55250
56083
54917
55042
54750
801111500
1451917
86917
74792
73792
74917
75542
75375
75416
75500
75625
75708
80625
76209
78916
76416
74625
74625
78875
75958
75209
77750
78750
81041
75542
75667
74459
74292
74125
76042
114458
76041
82250
77333
73833
75667
116083
75667
74083
1118667
798708
1667375
1397667
83750
3098708
77125
75542
74583
75709
75791
75625
74875
76042
75125
75625
79000
76500
75459
75458
75125
76083
75291
75667
83125
74666
74667
81458
75000
45417
43000
45041
44375
45209
43459
45208
46542
46250
45959
43791
43792
45167
43834
44917
43417
6987750
76459
76208
74833
74584
75209
75500
75125
76459
75334
76958
80250
76625
73542
75417
74875
74708
74875
75792
73541
75917
83250
77792
73416
76125
75375
75083
72292
63042
43084
44750
44166
44500
46042
45000
43792
45083
43209
44584
44000
44584
44708
43333
43417
9829625
19870417
166781000
667576666
357244292
69917
93809625
184748583
33660583
711680709
307051916
72000
76833
75583
74375
74541
75125
76750
74958
77208
73917
87417
77042
75792
75208
75209
77000
75084
77167
81792
71042
70667
79000
77042
74666
75875
74292
76375
74792
76584
74916
82916
407084583
307409167
511782875
87605542
936549333
819066125
82500
187472584
626908375
32958
414347833
820715000
79250
77042
94375
141199667
166207875
72375
76917
75000
77500
61930083
75875
74625
75333
75542
76417
74792
549748500
79708
75083
75334
74958
75125
74417
74792
511190208
85500
76292
77042
76458
511710042
80709
628852625
69458
76334
74500
80334
74792
74917
74417
75542
75041
497017084
511937042
846228667
15889167
105085458
1183062292
1126214917
70458
93513583
80910625
337548042
29042
31209
409502125
87208
121662833
274204750
525620917
71334
307211416
73959
76875
76333
75500
76375
75250
75334
74916
74667
75167
85583
76333
74583
75000
74625
76000
76792
77416
73958
75333
77042
83500
70667
73875
74542
76000
76792
75375
77709
74583
1637711000
72917
92750
69041
75209
74208
72125
81041
75375
74375
74708
90958
79750
90209
73250
75000
75125
78792
72834
73792
83958
76542
83333
76000
93417
83542
60416
68020458
179922708
362597708
86208
90459
74750
505409625
1030293042
72459
54583
55958
55209
55875
54625
59458
58708
51583
72125
55584
63250
56708
215316333
398414833
120767459
73125
74416
76583
44465084
448910250
117361208
394409333
78916
76333
512130959
52625
75917
73041
74125
75750
616398750
408710084
1024327833
71500
76709
69245208
1030408584
43370458
97908083
16714375
480974458
59353209
555370333
7615500
503878667
74125
85500
511970750
89885416
109109583
38863375
76209
24959875
1821667
349577292
173554458
5016375
333514292
103769250
19386958
491223541
72416
78000
9230500
81333
76125
75834
75541
76375
75416
75917
75708
86542
74375
83375
76917
158709541
650131708
1442906000
40075500
1620125
82208
66792
72708
74625
74458
75750
75208
76208
73833
73167
82667
75375
74458
74917
75042
75833
73875
76041
75334
76417
78666
76000
77917
71541
79625
76500
79459
47666
44708
44875
116176375
148921667
72333
76667
77542
79667
75500
76375
74000
111415750
74583
74625
81459
69041
75500
75000
76125
75750
75375
88417
92334
797426542
83708
88084
76209
38211917
10835417
13971458
6984833
7301917
6673167
7009792
5973625
8296250
6711833
8019583
7230708
237992125
470137375
794025458
77416
77500
78291
185000
68292
84459
66750
84959
124792
83167
98334
12807792
2637083
78708
75333
74292
75542
76542
84292
76000
75791
90167
75500
82250
78875
72917
73292
74916
75375
75208
82625
73584
76334
77375
78292
62958
53792
43750
44584
43500
48041
48416
82917
43875
45125
43750
51833
43333
45375
43625
45083
43542
56791
46208
43625
44208
44084
51334
43042
56041
42958
43250
45042
43875
46459
44542
45417
44125
44375
42958
52750
43208
42625
47750
42917
39334
38458
11682917
77666
76000
86500
76000
74916
74834
81125
75292
87834
75958
88000
92500
74292
74167
74375
74459
82958
74083
82750
74542
83041
81958
70750
43250
54042
43542
56667
43417
43375
43583
51500
39417
45792
44041
43333
43708
43375
50583
43792
56000
58500
43209
44833
46042
45125
43208
51500
43833
56292
44459
43083
51959
43125
44458
45875
54875
42917
56333
43459
43833
56625
44250
43167
42125
37083
41041
37417
39042
15093958
117915042
141008209
415594083
111730958
400125083
57488041
304962000
145875792
370143833
46101250
15916541
335025666
106020416
38549417
2942167
317841417
84083
82375
132002959
277232875
140947583
577555166
69583
75916
75791
74875
73792
75209
74584
74500
74083
74333
85916
85333
80916
75042
3125
64625
75666
74375
86875
72375
79500
75667
78083
74750
76375
74250
86958
74125
82000
75083
86875
78958
75209
86792
89000
82584
72875
71417
74125
75875
85375
76708
47958
43625
44292
43084
56666
43333
43542
55792
42917
43042
77709
43750
43708
44583
43833
43792
43333
43875
43959
43458
43208
104325458
77250
76208
76167
78083
77625
76083
75584
76500
75625
77041
83125
83500
77083
76250
75291
84250
77875
74875
86833
99625
70500
80084
76458
89459
76166
85500
74084
190730250
71042
76083
76084
75125
75666
75000
86459
75541
76500
74958
95084
75208
74875
76917
83958
76667
39452125
75833
77083
75583
83333
74084
483954667
281729209
69959
69817458
79059084
184956959
850275709
476640375
70250
130746000
377032625
41331000
144456541
73750
76334
75209
76042
74208
77917
75500
74334
82667
76125
82416
75708
73958
75250
87083
76000
87201166
75959
79125
73500
81916
76000
76000
75417
542714625
78201291
68437833
262515167
53809250
765430834
73792
76333
75375
76083
75417
200789416
72959
578417
76310167
74959
75375
75416
347667
128305458
412014375
514962958
82750
508872167
512784625
408721875
77417
5211916
34574708
1393476709
68750
76709
512222667
1126246333
162271583
94962000
562068750
819234209
716776083
921613750
1232352458
31785625
783664667
81875
720460958
193077500
624606125
76334
304791125
74291
86042
23078625
112158833
1470854625
339531792
130748250
170980458
136834166
5769125
78750
76000
715625
74750
1194631833
68833
76333
75958
74417
80667
74291
87583
74291
76084
89750
80875
74167
76417
73708
85334
74084
76500
76958
80250
86250
77208
75750
76916
73000
82209
74167
81500
74417
81000
75833
88000
91084
60382375
74916
83583
74542
76583
4777541
83208
76500
75459
75083
73916
74333
73917
75333
75167
74625
83000
74541
75542
74792
75292
74666
82833
81875
71584
73917
88375
79333
87750
76667
44750
42917
51208
43125
56209
43500
43750
51125
45458
45291
43834
56042
43000
43375
55833
43291
43083
56291
42958
45959
43333
43541
50000
43000
55041
44375
43750
55000
56167
43542
52542
106108042
32274250
99711625
6728500
626459
74542
72250
72500
73042
594583
1850833
79583
67708
78208
76875
70708
78833
73959
73792
74208
74917
81292
75917
74208
74041
75000
76584
79416
71459
83125
74042
393803208
84667
77625
75459
76042
74291
76292
75750
79625
74875
76166
75000
89667
82209
71833
75542
57140083
760862458
69625
87208
74708
75291
25466875
72500
75583
74750
77375
72958
75083
84417
72875
73542
82292
86042
75834
74875
82000
75208
82584
75542
86792
75250
82875
75000
86792
73042
87709
75250
81666
84209
75959
76583
71875
43000
44791
45875
54958
43583
43417
43458
43625
51667
42833
51208
43292
55667
46208
43584
54959
44084
43375
51125
43541
55333
96810500
73208
75625
74084
78166
73333
74833
66917
75208
74500
75250
81292
88041
70000
75125
76000
86708
75167
76792
73917
89000
74875
89125
75583
73584
76417
83041
74541
82584
74000
86917
74459
75375
82042
75458
75500
75583
5260042
11827250
209480042
15620791
13996000
74041
761917
121882500
517005625
718401625
43125
407178958
819217541
101382541
308103792
819233041
511972542
62663333
1065825416
25127125
21887209
165218583
297714083
42134792
674589791
167724708
74851625
506380334
479745500
618593875
74125
88083
63000
86917
75375
73084
75375
74500
86458
75584
75833
74917
82208
75000
88542
75375
82667
75083
76500
84333
87000
74459
82833
74917
83583
74750
75083
75500
74583
75417
91625
74250
101958
80458
82625
57544417
184580125
68875
75750
75292
77125
75541
76375
75667
73542
77250
72959
83166
97875
74584
80667
74042
84500
73708
82292
83542
75792
86567375
69809000
75000
76584
75833
75500
75333
74750
75458
75542
74000
75834
81042
78292
72500
73625
74250
74667
75542
74916
74459
74500
74458
80708
79167
65375
43083
43750
14159792
142946250
459865625
305170500
148871291
1782916
74508958
597117708
196795208
86283125
142435292
287694000
307547583
22829792
591730000
77750
77375
75709
80083
74875
75666
74541
76083
76625
77000
89375
80792
75542
76000
76000
78000
75959
76333
121103000
150692209
340875333
81709
161992666
556882166
95174666
312363167
41507208
187034084
80333
74250
75000
75250
84250
75291
77125
75250
76125
74708
100000
74500
3208
72167
74459
77333
160869875
428439375
73282125
72625
76250
75125
74750
82708
75209
74125
75042
87334
75083
98917
74417
75625
75583
88542
77167
949263000
86917
78500
91375
69208
77375
75584
74916
74459
74458
82833
74000
93208
78500
72417
75208
82000
80959
75917
76041
512249167
86084
76792
76792
75750
76500
74250
76416
75875
84042
74750
82709
80333
75541
74667
82750
82041
74750
76167
87875
83833
79125
75791
89959
50209
44541
43208
44791
51209
45167
43125
51042
42875
56208
43709
46083
44875
43250
44042
43417
44500
42958
46500
43500
51084
41292
62333
40667
43042
82917
46375
43583
44000
43791
44416
43667
56125
45542
43458
69583
28708
41750
58708
38250
37167
45625
36583
50167
39333
37500
45292
35792
45250
37333
46542
37375
38625
37417
41167
36088875
1186601375
614205500
39917
37334
37834
42625
37959
40541
72334
38708
37958
38250
53541
46708
38375
39916
38375
37625
37292
40792
36042
37209
37416
38375
40541
44833
385093250
90625
50216083
50645750
70262333
100692750
21858834
45337000
151223916
98763167
15013167
158246541
284826750
120546333
5625
16584
391490917
409846167
30916250
378736083
409483208
514996833
243638583
1581825833
629183167
126210250
105945916
132016625
48791125
303834875
307164833
139119542
67834
73801250
455271625
189780000
139048917
232970542
539621333
100021000
894965125
11055042
398551125
57552250
387198542
23978833
77875
76291
76917
75500
75166
72917
82417
72583
73959
74667
83292
451886542
65897959
650801417
80333
76250
614338875
307162291
410191542
77625
84833
71822708
24241542
65992167
50281334
402232292
715826708
1638438667
81437292
73542
76042
76291
76041
74583
74417
87208
534441625
84375
407892042
76062625
98719583
441576625
165616917
159920542
175942000
71084
76125
76708
74292
76167
127889917
77416
76084
82917
74625
83875
74416
74834
77125
73625
74083
85542
74792
77250
76334
85167
81792
72584
81792
80167
77208
71792
86709
75000
74750
74917
74417
74917
73791
74709
73959
83875
94042
72250
76458
68542
46916
44041
43208
44208
43375
84458
48750
51666
40666
46541
41916
43292
43958
48167
43416
44209
44083
58916
43042
43417
44875
43125
44625
41292
57208
48000
71334
44416
43500
56292
43458
43084
56584
38125
47917
45417
43209
47709
49750
39792
36834
45166
37250
38208
37500
38291
37291
38667
39334
38125
37333
38917
37208
38459
37042
46792
46750
34000
38583
38917
44875
37000
42959
36916
38917
37333
39542
37125
38458
37000
39541
37625
50375
37208
37000
39375
37042
50500
37125
37250
39292
39667
38750
45666
40792
36917
43500
40542
37458
37542
49916
37666
39417
38416
37833
37375
40250
38666
36792
49875
37500
49875
39375
37375
38875
37375
386083
40500
37833
37750
37334
37292
37375
37708
37542
37000
37708
40292
37209
37458
37250
36958
29667
37083
36958
37333
37042
37709
42291
37375
37833
37125
37000
37209
37292
37209
43083
31500
37375
39792
37625
37458
37209
36958
37208
37083
34167
40333
46209
35208
38416
37333
37292
36708
37250
37625
37375
37417
37333
37208
37750
39167
37041
36958
37750
46042
35833
36500
36958
37875
37042
37458
39500
38333
37042
42833
40375
38709
39500
39125
36500
37459
37666
39459
40792
37209
28292
68250
1401292
35792
37334
38292
35667
42500
36625
38041
36917
39875
38458
40458
37125
49250
43416
38625
37333
37208
50166
33459
37000
37584
39209
37375
37208
36792
37250
38666
36959
38083
37333
45375
37250
45916
37542
39125
37000
45208
36666
48958
37167
37250
50500
37667
39583
48959
37000
37042
38916
37542
49291
42375
41250
44292
38417
39417
37375
48916
37083
37500
49916
37625
37250
38666
36708
50042
39166
44000
38833
37375
50584
37250
37417
50500
41167
38292
37875
37583
42042
37292
38417
37375
44917
38167
60542
37708
38250
41375
38250
37000
45292
36959
38333
37041
38792
39500
48625
37333
37958
48958
36875
37291
33500
32250
33208
32291
47375
32375
32334
34208
32875
44833
32250
32666
33875
32375
33416
35667
4069292
35584
7264375
37041
37375
37000
39750
41167
38750
38500
38750
40500
38667
6263875
43709
38000
37958
37375
37750
37708
37250
37292
37125
37500
44375
36500
595250
38375
38458
38709
38000
36750
39125
36708
37417
37250
36792
40583
38000
37625
42750
37208
38250
37208
1417083
865042
727000
961625
1899083
1375
1569084
5880458
7924333
840875
3097125
6402292
77208
75625
77917
80917
75250
81958
74708
77125
74833
5299291
79459
79709
74167
72417
76792
74792
73375
74458
79542
70583
82041
75834
7704500
1311667
76375
75875
76166
76250
75125
219250
2220167
83041
5008417
77792
75042
76333
75834
75917
74750
76708
75125
81709
6290791
75750
74875
81917
74834
87333
74125
76792
74666
2180125
77167
78458
83250
76250
83320208
54648583
69708
78500
27563166
327905209
73417
75917
91083
82875
161440375
73042
75541
140625
74708
74000
83833
74291
76000
73541
79084
74042
721789458
211678292
77765709
55497416
180980584
73708
75791
97606958
32406958
75958
75750
74375
74042
81333
74250
82375
74625
74750
74291
81750
74667
77333
74125
86625
73750
86958
75291
75334
74791
82167
82166
63875
43166
51250
42916
44292
49083
43625
42875
55125
43792
51000
44750
42375
51333
43084
54333
42667
42750
53250
43334
42292
53542
43209
55750
43250
42875
51167
43250
51208
43125
55583
43583
45750
48583
43500
866625
45750
44334
44666
43916
44583
43750
45083
44167
451459
50542
42292
6523584
76917
75166
79833
74584
84000
75083
76083
75500
87209
74125
83125
77000
70208
79375
86500
89542
75000
82583
74250
100000
68792
80083
73875
82292
87542
74875
79209
75000
82834
74542
87291
74666
91000
1833708
76417
73708
15850084
9062666
75750
73375
77542
73666
86583
74459
76208
73709
87333
74167
36813791
68750
75250
73250
74541
74250
73958
75375
69291
80708
73625
82000
75167
75167
74417
73750
75917
80709
72875
74708
77333
74250
87125
58875
44667
42667
53542
43208
43875
42584
50500
43875
51125
45333
44583
9320791
77750
76542
5726291
77583
75417
76917
74708
75959
74208
89000
62708
74959
73833
5272292
76792
82667
74542
51866709
128789333
3825542
426621500
66333
76000
74583
81916
74583
84000
73917
81791
74917
76125
85209
74958
76583
75209
74542
76459
74541
82291
75250
88666
75042
80292
84875
75750
76709
64083
42875
51417
54708
42250
48792
48542
43209
45250
43625
57042
43166
47042
51416
43541
44959
46708
58125
44291
46083
43792
56542
43583
43458
54542
43917
46959
93347125
58763958
45335708
413997500
7681833
59484042
545192000
411683750
203286709
69208
76500
74417
77167
73375
73916
75583
74250
73750
13150916
75584
76333
77417
75000
86750
74208
75084
76542
73833
75042
81583
75625
82042
80875
70666
73875
75333
75583
82333
73125
74625
79584
74458
75084
84292
75500
74583
74500
73708
73708
499959
74917
74125
74458
74750
74458
74917
73958
82875
75292
77083
79000
82583
73875
74792
74875
82833
74708
76334
73792
86167
82000
78958
73833
84417
60644583
106299833
195044250
440058083
509843084
190279333
71000
75750
74584
76209
75875
88417
76916
74667
74125
75875
91916
76833
75375
76125
74917
82917
74042
76792
74792
84208
71834
81250
75917
67666
80375
43625
43958
1345125
1354625
82417
31612667
3922292
588598500
69292
6436792
96885333
101922375
306189375
68625
512312542
307195208
48259083
363419333
81291
18581250
286423625
307170542
67375
70149417
236987166
47218000
73667
71833
74792
76292
75000
74875
75750
74647458
78125
76542
21552375
9068292
76666
76375
77834
74375
75625
77208
75292
75750
74541
79625
88375
75916
75958
82375
74333
75375
74042
91542
78208
84667
74291
80708
75042
82083
200750
75916
75959
76292
75667
88250
75000
1194166
80250
74042
75416
74417
75625
1808625
75583
74792
74417
74958
75209
81708
75834
76375
73667
76042
80000
76875
74625
76583
75833
87000
76625
81792
75167
89209
1151417
79250
74917
81833
76792
74041
87791
74458
86667
74583
86833
78625
74167
73833
75791
74542
75250
74875
74291
74583
74958
80958
79417
77209
59375
43791
43417
42959
43500
43083
43417
43583
43417
46125
43916
43792
43125
43584
43458
44000
43958
43208
43208
43583
45250
51375
43875
51375
43625
56417
43250
43208
55583
43542
48458
44750
43250
44875
42833
51167
43375
44459
43292
44375
43292
47583
48708
33750
37167
38542
37292
38292
36916
44875
37625
44417
4107833
43917
43958
43833
43417
43334
43500
43834
47041
548250
44459
45167
44625
45333
45750
74125
51917
42250
48291
43792
55875
41083
44375
44167
44542
44042
1053583
44625
43917
43916
43750
9622584
22244750
3054958
82042
75917
75167
81917
75000
76167
73667
85167
73125
2125
32250
74916
76292
75666
75875
81750
75375
75583
66711959
73750
75958
76583
74917
74542
77167
75208
81791
74625
82583
337314459
69542
75917
76167
74792
81625
73625
87125
76042
76708
75625
86083
306232375
136794709
1320125
5197666
199437250
59956959
314046458
123817708
178038959
1817209
200320542
37114959
76417
75500
78959
71917
75333
74708
74917
75459
75417
82875
84667
86000
75834
82209
75334
77042
75583
79916
74375
75958
74458
101750
55416
44209
43792
44833
43375
51083
43250
56750
43458
43916
58500
43750
43625
44292
43292
51292
43083
51375
43083
40634166
75750
81500
75958
72625
74833
81292
74958
81041
74250
85875
80125
81333
75000
76584
76416
84291
74584
5288708
83333
77709
76000
75666
74792
76791
72083
88666
74416
76375
78500
82792
74500
83458
82333
75084
73125
82500
74625
75709
74042
86209
75167
82541
74041
82292
80416
77500
75000
76208
80666
87042
80041
79500
74042
86958
75125
88417
74792
89667
85000
44500
43584
51041
43750
56291
43209
43500
51375
43333
56750
45750
44042
1157167
49125
42959
48792
43792
43917
45042
43375
56042
47250
52041
47958
44208
55708
43542
43292
44375
41583
53083
46042
44167
43500
53875
44167
51667
43416
45416
43750
44542
4932833
78375
76250
2135500
80166
75416
83375
81834
74291
74250
86750
74709
75000
69000
80375
76500
80625
74375
74916
81834
75208
76792
82666
73125
73666
81209
77958
66458
43292
51750
42833
43041
43584
43333
42750
51500
44375
42875
43333
45167
41375
42917
43458
43458
43208
79000
43292
44000
43292
43333
43542
43416
46042
45334
43083
43458
45667
43292
43500
51583
43833
55834
43625
43500
48708
43250
51167
46083
58041
38625
39333
38958
37000
36875
36958
36958
37583
38333
39542
50333
37417
37458
42750
37417
38000
37041
44458
36958
49666
39250
37000
49500
36917
36917
49958
37709
36917
50333
37250
36959
51166
37167
37334
49000
37000
36792
50625
37125
36917
49459
67000
37000
38542
37125
45000
37625
44916
37417
39250
36958
49458
39375
37500
38833
37750
45083
37167
40208
37459
38625
37167
49958
39125
37542
39042
37208
45375
37209
50458
37292
36916
38750
36875
53875
37417
37041
41208
39458
37750
37083
49042
36250
37250
36833
38833
37167
37416
44875
37125
38500
37250
38625
37542
37500
36500
41291
37250
37292
37041
36917
37209
37041
37375
50333
37375
40500
17473042
53750
54583
54209
62542
54917
56125
54750
62125
54209
54125
57291
56708
55917
55083
54333
55708
54792
59833
54500
10975458
1865750
122689916
71084
75208
73916
74917
75000
75417
75625
75375
95211167
35662542
118399583
313974375
142174541
369960750
10388917
86185375
72917
197215000
53533875
128232250
548310875
102668083
170028125
59709250
6916792
479718709
51726375
51481250
222433042
98886583
86255875
169788083
548310333
1024024958
49208208
35886875
114371875
106727875
6083333
77583
301849375
307327167
73125
3748542
13926250
85285125
141680667
371057000
82250
75625
75875
74166
75708
74209
82041
75167
91292
74750
78459
75209
74042
80458
75708
80958
84417
71125
72041
7437833
180017208
423953792
47199625
124886167
237341250
73875
77584
74583
76167
75000
75708
75667
102375
74875
76541
75417
108557791
21111375
122021000
284655042
36297958
157961042
142978083
559285792
79342083
330148084
614448166
409542167
71625
76458
83093875
328466000
32600709
28656375
144797167
102405709
514052584
58841042
462625
77208
19289958
101963792
160633959
69333
371717834
84750
75750
76208
75250
77542
73083
75458
86833
81917
74792
74250
74541
82375
89459
62167
70875
75209
73958
84333
75125
81708
74250
86917
74500
87208
74291
79833
75416
87166
80583
61000
43834
51125
43084
45000
42583
51834
43292
48417
43333
58083
43500
43917
56250
43042
43000
55250
43167
43125
51250
43584
50375
43833
51166
43125
55833
43667
42500
56709
43459
43208
56500
45209
43041
57167
42708
43291
45125
43334
56583
43917
40250
38584
39375
46625
37334
36500
48875
37292
36959
45500
36833
49833
36875
39250
48875
37583
44875
37792
38500
37125
45041
37708
44709
37375
37916
41458
37958
37416
38666
37041
51000
36959
37041
53583
37083
37667
38417
36708
49875
37042
36708
49166
37292
37041
51000
37833
37084
39625
37041
49167
144625
37083
36917
36958
39334
37125
49500
37500
37208
37875
38291
41125
1459
22834
37750
40500
39166
37792
37791
37416
50084
37000
37208
39125
37416
49625
39375
40375
38250
40750
38458
37041
48875
36667
37333
45709
36625
49000
36958
39584
48459
49209
35208
61500
46000
48375
37541
40417
37500
37042
37708
40916
38333
36791
49041
36916
37000
44417
37292
44625
37000
44875
40000
37250
52667
40666
39709
1527028250
68542
77834
77958
75917
75208
75500
72458
78000
73292
74750
91000
75458
74209
76000
74250
81000
75375
81541
74708
75333
89000
83916
74958
102167
75208
79250
75250
88500
74625
43875
42458
45166
43458
51459
46125
45000
43209
51167
43208
48083
43458
56875
43459
43500
55792
45959
43792
44792
43500
45125
43417
51250
42958
61750
43459
43459
57333
44000
43667
44375
43333
51083
43000
51667
45667
45375
43459
56334
45875
39458
38708
37334
49166
37292
37542
46000
37208
45292
42250
37000
36917
37209
37750
37166
38542
38000
43500
39417
38625
44333
38333
37250
48041
36875
37708
46167
37250
37375
38917
37583
41000
37375
48833
37167
37375
49417
37250
37208
49208
37292
37583
51375
36667
37167
49208
40083
40334
37708
37292
99917
36500
4185459
5409417
972425875
708629000
55912625
77166417
253432417
3474375
470722625
131602542
382312750
22171417
487589292
514208917
104697083
145058916
348818500
178826083
203236583
109895792
419895083
140672417
488154125
82081541
159124916
45931791
848017333
78750
614467750
71375
76375
94458
160497500
68750
76083
74583
76583
75250
75875
69375
77042
74792
78750
93959
76583
74625
106589708
69333
75292
74917
75625
74791
84583
74084
75708
73834
75000
92917
76333
74250
416375
78000
90625
71667
74541
75958
73625
72833
82334
75041
78125
78458
85541
74958
75250
82459
75000
78375
79084
86250
74917
75041
79500
74167
124292
73917
73917
74625
76167
67875
43584
43625
43416
43375
56292
46958
43292
51333
43958
45292
43042
53208
43459
44833
43250
56166
46167
42917
55125
42958
43500
48500
43375
51542
43792
49959
42791
47000
43583
55250
43167
43083
56375
31083
43541
47334
43417
56083
45958
42916
50458
36958
37583
49542
36583
37125
50375
1393750
39167
38208
37625
38458
37750
38042
37583
37166
37917
37458
46000
37500
36208
37417
37375
37208
37500
37125
43667
36875
37000
39750
37083
37125
41334
37542
37625
37625
37417
37125
37166
36958
39666
37000
37042
37458
51042
1674041
45042
45958
52000
42500
43792
44875
43542
44916
43584
52458
47000
45750
43375
51875
44375
44917
43250
57333
44333
44084
46292
45666
46333
44292
45542
44209
44917
44500
56292
44416
43792
57458
49000
45333
43167
54417
43542
43167
56000
44583
43250
44833
43792
47625
45334
43750
42583
44875
43666
48083
43625
62458
479416
45125
804708
56480584
73000
75500
80292
82500
75125
75916
75250
82250
74250
83417
88917
73458
76084
78041
74583
82125
74333
82917
74459
81750
74250
92209
75834
76666
75250
88000
75000
88083
74375
82583
74917
79917
78500
81292
74667
77083
75875
78667
64875
45209
44792
50833
43750
58708
43875
43166
56417
42833
43167
56917
20960167
75916
74625
74459
75292
83750
71625
75042
80167
73292
74000
86125
77125
74708
76334
74875
82750
77125
78042
128750
75834
75416
81083
75125
85500
77958
76291
74583
81542
73583
80625
75083
94625
74875
74417
74083
94708
62292
74875
74583
81584
79292
87458
77792
68291
43292
51208
43334
43875
43416
43875
43417
54042
348948083
58639292
75625
517000
75000
71792
83458
71500
74875
77250
82500
74833
82875
87708
81208
75209
74625
74584
74083
75250
74583
75708
77000
114333
81541
72333
75167
87834
74917
81667
6836875
75875
781000
7383500
20785584
853333
1504291
75042
82584
76291
73833
84958
74125
82000
75583
78334
76750
79708
78541
75125
79208
73958
78417
87292
71542
78750
106750
68750
76584
77000
67125
48208
770875
46333
44750
43083
41292
46167
49875
42625
44166
43625
51208
45834
51250
43416
43750
43541
45000
43375
55000
41959
44083
43209
47250
43667
55667
43083
43542
52167
43666
55666
43708
43083
44000
46166
51083
43292
56667
43750
51875
43875
43875
54542
42583
39125
47583
48750
50167
43250
55000
43375
43583
49333
43541
55459
43583
45458
48458
43334
56417
43667
43500
51375
43375
55792
44208
42333
40042
36916
45042
36708
49792
37791
36792
49000
41000
41375
36958
37250
37042
49166
37291
36917