198583
238292
176458
89750
149500
89292
158083
110000
80333
77250
77000
75916
76041
74375
74625
62875
51042
38083
25167
118209
55750
37333
87209
53000
107000
94791
64625
156708
115375
151000
121875
85083
79791
152583
106125
152917
157375
138708
83833
148208
149375
191458
97916
158792
107958
73833
29208
20250
41666
22583
34083
18458
32708
27625
12042
34167
25000
12958
34875
21958
29916
19250
26875
19500
11583
15125
17542
15042
16875
16042
22083
16875
15792
17000
15250
16833
15167
16958
15042
35625
24792
20041
13167
11792
11459
11542
11334
11333
11375
11166
11459
11375
11458
30417
30542
18292
12250
16000
17666
17459
21334
26166
33708
25500
30125
58708
24084
42500
36208
30750
31875
34375
43125
40167
40750
89875
129125
71959
144875
93625
141833
113000
153208
103917
80167
150334
153500
138334
82250
154917
112875
143250
145833
86416
156250
72333
149792
89291
160416
149667
101125
159708
96292
77417
150416
96042
156041
104375
147417
156417
102125
158000
111375
158708
110000
78125
150708
106708
150334
107708
170458
94208
152334
73625
161041
76042
155250
106875
149042
109375
156000
107209
113500
80625
160625
95916
156416
78667
150459
91833
152250
79667
177875
87041
152708
104416
150083
153250
99000
113292
86500
94958
157375
99875
138541
113541
78958
154166
87250
157792
78917
154375
89167
86083
68125
130125
105625
154083
100834
93208
79416
83209
136917
89792
152958
108958
88167
110750
92583
55292
32459
29834
13583
38000
154125
102416
152208
97041
150000
93791
147208
153458
107625
155459
84167
125416
105000
143584
92459
76334
75834
76167
75833
75667
74834
76125
74625
73916
76000
75417
94833
79916
77375
75500
76667
79166
80208
79166
77667
78459
75666
74666
79000
78000
76375
76833
76542
75375
76792
306917
291417
84875
65000
76917
78750
79833
75083
55125
44583
44542
43959
46250
44000
50916
46250
44791
45083
45792
44750
47417
45167
44209
44750
44833
44417
44417
44000
44583
43875
43417
45000
45208
44375
45291
44584
44459
42417
49084
148209
111625
78500
80584
79583
77000
76500
75625
75917
76250
74958
79458
76042
76583
76041
70916
76125
74833
75250
76375
75084
75791
76375
76458
75500
96458
77292
75958
75333
80292
77125
77542
75000
78500
74584
76833
76584
79667
75625
76542
77000
79500
36583
129625
38541
32125
31500
34833
33459
34083
32750
30208
30084
30208
30125
30417
35750
29625
32708
30125
30041
30625
35583
31792
30000
30042
30625
30166
30666
29833
30000
30000
29792
30000
30500
30000
30000
30291
32459
30042
30000
29958
29917
30000
29917
29958
30333
30583
30125
29708
29917
30083
29917
30125
29708
30125
30375
30375
30000
30542
30208
29958
30083
29875
30000
30250
29875
29791
30000
30375
30250
30500
29959
30125
29875
30084
29750
30083
29875
30542
29750
29917
30666
30542
29500
29916
29958
30125
29959
29959
29917
29875
29750
30542
29958
30208
29750
30000
30542
28375
28125
30625
32958
32333
32000
27875
32292
33292
31209
29875
30959
30667
29792
30084
29750
30292
30375
30000
30166
29834
30125
30500
31666
32542
31000
30291
29917
30167
30166
29791
29916
30000
29833
30250
30250
30750
30167
30000
30250
30208
30750
30208
29833
30000
34041
31333
35500
35333
33708
37458
33667
33792
33375
33417
33250
34208
37416
33625
33709
33291
34125
33458
33459
33709
33875
33542
33750
39167
36542
32791
37958
34625
34042
34250
33958
33583
39083
34041
33875
33833
33750
33541
40041
35666
37125
36833
34417
36166
37042
35167
33958
33958
34459
34208
34333
33666
33417
33834
34750
34167
33708
33667
33666
33416
33875
33917
34333
37167
35833
34708
34959
35458
35542
36667
35958
37292
35667
36042
36375
35709
34584
33750
33791
36125
32416
32917
34584
51042
37000
36125
163583
178166
75875
16083
22208
21375
13083
21625
12916
53500
27459
17000
23167
26583
36375
26667
14042
17375
16958
17000
16583
16625
16584
16458
16917
16708
16917
16875
16458
17292
16458
16334
16458
16750
16583
16292
16417
16458
16542
16416
16750
16417
16458
16500
58208
38417
38916
39667
38792
38334
52584
72000
99416
57417
79500
49500
115458
73625
76583
77000
75708
75750
75666
75833
74875
77375
76583
75250
74666
74959
76083
75542
75333
75583
75375
75459
79958
75875
76000
76666
76791
75250
76292
75708
75375
74834
75125
75542
74958
75834
75666
78250
47000
44625
44417
44959
44250
44250
44542
44833
132042
69833
76333
75792
75542
32125
23125
12417
15250
17000
15042
17042
15417
17541
15375
16958
15208
69625
50333
68625
52166
149208
96625
63375
34125
31750
21917
22125
13750
15875
18041
17167
17250
15458
17167
16750
17584
15625
17000
16708
17208
15542
82042
67125
38583
39250
38958
38875
47792
40375
41958
95041
53208
100708
98583
70208
42791
41750
40791
34458
33667
33667
33583
33625
33750
33875
32916
33291
96250
83084
60250
66000
36875
36959
38583
38666
38584
37708
35792
73917
125125
72750
77500
81333
70000
128959
149833
102541
156375
109167
110209
153916
103084
76667
69416
151750
108250
159875
109125
156375
99750
106083
81834
105875
92959
207416
112583
96667
30584
22417
48958
69000
76709
74416
29542
149500
113459
162500
155583
111459
115750
100417
94166
58042
42041
101042
64625
96084
55916
34334
32250
66708
39000
30667
33333
30625
32917
32375
144667
94292
150750
108208
113166
74834
154917
101625
155250
113834
109500
100834
90250
98333
56125
71500
146459
99584
36959
38292
28000
75208
134416
83584
159583
114167
88542
58959
159834
113917
110542
97958
149584
105250
121500
74125
77834
152166
99000
99333
114208
80167
113583
121083
68333
126167
71792
142958
146084
93666
152917
106334
76542
76334
75792
78791
75333
76042
91708
94125
77125
92209
81709
119750
140750
89792
73083
58042
150625
110959
127709
111208
73458
154000
107209
152166
88959
132292
80375
149042
104292
157291
96708
157167
109416
113166
73041
157125
86375
123750
84000
151417
101709
147666
97333
145208
99458
78000
156667
106167
140625
96958
151458
85291
140125
150625
99417
131833
77625
151875
87125
152875
104208
148917
94666
139041
86916
157125
105250
136917
89959
111583
149958
78375
156500
97875
128625
73667
153875
111708
150250
100250
33209
37000
211416
58875
123833
110459
91875
64291
48000
33875
109417
68209
35500
45333
35708
18917
95542
51375
154833
113166
115916
101125
153583
95459
145584
101250
151458
63375
62417
33334
250209
241625
233000
224000
215083
205459
196334
186666
177875
169334
159792
149459
140666
131041
122708
113667
104625
95208
85875
76375
66417
55500
46250
36250
18458
17875
48750
30041
34625
72417
47666
156708
116542
112625
149917
99959
114583
158042
104167
73041
65958
35708
144542
32792
23958
145500
86333
33750
35541
64333
35833
165250
109084
84958
64167
118375
76958
111709
73917
80209
125417
105958
142458
85709
115083
82417
125625
87375
122792
79875
122750
63375
151416
118750
157375
108292
144959
147583
108292
124375
75125
91875
95792
68500
172292
130250
150083
89625
116458
80708
154125
99458
133333
76833
155208
88083
150042
129583
75875
112667
80750
133042
135125
69334
156667
108167
150583
105083
119458
74375
144958
96500
154916
112542
154000
86083
124875
151833
107333
124875
132625
72292
151916
97291
97083
68666
149083
126083
75333
109166
153042
71750
155833
107500
146209
150958
97375
130584
80250
148291
98625
157459
101625
150042
105875
161167
112708
154709
91958
150333
130500
85333
151708
112584
153917
108583
153542
104292
78417
151417
93792
151833
100667
77792
77333
148000
105625
150791
105875
150834
101834
95542
150875
85916
117667
80167
85875
138375
157250
110917
146583
91000
150791
93458
97875
85250
85042
77167
89416
79917
77417
78792
78417
75750
76791
75375
74042
73833
76250
75667
82542
77375
75833
74792
72500
74417
81750
76542
76250
75542
76083
76208
76042
75958
75959
75000
76333
74917
75959
76000
77250
75625
81250
76167
75750
88541
77917
75750
75958
75667
75625
74583
74584
75750
74958
74917
75708
75167
74875
75542
76667
74583
74791
75375
74708
75958
82500
75750
75042
75209
74917
75917
74625
74375
74875
74750
74375
75375
75166
75875
75708
76042
75709
75375
76000
77041
44459
43916
44125
44458
42458
57833
46542
44833
47542
42667
46917
47167
45583
44916
44292
48000
45208
44333
44583
44541
44292
44416
44375
44375
45209
44833
44417
44333
47625
46208
45166
44167
44459
44833
44250
44125
43958
44750
47459
38833
37875
38542
38000
37958
38167
38834
38166
38791
38916
38166
38667
38625
38166
38583
43333
43083
38208
38084
38167
38458
42291
38625
38541
38209
39750
38292
38542
38042
38125
39208
38333
38417
37792
37958
38000
38584
38125
38375
39291
38833
38416
38000
38250
38083
38292
38000
37250
36000
38625
38250
38625
38833
38125
38250
38042
38375
37958
38083
39083
38084
37750
38625
38584
38042
38625
38333
38416
38500
38666
40209
107417
83750
77458
75000
76125
75709
75833
85791
150125
79209
142042
81375
155417
87459
148334
102875
79750
76875
75792
75208
75666
75291
75000
75792
76625
76000
94417
76667
78042
76667
76625
76333
76542
75250
75875
75375
75875
75584
75208
75084
75625
75709
74916
75625
134166
83833
113709
82917
116792
114958
142292
70167
152750
92000
153708
78542
79041
77209
76084
74917
75250
75875
76458
74625
75958
87792
72375
77708
75292
75875
75917
76208
74417
75250
74916
75291
75875
74792
76542
77500
76375
76250
75916
75833
75291
75000
75916
75167
74834
74958
75917
76875
75084
75667
74625
74709
74625
75458
75125
75000
76625
75917
75333
75875
75250
75208
74583
75167
74584
74708
75125
75375
75708
75666
74208
77166
74542
76667
78459
45291
43625
44875
43417
44000
44083
44208
44500
44125
43833
44209
44250
44292
44833
44208
44500
44166
44042
44167
44584
44375
44041
44291
43875
45042
44000
44375
44334
44209
44375
44916
44375
44000
44459
44333
44083
43875
44125
44000
44958
44792
40542
38125
37916
37958
38167
38541
37792
38000
38125
37750
38333
42292
38625
40000
37875
38125
38416
37708
37833
37708
38583
38500
38208
37583
37667
37875
38625
38541
38083
38250
38000
37875
38458
38458
38208
38166
38167
38584
38041
38375
38459
38041
38417
38167
38584
38084
47584
42708
38166
38708
37958
36709
39750
40917
38583
44000
39458
40750
38292
37917
38042
38041
38250
38250
37541
56917
38083
38042
38250
37708
37917
37917
37916
37916
38125
38084
37708
38042
37917
37584
38041
38208
38083
38000
38459
38041
38375
38209
37959
38000
38375
37541
36334
55708
35625
39584
39417
41667
37375
38416
42250
38292
37834
38083
38625
38125
39167
38000
38208
37708
38167
37583
38166
46125
40666
132750
79583
77458
76000
75667
75208
150917
80375
90084
79500
77542
91625
78917
87416
77333
76875
77750
76625
77875
77250
77208
76958
75959
76541
76541
75875
76458
75500
79750
76459
76083
76458
76125
76292
76875
76458
76958
75917
75375
76291
76334
76333
76583
78166
75750
75875
77250
76458
76166
75750
118709
80000
84625
78375
76208
76833
76542
76792
75042
75833
76583
76250
76292
77000
75959
76708
75458
77000
76542
75792
77416
76166
76833
78083
77041
75500
75750
75542
76042
75375
76708
75417
76209
75459
74875
75459
75709
76541
75208
76625
75542
75709
76167
76042
71750
77875
80250
62542
44417
44583
44875
44875
44833
89666
79375
76500
75584
77125
75708
75416
75916
76417
80291
76542
76958
75750
76541
75792
75083
76291
75209
75542
79708
76834
76667
76208
77583
79041
44542
44167
44417
44209
45083
44667
44750
44375
45000
44667
45125
44417
43959
44417
44417
44833
44041
45208
44708
45125
44125
45500
44208
44167
44625
44458
44875
44375
44833
44458
44708
40958
46708
47625
125083
82458
76542
76834
76542
80167
77709
75750
78083
79167
80209
76417
75041
76292
75375
75292
75250
76667
75458
75000
82417
85583
72667
44500
43959
44208
44417
44209
44791
44125
44083
43750
44000
44917
44500
44333
44583
44209
44208
43667
44625
44667
44042
44666
44584
44084
44208
44125
44166
44584
43959
44500
44208
44125
44583
44583
44375
44458
44583
44167
44375
44667
44625
43417
44334
45791
38250
37958
38000
37917
38291
37875
38208
39042
37875
38334
38042
38500
38500
37916
37833
38000
38291
38375
37875
38250
38125
38333
37875
38542
38334
37791
38042
38250
38083
38167
38542
38209
38166
38250
40875
38416
38375
37958
38083
38083
91041
106542
101375
155000
127291
147417
117250
145125
115042
111875
137917
144167
111625
154209
127875
151167
81709
155917
70667
77750
76833
76000
75667
75667
75292
75625
75167
75000
83458
78292
75625
75292
75167
76125
75208
74958
75750
87166
76500
75709
76125
75375
75125
75584
75458
84416
75083
75500
74958
75083
75375
76958
76875
74667
75375
77792
80042
53000
44167
44042
44458
44250
43834
44500
44416
44125
43834
48416
49208
44333
44000
44292
44333
44166
45166
44041
44041
43834
44750
44542
44291
44292
44042
43750
44708
44334
43709
44125
43625
43959
48250
43708
44083
43583
44542
63000
46750
42500
38584
37666
38250
37958
37875
38041
38250
37833
38167
37792
38125
38041
38167
37667
38000
38125
37916
38542
37792
37959
39375
37791
37917
38375
37834
38333
37500
38292
38083
37958
38083
38083
38125
38250
38333
38208
38166
37750
37625
38792
38167
38291
38458
38542
38291
38333
38334
37375
38208
38041
38250
37958
37541
38667
37792
38000
37667
37875
37667
37958
38083
38458
100458
81250
78666
79125
77666
78792
77000
77083
77708
75791
76875
77125
76333
76250
76083
76209
77125
75916
76417
75958
84708
76083
76583
76458
76334
76500
75834
76500
76042
76084
78416
79875
49958
44917
44916
44750
44833
44750
45166
44166
46084
44625
44750
44333
44666
44584
44458
43916
45125
61333
56833
56292
55875
56791
53417
52333
55792
56083
56667
56000
56875
55667
55583
55083
55500
59000
53916
55792
56750
55833
55500
56042
55750
55583
55583
55667
56250
54166
55959
63917
56083
55625
55667
55333
56041
55833
55875
55208
55792
55417
55833
55250
56459
51625
45000
44750
44500
44167
43833
44208
43958
44666
44458
44708
44459
44417
45084
44583
44416
44417
44250
44875
44417
44417
44750
50375
48166
44833
44084
44500
44833
44333
44209
44166
44542
44584
45042
44750
45041
44417
44416
44750
44166
44750
44583
50583
46291
38209
39625
38584
38292
38416
38292
38166
38250
38292
38459
38541
41667
38417
38250
38459
38292
37959
38125
38209
38250
38083
38542
38833
38208
38583
38208
38583
38166
37625
38292
38333
38500
38292
38000
38000
35792
39333
38875
38375
38667
38083
38291
38458
37750
38291
38500
37917
38083
38750
41500
41875
38125
37833
44041
43000
38042
38167
38750
37959
38041
38542
37875
38334
37750
38500
37750
38542
37958
37583
37875
37666
38375
38250
50708
38000
38417
37833
38833
38333
38333
38208
38125
38584
38000
38458
38458
38334
37959
38042
37959
38375
38416
38084
38000
38167
38375
38291
38500
38709
42625
40292
38583
38000
38209
37875
48708
40875
45500
38625
42250
38167
38959
38291
38250
46917
42166
38125
38584
38333
38209
38291
38041
135583
73500
76167
76417
76458
76709
74875
75291
74959
76208
74917
75041
75083
74791
74708
76917
77417
75167
75375
77667
79792
76750
75917
76208
75250
76500
82750
73625
77083
79875
75875
78084
76375
75166
75250
76750
74959
75209
76333
74542
75375
76000
74250
77333
71791
78375
62416
45000
44166
44875
44458
44666
44500
43708
44167
43833
43875
43875
44667
43833
45125
44042
44375
44042
44417
44208
44125
44208
44750
45000
44459
44417
44459
43750
44125
44250
44291
44666
44208
44208
44250
44083
54208
92542
143334
122000
106083
99458
80750
77166
154834
101083
145959
144917
153166
106500
115083
154000
88208
141041
86000
156084
92750
77083
83834
76791
77208
99541
160875
98791
77250
75792
75208
155208
80167
111584
157458
99000
76791
77417
75375
75667
75958
75208
152416
87333
77917
147583
84334
92833
152458
84542
76125
77541
75250
72459
75959
75792
75750
74417
143417
82917
158458
99250
154667
94167
151083
89709
143500
75709
154500
86875
151791
89625
149375
89084
76083
157375
96625
150792
85208
155209
99125
156666
80250
145458
71292
155750
84792
156166
74750
76292
76000
141375
75875
154084
85833
158166
87125
155375
150959
75208
157667
91500
80333
170333
85833
159083
98083
111708
78500
77167
75250
75584
74792
112000
108459
77792
85916
82625
77042
75750
76125
76250
75541
76000
74541
75583
76334
74750
154208
86208
76125
129625
73250
76291
75666
76166
75750
75750
74541
75250
76084
72541
76708
94750
147917
85083
157792
75500
151375
78583
150667
81459
77625
153958
87041
160375
90125
153041
89167
154334
89750
139167
98208
153667
83000
158708
100166
150291
88375
154333
91083
146416
118083
78000
156250
89458
161958
99166
152583
85541
148584
110959
155459
115208
142791
156084
103042
151333
101375
139333
152458
87208
158458
107792
152250
88583
148709
96750
126250
159875
99583
149750
84792
152250
144041
88625
156458
102667
78500
157125
103542
146500
101917
106125
155834
106375
154459
94583
119875
155792
104666
141750
89042
157750
107833
149416
139916
129542
152375
101417
78625
144042
93750
159583
110875
94791
84750
156416
105375
75417
76541
75917
153917
89958
102167
153375
103834
153000
97625
141709
93875
156375
124542
78917
152916
75875
152042
93209
77459
76458
75958
76083
155000
88417
154583
83084
160625
111959
158750
86583
116666
124416
80041
145000
94791
157583
80167
153292
88583
151041
82292
124458
68375
161291
93375
155750
103667
81375
154167
87750
159459
87833
153000
77125
158333
89917
151625
81250
146833
82875
157375
154542
82750
153750
81917
155292
86167
155917
76416
146542
66333
156416
79209
147167
84875
79042
141834
141708
77667
162041
89667
147792
74917
155458
80125
89834
78458
82625
77417
77625
78750
82084
138042
97792
86750
83125
76959
80291
91750
78292
81584
86833
86083
77125
76459
75125
75084
74791
77583
75250
74625
75292
75250
75542
76875
75583
75792
75000
80208
75709
75208
81416
75958
74791
75458
75000
74917
74833
74709
74625
75125
75333
76542
75250
82208
62750
44333
44792
44333
44000
44083
43791
44541
43917
44166
44500
44541
44167
44458
44334
44292
44542
44500
44834
44458
43833
44458
44375
44375
44625
44167
44083
44625
44417
44625
44083
44625
44291
45542
43875
44042
85083
76334
75375
75625
75667
75500
74917
75041
84042
76250
75083
75458
75416
75708
75042
75958
75167
75667
74250
75708
75042
81625
76583
77000
62375
44500
44916
43833
44125
43917
44459
44042
44166
44125
44542
44209
44750
43917
44459
44250
44417
43584
44208
44375
45291
44250
44250
44458
44208
44250
44583
44125
44500
44167
44917
44583
43792
44250
43833
44875
43666
44041
44208
42458
44584
43542
38084
37916
38167
38125
40666
37917
38500
38250
38416
38125
38125
37916
38041
37833
37875
38125
37875
38250
39583
38333
38625
38291
38292
38000
38333
38208
37792
38208
38250
38000
38708
37542
38208
38084
37583
38291
38333
38041
38333
41125
38208
50917
37958
38334
38541
38375
37667
38292
37667
38667
37916
38375
38417
38084
38084
38416
38542
38083
37875
37000
35583
38542
38959
38625
38125
38333
38042
38083
38084
38291
38250
38375
37875
37958
37958
38000
37958
38041
37750
38125
38375
38375
37875
38042
148416
80041
157333
80792
77334
81250
100667
132958
69334
157542
85875
77958
77334
78292
152542
90500
155708
83875
146334
79959
151583
86583
76083
128958
75334
76625
75792
75875
75750
75000
75417
75709
75792
74958
75292
80708
75667
75791
76625
75667
75750
75375
152333
85000
123375
156167
92791
151458
92542
155458
81667
150917
95792
157292
150292
78334
140833
68375
76334
77375
76333
75500
74750
75208
75166
75625
88209
119125
92958
128833
74167
108125
78334
76917
75500
77583
76291
74834
75583
74791
75000
75833
77000
71708
74416
75125
77875
72166
75000
75083
75292
75000
74167
83334
149083
80084
76417
76542
76709
76458
91042
75708
76416
75458
75833
77125
76041
75250
76000
108625
77750
108167
79292
77083
76084
75625
75375
75291
75417
75209
75583
74750
76667
76000
75542
75292
74792
78167
74959
75291
74959
78708
76209
76750
76042
75042
74916
75375
75625
76250
75750
75875
76000
75042
75667
75583
74416
76500
75458
75250
75250
75209
74542
77292
68834
45042
44666
70333
97208
77042
122375
112375
97333
154667
85916
151292
80792
122459
77584
122667
114833
78625
150041
81291
138334
157125
131083
66834
179333
77375
140875
69250
76417
75792
77042
75291
75792
75792
75542
76125
75625
74833
76167
75792
75083
86125
77084
75625
76125
75833
74917
75166
75250
74958
85292
76458
81042
77750
79167
81166
77458
75833
75500
75583
76625
75417
71958
75833
76916
68000
47542
44000
44375
44334
44542
43917
44250
44000
46750
44375
44708
45209
44625
45084
44083
44167
44125
44959
44375
46042
44041
44458
48375
44375
89291
81875
77250
80667
82041
84042
147000
137416
83166
85541
154834
75084
154750
68458
78375
156166
87958
134000
66292
153333
77458
76834
76166
149375
79375
98833
78458
81542
84250
77875
75000
75375
75458
89583
76333
75667
75875
75750
74959
75625
75166
75666
74291
74959
74708
74625
75459
78500
75208
73916
75666
75291
77958
70125
44750
47166
44417
44417
45042
43917
44500
44333
44333
58417
54417
63084
55708
93417
75959
75416
76125
76792
75459
74500
75291
75167
75291
74417
75375
86250
77833
76667
76209
75709
75875
75458
75417
75958
75125
75625
76125
91458
78667
77041
76167
75083
84916
77000
75292
75208
75416
75292
75709
75834
93750
78292
78125
75167
82750
76125
75375
75584
75958
78792
75292
69917
75666
75833
74792
75667
75500
82542
76583
75208
75083
75542
78375
74833
75875
75375
75625
74583
82833
74625
75375
74500
76042
75834
75333
75625
75375
75833
82792
75708
79542
75125
75542
76416
75209
76125
75125
75292
75250
73875
74167
75208
75375
74250
75417
75750
83666
76667
92458
79250
76334
75417
76000
75250
75292
74875
75125
74416
74708
75250
75792
74958
74083
77250
75917
75584
75125
74750
80416
74834
75667
75250
75833
75625
75750
75667
75667
75625
75625
76208
76209
75834
75333
77084
75416
75500
75375
75333
74334
76125
70791
43417
59459
56708
55166
55458
55625
55833
55625
55666
56417
55458
55583
55916
56125
55333
55209
55291
55209
55542
55416
55292
54750
54791
55666
55709
54625
54958
80958
82709
76750
86333
75500
75792
75750
77125
76000
74834
77250
75625
75458
75125
74042
75333
75250
78250
76583
75125
75833
76083
86250
77417
76417
86375
77042
75917
78750
145250
80792
37500
46625
46125
133042
100084
57792
42500
45208
45583
106875
51917
43375
46959
45625
45750
66750
50041
45917
49792
45625
46625
46250
44875
45375
45458
45000
45125
44625
45167
47750
43917
46041
46000
45292
68917
42042
45917
45458
62875
59250
39583
40042
41000
67250
36167
83208
53125
78542
45750
419250
393792
362000
330334
299000
267125
235500
203209
171000
136750
104125
68500
166500
137292
105792
74584
44708
269958
240833
208666
176625
144000
107500
73875
43041
206083
162500
65250
73334
41750
44083
151625
44625
123000
162250
58500
103750
86666
41042
116625
82208
79042
76250
79208
76500
76500
76083
75792
75709
53459
42500
63625
147959
86208
76917
77917
76042
76833
75542
75333
80125
75458
81625
78250
87208
128166
95250
156500
87708
103166
78500
76042
152375
82875
151875
85041
112417
149458
96167
155166
84333
76375
139750
65500
153959
78292
162000
99292
159375
87583
147542
86125
77291
83625
83125
77042
77333
155625
89333
145584
79625
152417
95000
117917
155250
90334
78834
76666
76167
74875
166292
96333
77458
77250
76167
76083
73167
85166
146709
140916
79250
99917
133875
86125
276958
207584
151042
84375
156208
81000
153459
81958
156125
87750
154667
86167
75792
75792
76292
75917
76375
76084
75542
75791
75833
76667
75375
75584
75958
77625
75167
74792
75083
86791
77208
75541
76209
75833
75291
75750
75500
75750
74125
74958
75959
75791
75042
76084
74958
75625
75375
72625
77083
74541
78750
79625
44833
44292
44500
44542
43750
44292
44083
44125
44000
44333
43917
44375
43833
45875
44625
44167
153042
86084
161042
97791
76917
151959
98375
154541
79291
138833
80167
155083
83167
143125
77750
151375
150958
76791
154625
153625
109875
156583
157917
95875
155916
107584
156500
99584
145250
91041
153709
105792
149000
106542
93209
54417
157625
152375
73083
146167
97833
78334
154667
93833
76583
76583
76291
76500
130375
75084
152458
98458
140000
108250
91459
93959
151000
95417
78083
154042
96542
155500
99500
155625
95958
157583
101792
155666
146667
94417
150959
103417
75667
76542
75708
132209
92666
99875
97000
55375
89291
43500
156250
87458
143250
98000
96917
158333
97416
148792
155625
95500
155041
103625
99708
80166
142125
108792
156834
90167
154917
105666
157042
80209
149625
90166
153458
129000
73666
78375
155750
93500
137917
162584
97666
158833
90583
153541
89708
150791
99250
152500
92959
145125
90500
142875
141916
95875
139125
157958
102375
162166
90833
148916
155417
97125
116209
152167
97250
75708
110166
148458
93041
85875
142709
137458
107666
80917
91042
150750
100042
78333
93333
160167
69834
78791
147125
162000
98291
149417
116083
78708
156333
138625
109834
155583
115000
74542
162250
78334
161708
131792
73167
104667
143833
168917
141083
102375
154458
96333
76833
77958
76458
127333
82167
60166
153834
79875
740375
738708
157000
100750
78000
76625
84125
151500
95916
156250
88458
72750
94750
71375
94542
92625
155042
80500
98125
46792
34834
155625
79792
156250
88875
148250
101000
77875
77291
76292
75917
76000
75458
76083
76041
75916
75917
77250
76292
82750
80166
76125
75375
75250
76084
76083
74166
75292
77000
75791
75292
74875
75792
75000
74208
75708
75000
75250
76709
75375
75667
75500
74458
75084
76208
75084
76917
64708
44292
44541
43750
44833
44792
44083
44666
44625
44208
41292
43791
44500
44291
44417
44334
44417
44125
44750
44458
44167
44334
43583
44625
44584
45250
44250
44291
44417
44875
44083
45000
44333
50667
44667
44750
44750
44750
44708
44416
46042
44166
43042
38333
38416
38417
38125
38458
38667
38292
38542
38208
38542
38417
37959
38583
37917
37958
38458
38458
38042
38333
38250
37875
38542
38166
38167
37583
38334
38209
38000
37791
38458
38667
37709
38083
46959
39458
38250
38292
37917
38292
38250
38209
38583
38375
38375
39291
37875
38375
39375
41042
39250
38000
38084
38375
38500
36666
38625
43500
41208
38458
38125
37959
38167
45208
40000
40666
37959
38834
37917
41875
38416
37917
38459
37916
38417
38583
38000
37875
38292
38209
38250
38166
38083
38125
38750
38334
37625
39583
51084
40541
38375
38250
38125
38542
38125
38875
38666
38250
43458
42042
40458
40500
38500
38417
38084
38083
38375
38292
38333
38958
37250
38375
41959
37750
38500
37833
38666
37875
38583
38000
38541
37959
38500
38083
38750
38792
38875
37583
38500
43875
40459
40125
39916
39708
40041
39584
39875
39916
39459
39708
39584
39583
40375
42709
39667
39041
38875
38958
39542
39083
38833
39625
39083
38750
39125
45250
45125
42958
41584
39333
39083
39125
39459
39042
39167
39000
39042
39708
39542
39167
38584
39000
39167
39208
39125
39000
38583
38750
39333
38833
38958
38667
39209
38625
38584
148625
80792
76667
75584
75041
74792
74958
75833
75167
84584
74666
75792
76084
75584
75000
74958
74500
77209
76125
75625
75959
76417
76042
125959
80792
139875
163209
71208
76750
76083
76125
76000
75416
75208
76000
75417
75416
75708
75917
74833
75583
75083
75167
74583
75583
87583
78000
75542
83750
76333
75958
74916
77500
74042
45083
44125
44667
49541
44417
44083
44209
44083
44333
44541
44334
44042
44542
44334
44167
44375
44791
44041
58916
53959
50375
44542
44500
44666
44291
45084
44334
43875
44042
44458
45791
43750
43792
43834
43916
45000
44292
44042
44042
48708
37875
38250
38083
38000
38084
38291
40750
38375
38041
38167
46500
46542
38917
39375
38541
38125
38541
38000
35750
40083
40917
46416
38666
38292
38500
37958
38125
37500
38084
88375
83125
96042
79541
76416
75959
75834
76541
76250
77000
75791
75583
75750
76792
91417
78458
75959
75500
75833
76875
75208
75833
75833
75833
75375
75792
75625
74834
75333
76917
75916
74750
75375
75792
75958
75416
76375
74625
76875
76792
75000
76208
74375
75208
80333
76458
74791
76125
75625
73500
73292
76125
75084
74500
102625
101250
79542
76208
76500
76291
75833
75333
75334
77750
76875
75833
75667
76041
75625
76000
75250
75375
75625
75208
76083
75958
76375
76500
75500
75792
74292
76000
75459
80958
76833
75542
74916
75292
74750
75333
75917
75709
75208
75584
75667
74500
75167
82333
76166
77041
78417
82709
77542
89084
75917
76375
76208
76000
75584
76000
77041
75292
75584
74916
74833
75208
75791
75917
138375
77709
76625
77209
76500
75250
75250
75917
75292
75375
75583
76166
76125
75750
75042
74417
75125
74708
74792
77208
76833
75750
76250
75542
74958
74834
75458
75791
74875
75125
75625
75667
75000
75583
75375
75500
75125
75584
75042
74583
74791
75041
74958
75583
76625
77166
69541
44041
44416
74791
57875
56666
56042
55625
56084
55833
55000
56042
56000
55750
56042
56083
56083
56125
55541
56458
55958
55416
59250
59542
57750
55875
55750
55834
58583
55916
58209
52375
44625
44250
44667
44542
45125
44208
44792
44375
44083
44584
43959
44458
44625
43917
45416
49042
44625
47333
45792
44292
44625
44125
44500
46833
45583
46958
46542
44958
46417
47834
48458
44583
44792
45000
44708
44333
44083
44542
44834
46417
46625
44125
44167
43833
44458
44250
44667
44458
44750
44417
44417
44583
44708
44500
95708
76292
76500
75209
75500
75458
75125
74875
75042
74375
75375
78833
74417
75333
74542
75417
75083
74584
74542
74917
75167
77917
75000
76208
74917
74167
74958
74375
75250
75334
75125
75333
74875
75916
74583
75042
75209
77291
62000
44167
44250
43750
44375
44083
44416
43875
44541
43834
44292
43917
44250
43958
43875
44041
44291
45042
44375
43917
44500
43375
44334
44042
44208
43667
44375
44500
44875
44833
43875
44084
43667
43875
44958
44167
43959
44250
44042
44209
44292
47500
43583
38166
38417
119041
79000
167000
82834
152834
77584
158500
116125
153583
95000
156416
89667
154250
89375
142750
117250
123417
55208
147250
155416
73000
148750
98667
121791
81500
154583
87458
90583
75333
78375
71958
76333
75584
78833
75208
75250
74416
75459
74917
75458
75125
74167
74792
74542
75375
75208
74708
75416
75208
77333
75916
75583
74500
75291
74750
76125
89750
78791
75584
75834
74500
75333
76000
76250
74833
74125
75458
74708
75833
74500
75208
134042
75625
76000
76083
74958
77459
75750
75583
75083
75459
75500
77792
75875
77916
76541
74791
75292
75542
75916
75875
75250
75375
75791
75958
74834
75000
75417
75333
76417
75417
75083
74541
75542
75750
75416
75208
75500
76250
76375
77083
68584
44250
44334
44333
45333
44167
44333
44042
44750
44458
44792
44542
44334
44125
45042
44250
45250
44083
44583
44458
44416
44542
43834
44667
44333
44041
44083
44208
44041
44333
44625
44500
44334
44500
44667
44083
44000
44292
43791
53041
43125
43750
38250
38209
38917
38125
37958
38875
38125
38708
38084
38083
38166
38084
38583
38459
37958
38083
37958
37875
38291
38000
38292
38292
38125
38417
38667
37917
38167
37958
38333
39125
38250
37916
38375
38625
38083
36250
42542
38917
39167
38167
38000
38209
36250
38792
38417
38500
37500
152041
85167
159042
81750
154417
88125
156000
101417
159791
132500
72583
76375
76791
75834
141000
71209
153334
82125
76333
75875
74875
78083
74458
76333
80042
76416
75375
75542
75666
73917
75125
75667
74417
74709
74666
74709
86750
75958
75417
74625
75000
75167
75083
75500
75250
74709
74708
76750
70292
44625
44208
44500
43625
43708
44292
44167
44458
44125
44709
44084
44625
43959
49708
96583
79167
87500
133583
68083
77000
76667
76167
76542
75375
75625
74334
76000
75625
76250
76625
75833
75875
75541
77292
74584
74791
88625
77208
51333
44875
44667
44166
44625
46708
45834
44625
44542
44250
44708
44250
44792
44459
44083
44542
44625
44416
44000
44375
43750
44292
44208
44292
43958
44791
44375
44084
44292
44542
44458
44166
43875
44333
44458
44583
44250
43833
41208
55333
37542
38167
38500
38250
38083
39750
150500
92667
155208
82333
154541
95875
161375
94541
159042
69458
152875
82916
75750
75667
75750
74792
75458
79125
75250
138916
115916
83542
155542
76167
144917
93666
77541
154916
81458
154625
80291
158958
76416
77583
75125
75250
76625
75958
152709
82750
148584
82042
151250
80792
76625
152375
80250
78458
75959
75791
77500
75292
76000
148667
105416
77084
146334
79459
159125
92209
150959
75708
108250
86292
42583
147292
83333
154541
150792
94709
149375
158834
77542
141209
83458
155667
83250
154083
87125
149667
73667
158334
77833
154333
137625
67291
159375
111041
151000
68208
107917
45833
155458
104375
76792
149584
134666
95416
161917
95542
158125
105334
156625
86083
153708
101792
162084
108250
127625
158292
106708
156125
97833
154375
101083
157750
103875
78250
86166
110416
91250
152834
102167
150333
109042
95333
155958
101625
77542
433667
274917
157500
110125
132792
84375
75542
116875
157708
107000
78458
77208
76500
79292
76416
151458
147000
99792
79750
146208
102709
153334
95417
154041
145125
83958
151625
92292
158250
93750
82916
133292
81208
77083
125167
120125
145458
85000
78542
76583
79458
149417
103167
164958
104166
75792
75750
75959
75583
75625
76000
75375
75959
83750
74958
77334
76125
75375
76750
75500
74500
74208
74875
76125
75542
75958
74750
75709
77792
76166
154292
92083
80125
73833
76291
149583
89083
151500
93958
123333
75291
149833
105542
152625
98000
154334
90167
77583
152917
101042
75834
155500
106750
154417
93084
80000
159000
124667
155750
98667
78416
157333
100542
76917
76375
137334
82333
75625
75792
79833
76000
74291
75916
75000
74708
75417
78625
75417
96833
78875
76667
75959
76750
75167
74667
75458
75333
75125
75083
75000
75459
75250
75083
76125
76041
75583
74292
76000
74708
75042
75750
75125
75000
75625
78166
74541
47083
47958
44208
44708
49084
47166
44625
44625
44208
44458
44667
45167
48417
46500
47083
45000
44750
44292
44416
44458
43709
41958
50084
50917
44209
44333
44458
44959
44917
44458
44292
44000
49666
50416
44458
44000
44334
43875
44750
49708
41291
38500
38542
38000
38333
38500
38292
38167
38000
38875
37500
38416
37959
38542
38500
38083
38000
38292
38417
38083
42375
40625
39833
38583
38458
38125
42458
38458
38708
38541
38167
37834
38542
38209
40334
38667
38041
37958
38084
37834
37625
38458
38708
38583
38250
38041
38041
36625
38792
38083
38375
38625
38333
38250
38125
38208
38000
37917
38791
37834
38458
38041
37750
38209
38292
38208
38041
38167
38459
38208
38334
38000
38167
38208
43083
41083
37875
38083
38708
38083
38250
37667
147000
70334
76209
76667
75792
75417
75500
75667
75334
75584
75084
75709
76000
75417
76291
76084
75833
78583
76291
75458
75750
74250
74792
71708
77958
76208
79041
75750
75250
74667
76333
74708
74750
75750
75500
75292
76042
75875
74750
75667
75334
75542
76042
77584
67125
44708
44583
44584
44167
44167
43834
43584
44292
44625
43875
43750
44584
45708
44125
44542
44291
44750
44375
44417
44250
44375
43709
44500
43958
44709
44625
44083
44125
43709
44583
43708
44708
44542
44334
44125
44542
44333
44250
44208
44917
41167
38292
38375
38542
38333
37916
38500
38084
38000
38042
37917
37833
38375
38292
37875
38375
38250
38125
38667
38834
38250
38250
38459
38084
38084
38250
38125
38334
38209
38250
37500
38083
37917
38125
38084
38833
38708
37791
38208
37917
38250
37958
38083
41042
38792
38041
37916
37792
38000
38416
38541
37750
38375
38208
38500
38209
37916
38500
38500
34750
39541
38875
38708
38125
143875
67833
142583
73833
156917
91000
76000
77084
75916
74959
75791
75625
74750
74625
75125
76250
75584
75334
76000
75875
75792
74375
74916
77334
78875
75292
79250
76167
74667
75375
75333
84750
75292
76750
75333
74917
75709
75166
74250
76000
74875
75167
75583
75583
74875
75667
76417
146208
72500
150458
83666
77958
76625
77125
76458
77125
76458
75875
76750
77375
77167
75667
77041
75708
75542
75875
75959
76584
87166
76833
76833
76250
76541
76333
76458
76417
76000
76292
139916
108042
78250
76917
75833
75875
75125
75000
75125
75500
77208
76292
76041
74875
76500
75417
74458
75541
75792
74792
74458
75292
74750
77958
66291
43917
44167
44167
44250
43792
44042
44250
52584
47875
44708
44291
44750
44500
44459
44500
44458
43958
43709
44208
44708
44458
44125
43875
44125
44042
44167
45500
43291
46583
44084
44042
44792
43958
43917
44084
44291
44292
140792
85875
143583
78458
151208
93708
153583
87292
154125
82250
130083
154417
154375
78417
76625
76625
75792
76959
157500
84125
158667
85708
156083
83708
75833
75791
75792
75417
75000
76750
75541
75250
75500
75875
75167
75584
75750
75583
75542
75667
78625
83167
77834
76208
75792
75833
75333
75083
75833
76084
75333
75917
75125
76375
76958
75083
75375
71375
75958
74666
75541
76042
75667
74000
75750
75875
77333
65584
43833
44459
85917
78417
77375
77625
76916
77709
76292
75542
77291
78125
76584
77041
76459
86042
79583
96000
92000
145291
67041
145417
75125
128375
79375
77208
75584
76125
75500
76833
75834
75958
76333
86459
75958
76667
75541
76167
77250
75125
75334
75166
72583
78125
78333
76584
76250
75791
74708
76125
75416
85667
76250
75458
75875
76875
76000
75083
76792
77083
75584
75625
75917
75334
74625
76250
75959
75084
75666
76084
75084
75208
76000
75833
75208
75125
75666
75541
75958
75667
75875
75333
75375
75542
77042
77875
61833
44125
45666
44250
45042
43958
44166
44208
44834
43958
44542
44208
44292
45042
44375
44250
44375
44167
44333
44125
44750
44292
44208
44542
44333
45000
44542
44750
44583
44000
44583
44209
44666
44542
44791
44709
44666
44667
43584
44084
43709
43875
38542
38791
38333
38458
39458
38542
38958
41917
41292
40833
38250
38625
40000
39000
38458
38625
38667
38708
38458
38958
38500
37959
159417
79291
77541
76083
75958
75542
156917
84125
161000
76875
149542
79333
113083
91625
79125
86083
144958
84500
142708
83583
154958
80625
152083
77959
78166
154541
100125
138375
146917
139083
70083
159708
100167
156417
91959
148792
82125
104916
81084
52125
161625
78792
152000
72250
156125
80209
132708
147667
77667
148625
94833
77750
161500
107833
154833
79333
154416
76042
146667
89834
135375
148750
87709
81292
128292
83125
157083
154791
74875
156583
85916
154167
79292
159791
83792
80250
155333
76459
77292
152292
83666
160167
89417
142500
78917
159834
90000
117958
107209
81084
153667
84250
163042
94084
158375
89709
151125
140792
89417
154542
76416
149000
81375
156125
80166
123833
81083
75708
75792
76209
76375
75583
75417
75708
74958
75417
75542
76041
74667
75500
74625
75875
74625
74375
75417
131667
79958
76708
75750
76250
76208
148709
77375
153417
80084
155250
90666
148250
156042
75500
152042
86833
76458
76500
117917
78167
40625
151250
75042
157334
89959
148458
82833
161459
82542
77625
77375
158500
90666
158500
102792
156292
92375
149959
114583
157583
98500
157500
88167
142417
95000
155958
100667
76750
154708
101167
151667
105167
149542
101750
78875
84958
80500
86375
77333
77584
83333
77875
85625
77291
101417
79459
75125
76083
76209
75375
74208
75333
75833
75125
75750
75000
75417
79375
75417
75791
76250
76959
74958
74958
75833
75708
75000
75333
74500
74792
74542
75834
75833
75875
74917
76208
75792
74666
76167
75375
75833
74917
78042
70625
44084
44000
44333
43500
44333
44791
44542
44333
44250
44709
44625
43792
44417
44125
44458
44250
44083
44542
44792
44375
43834
43917
44667
48458
47000
44250
44250
43541
44542
44583
44458
43625
44125
69500
44125
44541
44500
44542
47875
44958
47625
42541
38166
38333
38333
38208
38209
38333
37959
38250
37750
38250
38250
38459
38250
104250
78333
75875
75208
75833
75667
75084
75583
74250
75333
75375
78375
77542
76500
74542
75208
76375
75917
76125
75667
89959
76625
75042
75125
74750
76083
75500
81583
77208
75334
75958
75750
75875
74959
75084
74834
84375
76041
76792
60917
44334
45000
44292
44209
44667
44083
43750
44166
44875
44000
44166
44000
44334
44584
43958
44875
44209
44542
44291
43791
44209
44125
45000
44666
44917
44208
44750
44125
44292
44542
44000
45000
43958
44458
44500
44375
44541
44958
44500
44000
45083
40459
37625
38125
38208
38125
38041
38166
38125
38000
38208
38917
37833
38334
38334
37959
38375
38333
37875
37958
38000
38125
38084
38250
37917
38542
38042
38334
38208
37792
38208
38125
38375
37834
37667
38000
37875
37792
39625
40958
38375
38250
63417
45167
44042
44000
44333
44375
44542
44500
44333
44041
43833
44166
43584
44584
48417
44458
43958
44416
44417
44333
45125
44500
44375
45084
44500
45292
44084
44125
44042
44583
45292
44167
38208
38041
38583
37625
38958
38375
38500
38166
38042
38084
38000
39208
38166
38125
38333
38125
38084
38500
38000
38125
37875
38125
38291
38209
37750
38125
38375
37875
38167
37917
37750
37833
38042
38083
38584
38042
38083
37792
38125
38458
37708
38000
38000
38333
37916
38542
37625
132875
88500
151792
105125
123709
71375
146917
158458
96000
79416
157083
149917
96500
154958
101209
155834
85334
155125
109625
145875
109500
124208
136083
78208
156000
113542
229459
148916
87708
108292
75917
77833
148334
103834
77500
77625
74833
77500
75833
83083
76042
80417
77208
140458
68750
75500
75917
75458
76375
75916
76417
75541
75500
75875
147333
94041
146459
101125
78959
112292
78416
148625
93208
155500
128792
80625
148792
96875
153583
113084
70375
76500
76792
144292
98042
76417
72958
77417
78000
76167
75958
77125
76417
76541
77250
76458
78375
76083
76917
77250
75959
76000
77250
71917
77166
76292
75958
76042
75000
78750
76041
47250
44792
44834
44583
48625
50125
72208
57000
57250
143750
120625
73458
157375
104250
78500
75959
76500
74916
75917
75541
74500
80583
75125
76750
75916
74917
75750
75125
74833
74834
75917
74875
156625
108084
156458
105667
133333
157416
93750
160167
102125
139083
156917
105542
82208
109750
77875
77458
95709
156250
97542
76959
154709
107708
76042
75458
75958
75750
75208
75459
75500
75500
74750
76750
75125
74958
75375
75292
74708
75334
103291
79458
151416
97875
110333
88875
160959
95375
78291
152125
104209
159292
80208
157000
104375
155458
147833
71542
144750
105959
145875
88958
149375
90458
79000
149625
98875
84917
158209
94708
145458
89292
146250
77500
75834
74125
145792
99542
157250
114125
149542
93792
148333
96666
150583
99375
134916
156167
107000
148666
101375
150709
79875
76250
76542
82083
75750
75542
74833
85791
77000
75792
75583
76291
75791
75000
76500
75625
75417
75583
76750
75916
75250
74666
74458
75625
77667
74750
75500
86167
77291
82041
75666
76042
75500
74459
75000
82875
74875
75041
74792
75292
75292
75167
75167
75458
75417
74000
75292
73917
75917
75583
77667
60208
44084
43916
44333
45792
44292
44666
44083
44250
44041
44250
44583
43792
44500
43791
44250
44208
43875
44333
44125
44250
46667
44458
44291
44584
44542
43792
44792
45916
46292
44583
156167
78000
76708
77334
75875
75167
78042
77084
78583
77417
75125
75792
75750
75583
75292
75500
82833
77750
76000
76250
76292
159917
155042
66334
76667
76542
75334
74750
76084
74750
75583
154250
155750
78375
77333
76042
76583
147459
74250
162458
149250
154667
156834
156000
91584
76333
79000
75459
80916
155375
143542
73917
130958
150667
146583
153833
91333
80209
156667
159000
91500
143291
153709
150583
112625
124542
74500
137916
155375
76125
77167
75625
77042
143250
157250
157625
135583
157042
152542
152792
87084
139750
122708
77000
163375
88625
152125
84542
149041
107209
140375
156167
98792
152291
103834
158792
106208
155208
80958
78292
75375
76209
76500
76167
88875
77875
80500
78750
75542
76208
78334
76833
155958
101583
153875
107833
144833
110750
157125
101292
155042
101250
76291
75833
75250
143125
99000
163667
83708
153959
127584
80292
154209
106667
115209
78750
76041
76083
75708
75125
74416
75041
76167
75083
75542
76250
76167
75875
75041
77917
75250
75375
75875
75875
85792
76250
76667
75083
75417
75083
76125
74875
76084
75167
75417
75042
74959
74875
75000
76042
75292
75666
75041
76208
75500
77042
57542
44375
45125
45666
44416
44416
43875
43958
44417
44042
44333
44000
44291
148833
84458
78000
76666
79708
76458
76333
76125
75458
78083
76667
77417
157666
119583
74416
77084
76041
76458
81625
77625
75958
75333
76458
159709
99167
76375
76209
75708
74917
75250
75709
76291
75208
76459
154917
104792
75833
76834
75541
74750
75667
74791
76250
75542
75500
76958
75958
76500
76042
75875
75167
75459
77084
62916
44917
44084
44583
44791
44167
44333
44334
44459
44250
44709
44708
44834
48125
44500
44041
44292
44791
44500
44417
49417
45750
45583
44250
44375
44042
44042
44625
44291
44541
44291
44792
44792
44333
44167
44792
44292
44584
43959
47833
48375
38042
38625
37792
37958
38083
37875
37958
38375
38125
38875
38166
38250
38166
38458
38500
38209
38167
38292
45625
42458
38042
38459
38458
38625
37750
38250
38000
38125
38084
38208
38375
38041
38250
37792
38625
38208
37750
38417
38792
38000
38250
37958
38334
37875
38625
37875
38959
38375
38583
38000
38333
38125
38167
38166
38666
37417
38292
38792
38583
38250
38500
38333
38167
38041
38125
38500
38042
38500
38417
38375
37959
38583
37958
38250
37959
38083
38667
38000
38125
38292
35125
38750
38333
38083
38125
49666
38500
38334
38167
37958
140625
72625
147792
110500
152208
94583
183250
98208
156000
98459
145250
88291
155834
91625
78750
154000
97959
141542
155291
96541
143166
147583
93167
152417
103208
139708
81708
152875
124375
80459
137042
103083
119917
160459
102833
158750
97500
160875
98125
101792
127208
62875
158792
102125
134542
134834
68625
156083
99541
155417
100125
150750
115542
149750
93875
78583
154250
91875
133041
109833
130000
124417
104084
85541
157709
89625
77458
76875
77083
75667
75583
76334
78875
76167
76084
153459
102125
75917
77458
75750
76375
76625
76083
75500
75208
75084
76667
75584
160708
105417
76125
76625
76125
163667
104958
139375
134333
154500
104625
158750
106375
146792
99042
154625
106750
151333
110833
156041
90875
156042
86583
158625
75250
158875
105041
76250
75458
75958
75375
76166
76334
75666
152416
99542
153000
97417
157916
136584
95000
150125
150458
108292
140041
154792
100334
155167
87500
156334
152416
97500
154833
89375
156917
105458
77833
76042
159333
81583
153583
96542
150792
85333
154792
96458
151292
93583
154625
86333
156500
94125
77625
153125
102334
154292
98375
155375
114250
106167
113833
79333
120625
157500
108000
154916
103125
146208
102625
146584
108125
149500
100167
149791
117125
157625
108208
142458
101375
91917
80125
155500
156375
92167
149750
104708
150750
100334
154583
96667
98292
56000
163625
99166
78625
138750
98250
155583
158583
105167
147500
100625
93583
87833
157458
97542
148084
153166
98209
147208
118125
154333
96292
160959
130958
73083
151000
91000
79584
158542
103583
158834
114458
159167
94250
131291
114833
153875
97834
159959
105458
153542
86375
142292
157833
89500
149833
139834
110333
155750
85166
139417
86041
159000
87625
153625
86833
151084
84541
151375
77417
155833
149792
77292
96250
80042
151625
96375
160250
156041
88958
160542
89167
156166
87417
140208
145750
86417
78583
157667
112000
158459
87792
79375
149250
108041
155958
96250
104458
119792
64750
155875
101875
146833
101250
146709
102709
150375
106250
155208
93583
151375
132291
86708
152750
110333
136458
150667
95708
145000
91250
163167
109458
112625
80959
151375
109834
155250
92459
76750
77458
76625
76292
157916
85417
157292
92042
77917
123625
91459
53375
62416
162708
109875
156041
100500
153250
101167
152084
84375
162833
112916
154416
85000
150459
95333
155875
97542
78167
157875
102542
151208
104750
159250
101834
155875
89875
160959
110542
77542
156917
94417
156083
73916
77709
76042
153833
100542
151291
126875
85292
158625
93958
79625
137375
94375
148958
101250
77167
157500
105250
150750
110458
153167
108500
93875
159208
103875
154625
74208
145709
138458
80292
151208
100584
132042
120250
72833
156167
154917
94917
160042
85792
155584
96916
151791
88917
78583
138375
86834
130750
94000
150750
96834
156833
100166
148333
92834
155708
90875
159292
107208
158750
100667
149667
68500
153834
109625
153542
119292
77958
148875
88334
163791
103083
148667
86083
151667
105250
148916
101083
118625
132375
143500
85500
146041
122416
161208
99791
163250
120250
124666
135375
85625
135958
149042
95042
157625
111875
106667
149833
142500
94000
157292
95125
148458
86750
152542
104416
91333
98625
147583
97458
88791
78958
87791
78709
81125
88584
76584
76458
73167
76583
77375
75250
75541
76291
75584
75500
75750
75459
75833
76166
75834
74584
75000
74833
75583
82333
75584
75250
76209
74875
75041
75500
75250
76000
74125
75167
78250
61875
44583
44667
44625
44250
44500
43916
43959
43833
44125
43875
44500
44292
44833
44250
45000
43542
44333
44000
44000
43875
44500
44292
45042
44292
52375
50250
44708
44458
44416
44417
44042
44500
44750
57083
48250
48083
43791
47041
44583
44542
47375
44209
42542
37959
37958
38542
38041
38167
42166
38042
37583
38125
38000
37916
37917
38333
37917
38250
38292
38334
38333
37667
38291
38500
38042
38416
38334
37625
38459
37916
38958
38459
37959
37875
38291
38084
38125
38083
38042
38000
38000
38500
38042
38000
43584
42625
37750
42459
38583
38334
38708
37875
38667
38250
38125
38083
37792
38209
38416
38333
38125
37791
37958
38125
46125
38875
38333
38167
38292
37917
38250
38667
38458
38083
38458
37959
37792
50333
40250
39583
42542
38959
39417
38583
38000
38125
38459
38500
40209
48750
45500
44375
43833
43958
44208
43875
42542
45500
47208
44959
44875
43667
44083
44125
45542
44625
43875
44208
44500
44625
44083
44209
44000
44583
44750
44667
44666
43958
44166
44083
44042
50708
46792
44292
44333
44833
45209
47208
47833
90792
76458
74958
74833
74917
75666
75792
75333
75042
76375
74625
76125
74708
75250
77417
75583
74958
75750
74833
75542
75709
76167
74916
75375
74959
75542
74667
75084
83542
75333
73958
72583
75292
75792
74959
75541
74875
81000
74500
74833
77916
57417
44542
44583
44542
43959
44042
44042
44167
57125
44375
44833
43875
44333
44083
45250
44417
43917
44292
44167
44416
49750
49166
44459
43584
44417
44208
43917
44625
44042
44042
43959
44833
43709
44208
54583
45708
44709
44042
44708
44208
44709
44750
46834
39542
37958
38000
38333
38417
38000
37708
37750
38250
37708
38167
37750
38250
37834
38083
38042
38458
38625
38084
38417
38208
38209
38875
38583
38334
38084
37750
38208
38333
37834
38125
38250
38334
38541
40041
38833
38417
38250
38500
38625
38292
37875
38083
37958
37792
38042
38375
38458
38459
38375
38292
38000
38209
37875
38250
38209
38083
38584
38417
38042
38667
38417
38583
47125
46041
42167
43125
43292
50417
49541
80334
77042
74750
75459
76166
74625
74917
74959
74709
75209
75125
75375
75166
74916
75667
75583
75083
75125
75917
75375
75000
79792
76750
75708
74583
75500
75459
75833
75583
75625
75375
75042
76834
76209
75167
74958
75625
75333
75000
74375
76084
76125
75334
75875
76792
67458
44834
44000
44834
44708
44625
57292
44291
44084
44917
45625
43916
44750
44584
44875
44333
44583
44542
44375
44500
45375
44833
43875
45000
44625
44417
44250
69958
41375
49042
47792
44375
44542
44875
44625
45125
44500
44291
44583
45042
44875
44417
45000
48917
38375
38167
38125
38292
38584
38708
38917
37542
38125
38291
51167
38625
38458
37959
38292
38333
37792
38500
59875
57208
55666
55208
55250
55958
55958
55500
54625
55917
55458
55500
55250
55500
55500
56167
55417
55166
55042
55291
54625
56625
55167
55209
55250
55875
55125
55917
55625
63958
57958
55417
56083
56083
56833
72917
76000
75542
74833
79250
76542
74417
75000
74334
74542
75792
74917
74708
87291
76250
76208
75000
75333
81833
78167
76250
75625
88125
75542
74542
75584
75083
83833
74167
75167
75167
75833
74834
75000
75709
74834
75250
76209
75083
75041
75250
76250
75125
75459
75959
76167
75250
144667
91125
76583
76625
75167
76083
74875
75917
75250
75542
74833
76042
75542
75750
76041
75250
76541
75458
75375
82042
76541
76542
75958
75583
91750
75667
74958
75500
75292
75834
75166
76833
75250
75375
75666
76000
75583
75083
74917
75541
75541
74625
75875
74750
77542
76250
75666
77584
76500
74625
77292
74750
75833
75084
75333
76125
75541
83041
78750
46625
44125
44042
45167
43917
44250
44333
44708
44000
44791
44417
44209
44250
44125
44459
45000
44291
44291
45417
44084
44083
44041
43708
44333
44333
44125
45000
44333
44416
45500
44000
44125
48083
70833
58000
58834
56041
55875
56333
56000
66792
55958
55541
55625
56083
57375
55875
56209
55625
56291
56125
55625
58041
72417
76292
76583
72708
78000
76584
76417
76500
78959
76042
76417
77000
75917
75334
74542
82875
58583
44875
45500
45542
44250
43875
45375
44458
44792
44291
44875
44459
44000
44500
44875
45000
44666
44375
44542
44875
44584
47958
44250
44500
44500
44459
44375
45667
45167
44459
44333
43875
44625
44458
44625
44875
44333
54250
50584
43417
46042
47417
39209
38500
38291
38375
39083
38791
38208
38167
37958
38583
38542
38417
38208
38125
38333
38167
37916
38000
38333
38291
38833
38959
38125
38792
39625
38500
38417
38125
38333
38417
38458
38125
38625
38041
38166
38500
37625
37958
37958
38208
38083
38417
38375
38375
37958
38291
38709
36500
40458
38417
38250
37584
38584
37584
40541
38333
38084
39125
38417
38625
38167
38500
38375
37791
38833
39792
38167
45666
40292
38042
38291
38000
38333
38750
38042
38000
37584
38041
38042
38500
39334
38250
38667
38041
37958
38125
39209
37833
38042
37916
38542
38500
38458
38708
38750
39792
39000
38875
38375
38750
38291
38750
38375
38708
37958
38750
39917
48333
42542
41334
41583
38834
40250
41000
40500
40708
40875
39250
44958
111458
84625
85209
87833
81000
78125
84834
91667
78167
77583
75958
81917
105125
79042
97292
78292
149708
141750
157666
148709
80375
79750
76292
77167
75625
75750
75458
75958
75250
77208
76334
75500
76000
75792
74875
76250
75250
76125
74958
75625
75083
81292
91541
84208
82542
76792
78041
81791
53166
46083
46208
44291
44375
44333
44417
44834
44167
44000
44542
44208
44875
44417
44042
44458
44667
44583
44292
44291
45041
43958
44042
48125
48708
45708
44792
44750
44666
44625
44250
44125
45042
49583
44666
43791
44333
45875
44584
44625
44959
37875
38250
38000
38958
38333
38083
38000
44666
38667
38208
38333
38292
38125
38125
38416
38292
38458
38459
38708
38458
38209
38625
38208
37875
37792
38417
38750
38625
38458
38667
38542
38083
38500
38250
37541
38709
38000
38209
38250
38125
38375
38333
38167
38584
38375
38375
39084
37875
38208
38292
38250
38500
37958
37917
38041
38208
38375
38167
38250
38167
38083
38458
39083
38625
38084
38459
38291
38708
38042
37875
38208
37958
38083
37917
37916
37750
37833
38292
38625
38459
38083
37875
38250
38333
38666
38084
38000
38250
38416
38458
38709
37666
38083
37959
38209
39833
38416
83167
41375
48125
100041
79417
76458
76375
90042
76708
76166
76625
76791
76209
76209
76292
76875
75875
76000
77208
87500
76041
75834
76458
83833
86250
83959
77458
79458
76667
76458
77500
76542
76708
76208
76542
78000
76916
76417
77084
76083
77333
75792
75791
75500
76167
84375
77875
77042
76916
77000
76291
76334
78667
70500
44500
44792
45375
44625
44750
44917
44709
45042
44500
44500
44417
44875
44959
45125
45000
44583
44667
44625
45208
44667
44667
44791
44458
42041
44500
44542
44584
44958
45083
44542
44875
44416
44542
45000
44333
44333
40292
44625
45041
45084
44959
38333
38250
111792
78125
76125
74791
75000
75208
75875
75333
76000
75750
74667
77167
75708
75709
75167
74625
75083
75792
74625
75042
85958
148625
117791
78292
149333
139625
91625
76667
75792
81541
74000
77500
76458
75583
75917
79167
77250
74917
75334
75458
154166
79375
143750
118416
79958
87000
51958
82459
83584
143958
102750
85042
72666
68917
96250
77667
136625
111208
72583
48250
52458
415500
323250
297541
271292
244542
217792
191250
166208
76208
22875
18916
17958
35500
30083
21292
12500
19583
16750
20167
12917
20417
12750
17792
15875
21042
13417
20208
13042
20292
12750
20500
16083
20584
16375
13709
16375
17375
17458
17542
16291
16208
16000
15916
16042
16625
16000
15750
15917
15959
15833
16000
15833
16084
15958
44875
19292
20041
14625
18875
176541
130209
100666
73791
48792
64167
125250
210625
190292
166333
143875
111958
86750
130334
40250
169459
54542
224291
363875
343958
320334
295750
266333
241583
196458
172417
147708
122667
97542
123875
104166
80458
138042
118542
94417
70125
46209
29167
95834
71500
41000
94750
70542
46083
216250
194000
170584
146000
121625
97375
72917
32791
19375
16583
17625
16209
17333
15417
17209
15625
17334
15583
17208
15209
18416
15583
18000
15917
16958
15458
17125
15416
17209
15125
17625
15000
17125
15667
32792
25417
15917
10625
13458
13166
13000
13042
13125
12917
12834
13083
12959
12875
12875
12916
12875
15583
15875
14334
15875
24875
14542
15458
14709
14500
14417
14375
14292
14250
14125
14333
14334
14292
14208
14375
14250
14125
14209
14333
14209
14042
14125
14291
14458
14125
14125
14292
14250
14250
14125
14292
14334
14167
14083
34708
30375
18375
12334
15041
16875
15084
33541
38875
40500
39750
37000
13375
15500
18084
15250
16917
16375
10292
17542
16875
15083
16958
15208
16833
15500
16833
15459
16875
15500
16709
15417
16875
15333
16792
18375
35333
22583
13250
14583
14416
14542
14375
14500
14375
14542
14291
14541
14333
15666
14542
14334
14334
14250
14333
14458
14375
14250
14500
14583
14292
14334
14333
14375
14583
16750
14917
15209
14708
14583
14708
15292
15916
15250
14667
14625
13875
16000
21583
18417
10292
15250
15084
14625
14667
14667
14917
15042
14791
14958
14958
14750
14708
14666
14541
15167
18125
24500
18417
12583
15291
15542
14791
39042
32083
17958
19750
19417
19083
19167
19417
19541
92084
97250
81542
74500
62625
83416
52291
32125
39959
153000
124000
139542
90834
83208
80917
77667
79708
76500
76583
79042
72666
77834
89042
103750
117667
102292
79833
100917
80542
51750
39416
39375
38500
38292
38792
38458
37833
39167
39208
44084
39834
38292
38041
38375
38542
38042
38875
37834
38208
38625
38542
38667
38541
37916
38834
38583
38292
35166
40958
36625
40792
38458
38042
38250
49333
40500
47250
38750
50541
38625
38833
117875
91125
101458
83042
53167
40416
157750
94000
80166
140042
78125
78166
76500
76292
75416
76291
75625
75750
75209
75834
77708
108833
148542
85583
96500
55042
68333
100625
93000
143417
124042
81125
156500
63125
55833
42042
102750
76250
43833
155625
132875
111167
78458
140209
117417
98542
55959
42542
21666
43208
43666
143417
152458
96667
79292
85250
80541
76709
77375
76042
76375
80083
78459
75542
75958
75375
76666
76041
77459
77709
78208
75792
76375
75292
75000
75375
76250
79625
80750
76500
77000
77000
76250
76125
76333
75500
75334
75708
75375
75084
76667
85292
77125
77625
76750
76417
74167
62125
45709
45125
44459
46625
47292
47000
46625
47042
47125
46834
45625
41166
48250
44750
45041
44166
44750
44417
44250
44750
44542
44208
50375
47458
46500
46584
46792
46500
44583
50083
46541
49333
48208
46625
44333
43000
52500
47625
44959
46458
68291
42958
40542
40875
40417
40583
40375
40375
40417
43041
39291
40750
40292
40000
40292
40167
39083
40166
39333
38292
38292
38916
38458
38666
38625
38167
38125
41625
38250
38125
38500
38000
38333
38541
38333
37583
43042
40916
38042
38792
38667
38500
38292
38542
38500
35625
41583
35041
39625
40333
40541
40000
40209
40542
40250
40083
40333
40375
39916
39750
40209
40166
41000
40250
40000
40167
39041
38208
38416
38167
38375
38125
38250
37833
38541
37958
38291
38292
41375
39333
38875
39083
38125
37791
38042
38083
38500
38209
38084
35750
38500
38042
38417
38292
41708
40791
39833
38459
38000
38209
38375
37541
38292
38709
40625
39083
107209
89708
78166
90334
78083
26833
73125
78917
67125
69542
43417
84875
48833
120625
71917
84333
78083
77791
76041
76583
81084
96542
98959
85958
76584
98708
84917
89667
108125
129958
111917
83542
104375
78083
157792
82291
81500
77000
78000
149917
88500
47875
37916
23458
17625
19667
19958
19250
22458
18916
18750
18958
19125
18958
18959
18541
18834
18792
18750
18833
19084
18750
18542
19000
18667
18875
18875
18375
18708
18709
18500
18625
18917
19000
18625
18542
18541
18625
18834
18792
18625
22958
19666
19375
18917
18666
18750
18584
22666
19125
19208
19625
19042
18666
18500
18708
18459
18833
18625
18667
18584
18542
18750
18500
20292
18916
18583
18625
18542
18750
18666
18666
18750
19458
18792
19000
18584
18666
18750
18583
18833
19000
18625
18750
18375
18583
18875
18375
19125
18709
23666
19542
19833
18708
18834
18917
18958
18833
18958
18875
18750
18667
18875
18708
18959
18500
18542
18666
18542
18250
18750
18542
18542
18917
19416
18541
18541
18666
19000
18667
18541
19333
18542
18541
18750
18625
18875
18625
18625
19000
18875
18709
18792
18625
18625
19333
18666
18667
16875
26500
18125
20375
19375
19708
19167
19375
18625
18833
19583
18584
18709
21834
18834
24209
19833
18709
18500
18666
18667
18750
18583
18958
18709
18667
19000
18917
18750
18541
18708
18833
18750
19000
18750
18875
18916
18834
18750
18500
18959
18583
18875
18959
18583
18833
18584
18833
18667
18458
19000
18625
18791
18750
18750
18750
18500
23167
19459
19000
18667
18750
18791
18917
18834
18917
18875
18834
18750
20125
19708
19750
18833
18625
21250
18750
18833
18584
18917
52542
30000
68542
129709
80542
143917
97875
123625
109834
78292
77250
77125
76708
75958
75292
75375
75417
75666
74792
75500
75042
76166
75666
74959
75583
75292
78750
113459
79000
79250
78084
55833
50583
44416
44458
43875
44500
44875
44541
44917
44667
47958
45291
45250
44416
44583
44834
44458
44500
44417
44417
44292
44959
44375
44709
44500
44083
44333
44250
44750
44625
43959
44542
44250
44625
44458
44375
44458
44500
45000
45000
45167
42958
45541
38875
38750
38417
38375
38292
42042
38291
38375
44834
41541
38584
38500
38292
38208
38500
38042
41000
38000
38667
38333
38292
38500
38709
38625
38125
38250
37917
37917
38417
38334
38167
38375
38041
38542
38250
38250
38083
38083
38958
38875
38000
38334
38791
38125
49208
40875
38541
38000
38875
38292
37875
38375
38542
38041
38041
38333
38333
38792
38000
38292
38208
38125
38208
38291
38208
37917
39458
38208
37666
38333
38209
38375
38042
37875
38209
38083
37959
38458
38125
38584
38375
40375
38500
38042
37833
38292
38500
38125
38334
38167
37833
38541
40084
38875
37667
38542
102750
78708
77542
77084
78750
76708
76750
81541
74833
76708
77375
78625
76042
75542
75917
75416
74292
75750
75167
75375
75250
76583
75834
74625
75500
77834
63875
44500
44292
44458
44458
44333
55750
45292
44209
44917
44000
44208
44292
46000
108917
86625
151625
156750
91958
159250
90542
105375
78958
157500
105958
147792
93708
160625
114750
108208
98750
149041
94417
151791
80292
145750
93292
159542
89583
172125
137667
166250
102958
150083
158375
105125
154375
98709
76625
75917
75416
75625
74542
75209
75750
75500
81375
76000
75125
75750
77208
75459
75542
76417
75041
75500
75291
85166
75625
75625
81416
75709
74750
76000
75584
75041
75000
75167
80709
108375
87166
86916
85917
79583
94083
54917
136208
90792
154250
107250
161958
113292
160542
103541
78083
76292
77417
162042
102292
77958
78000
75167
160458
95791
156667
99417
78500
77708
76667
153833
103709
98167
82750
77750
121875
103166
81500
78750
160167
113208
78042
140458
91541
76542
77625
75875
76333
75459
74958
97209
96166
117750
79458
77125
76042
75584
77917
75917
75666
75583
79750
75917
76042
75417
76083
75167
76541
77166
75750
84000
76500
76250
75459
74750
74708
75667
76542
59292
44875
45000
44708
44916
46917
44709
47667
88292
81500
77458
75541
74958
76459
91375
85291
84250
158750
103541
149000
87500
101834
160458
89000
158833
98417
141750
149125
113000
72625
152834
96000
152917
110584
123041
97666
54625
65500
31500
31291
32250
35875
30792
30959
27667
31042
32000
31834
33708
34750
31166
32542
32292
32208
32042
31959
144417
78834
155167
86875
149625
104500
135291
105792
78083
155958
83041
155833
148250
88416
159959
92209
153125
153500
78375
160125
103750
91625
82667
81375
123708
78375
77125
150333
83667
127500
92750
154625
101625
143000
84583
78375
80166
118500
78625
76750
76250
76459
75375
73458
77917
76041
76625
76875
75833
78042
75959
75459
75500
75583
75625
75500
75958
85500
77292
76542
74917
75750
75417
75667
76167
76625
77208
73292
72541
76083
76208
75666
76458
76833
76625
75417
65541
44208
45875
48250
44458
44708
44542
44750
45083
44500
44333
44458
44833
44334
44125
44000
44167
43916
44292
43916
44375
44500
44625
44125
43875
43958
44542
44334
44458
44584
44500
44500
44542
44792
44083
45625
43875
44625
46292
48250
40167
44416
37875
38709
41167
38250
38500
38291
38250
38334
37833
38000
38375
37417
38167
38291
37750
38166
37958
38208
41542
38584
43417
37792
37875
38333
38541
37917
38042
37625
37917
38166
37834
38791
37667
38041
37500
38041
37750
38333
38167
38458
37625
38292
38459
38334
36167
39750
38375
37666
38167
37917
37709
37666
38333
38208
37958
38458
37833
38125
38292
37958
37875
37792
38083
38209
38583
38167
37667
37541
37958
38625
38208
38000
37958
38500
38250
38375
35167
38083
38125
38250
38500
38459
38167
38042
37875
37792
38250
38333
37792
37791
38292
38041
36875
36959
38542
38458
38083
38334
38541
38500
38167
38000
38375
38167
38041
38500
38209
37792
38083
38167
38250
37667
38250
38166
41958
41083
41709
38167
38250
38625
38584
42208
40250
42625
36000
37208
41292
41208
39666
40667
37791
38167
42916
41750
41250
44292
38458
38250
43291
42083
41834
43250
38208
37959
38292
38084
38208
38375
37916
38458
38042
38083
38584
38500
38167
38417
38167
38500
38209
37792
38250
38042
37792
38459
45958
44084
37959
38542
38791
38292
38209
38333
38083
37958
38542
38750
40958
62125
77917
58458
91250
78750
75750
76125
75583
74916
85083
76416
75166
74875
74834
74958
74958
75542
75042
75209
74959
74583
74666
74709
75125
75250
76042
77583
72500
46958
44917
47458
60583
102875
75500
78584
78917
75875
76167
76208
75792
76167
75584
72208
78208
75542
77334
75958
75417
75375
74917
75334
75083
75667
75292
75125
83625
76708
75667
75333
76292
75291
82792
82000
78166
98208
151292
77583
152125
127333
79375
162042
77000
145667
71500
144958
155292
77417
146292
68042
148500
91042
158000
94125
155291
86666
158083
84584
103125
77583
116166
85959
159625
88916
148083
80917
129291
158583
116959
78084
151458
86250
155666
125500
87292
160792
84417
152875
99625
77375
157750
89750
118959
82709
126125
79625
75708
82667
76708
76333
76375
75417
76167
74833
75500
75000
75125
74875
70875
71042
74917
76292
75084
75250
75291
75375
80750
76333
72959
76750
75125
75167
75042
75333
74250
75042
75042
74625
74916
75416
74125
79917
75292
75792
75208
75834
75792
74917
75042
75625
74917
72541
67666
44167
44083
44459
44167
44583
44583
44208
44333
45292
44625
44459
44750
44083
43959
44000
43667
44167
43834
44125
44625
43875
44167
44625
44166
44000
44042
43875
44708
44458
44375
44542
44208
44625
44291
44292
44500
44458
44416
44417
44417
44292
42250
45792
40083
38083
80625
76667
76209
75416
75875
75208
74291
75250
75417
75334
75500
76292
75125
75542
74833
75375
75625
76083
75500
75084
71292
82833
75542
76208
74958
74583
80375
75333
75042
74833
75167
75084
75666
75416
73291
75791
85333
76458
75041
75458
75042
74791
75334
75125
75583
76166
75000
76625
77000
75083
75417
75334
74250
98334
78750
76291
75750
75250
75875
75625
75875
76167
75917
74208
75958
75333
76334
74958
79375
75334
76458
75375
74334
74458
75250
85041
75958
75375
75792
75541
75875
74084
74583
74917
75125
76209
75416
75500
74708
75208
76125
74667
75084
71958
66916
44125
44167
44666
44000
44292
44125
44250
43875
44542
44792
44333
43875
44083
44417
44041
44542
44042
44834
44292
44083
44458
43958
44250
44042
44375
44417
44583
44875
44667
44500
44584
44709
44500
44250
44041
44833
44333
50125
47416
44875
43917
41583
44792
43375
38875
38333
38084
37834
38333
38292
37625
38209
38125
38541
38625
38042
38208
38584
38625
38000
38208
37959
38334
37875
38625
44334
38334
38667
38083
38666
38167
38625
38333
38167
37917
45375
39000
37958
38083
38459
38542
38125
37750
38041
38250
38333
38250
38083
81167
77166
118583
77334
92250
143375
79459
125292
111375
77416
153667
76125
75417
76041
76417
75667
75833
75583
75167
101708
151417
71708
70500
71000
70833
69250
70083
70125
153958
67500
76834
77375
75583
75042
76291
75208
75250
74500
74166
75542
75834
75459
75292
75917
75042
75583
75542
140083
123208
77583
94000
77042
76416
75000
75625
75000
72542
75792
74708
75583
75834
75000
75667
75375
75708
75583
75834
74958
74375
75667
87083
76542
75458
75083
75792
74709
75125
75125
75458
75708
75791
75833
80625
45291
44875
44083
44167
44250
44375
44750
44542
44625
44542
44000
44000
44209
44708
44167
44333
44583
44709
43958
44083
44167
148500
78208
131125
80875
78375
89542
157125
85708
157875
92458
104125
78083
76666
75500
75583
75250
75542
74375
76042
75500
75500
76250
75458
75750
72541
76625
125583
65625
75125
76083
75791
75708
74666
75584
75916
75958
80125
76041
75417
74875
73916
75292
75167
74167
75458
76292
86333
77916
75708
74667
75208
76209
75417
75667
74791
75208
73084
75542
75791
75208
74791
78417
58542
44167
44417
44333
123708
80541
151541
84666
159667
73209
77167
144792
75958
101250
104916
77500
75792
75583
75625
75250
75834
74625
75042
75625
75000
75750
75292
76084
75500
75917
75375
76125
72292
76042
75583
76833
75916
76292
75583
76167
75084
74833
75167
75542
75875
75333
76084
75916
75416
76250
74709
75042
74417
77292
75167
75250
75917
75500
76500
44250
44833
44584
44333
44208
44208
44333
43584
44125
44500
44750
44917
44042
44750
44416
44667
44333
44625
44375
44167
44666
44959
44125
44666
43792
45042
44083
44625
44334
44333
44834
44542
45500
44709
43833
44125
44417
44459
44083
44791
44542
45042
51500
155000
86833
151500
105792
154917
105292
157666
88334
149500
89667
145042
96834
78000
155167
82000
151167
90375
126041
80500
157167
91708
134708
79291
154709
84292
157750
71625
128750
76042
150792
77750
76917
157209
80500
130875
79542
75750
99209
84333
88083
77292
81084
76667
73458
76792
75375
75709
75584
76416
74834
74542
74292
76583
75875
77000
75709
75208
101708
77750
148000
71291
94792
77917
76667
77083
76667
76583
76000
76041
76167
76000
76375
76708
76167
76667
76084
75916
75167
75375
75458
75667
75333
76416
76500
76417
76500
75584
76791
74500
78459
77125
75959
76458
76250
69791
44959
44916
43875
153334
84708
145834
157250
69209
153917
96167
163458
76542
163250
98542
162292
69625
156542
78000
154041
82083
120500
140541
80292
155167
83416
145625
81042
79625
77458
75750
75792
75250
75792
76167
76042
75833
76500
75750
75834
75458
74916
109667
80334
82916
79000
76625
76083
79209
76375
76667
81417
78167
78750
81167
77250
76000
74500
76083
75833
75250
78875
76292
77042
75667
76667
77625
78125
80167
70208
45334
44250
44792
44792
44666
45125
44959
46125
44375
44625
44625
44667
44875
44750
44917
48500
46458
45833
48292
45250
45042
46000
45208
45833
45416
45792
48417
46875
44917
44709
44458
47417
53708
46334
46750
46709
47625
44917
46417
47250
46000
41875
40125
39333
38541
42417
39834
40709
40708
41833
39916
40250
43583
41917
41833
38917
39958
39334
41791
38583
38417
38167
38625
38208
38208
38041
112333
90166
77708
144750
76542
153500
84375
153833
86458
142333
128625
81125
154625
83917
151916
67208
156667
108500
141959
73208
151666
83416
143459
69291
126167
74709
75417
75667
75458
75209
76291
76000
74667
75834
74875
75834
75875
75209
75250
75625
74125
76250
74792
77125
82875
70750
55375
55875
69959
56250
55083
55042
55417
55667
55875
57542
61125
53667
60916
56500
55167
55667
55625
55000
55375
55584
55833
55750
55667
55416
55750
55417
55375
56042
55500
55083
55041
55708
51875
44417
44542
44250
44542
44333
44125
44167
44167
44209
45250
44625
44208
44708
44250
44416
44583
44417
44375
44708
44375
44667
44125
44583
44333
44292
44292
44500
44084
44166
43708
44500
43500
43792
44208
44250
44250
44458
43916
96416
78250
75834
76375
74959
75125
75709
75416
74875
75750
75291
75333
76458
75000
74750
74917
74625
74958
75875
75584
85041
76167
75333
74458
75542
75083
75000
75500
74875
74375
74959
76084
76083
75042
74209
85584
75916
74875
75916
75459
75041
76500
83542
75166
75167
75667
74917
74584
74834
74250
75417
74541
75750
75917
74292
75834
74750
75667
75666
75417
74708
75750
74291
73542
58792
44500
44042
44666
44542
44083
44334
43958
44292
44250
44542
44667
44250
43625
44959
43875
44292
44250
44375
45500
44041
44542
45000
44250
44625
44791
53500
44750
43875
45708
47708
45167
44958
44917
44541
44416
44500
44542
43916
46542
44875
45000
41458
38167
38083
37791
38500
38041
84042
76834
75958
75625
75250
75750
74875
75541
80166
76125
74958
75583
75959
74791
75334
74667
75500
83750
76500
92292
76750
129042
68083
157333
90542
145000
84875
91042
77500
73375
79208
75500
76125
75917
75500
74916
75250
75292
77208
74958
76125
75875
75292
75042
75458
74917
75000
80459
77250
76292
78542
76334
80584
79041
77583
156083
80125
138250
74709
76709
76625
75667
75750
75875
72542
75167
82417
76375
95250
78541
76292
76500
77916
75417
76375
83125
75709
73375
77208
77792
77625
76833
76083
75417
75375
74708
75500
74792
76000
83875
144792
95458
78625
159833
82750
82625
80166
154000
81000
112042
78250
158333
88292
146792
99708
146667
147958
100958
144500
97625
102542
115375
72541
146083
99333
138875
75708
76625
74583
78833
76667
75375
76166
75916
75083
74583
76542
75417
75334
76000
75375
76834
75167
74875
74792
89625
156208
88875
86959
79375
83417
110500
78500
116583
79417
74916
74834
75584
76458
75708
74667
75250
75541
74750
146750
86542
123125
133875
78542
105375
92583
155542
102584
79625
59833
49917
111708
96375
102834
114833
100625
34708
21833
12667
37250
40125
36833
52958
42791
41167
50334
99291
90583
116042
96750
65417
42292
46791
103917
99375
149167
147500
72416
80875
78958
78708
77666
78542
76583
77625
77084
76125
79208
75917
77042
76417
75917
77375
367000
60959
47750
57708
61167
41125
98208
61708
112834
100542
156334
102334
73292
88042
54125
53416
49917
33416
31750
146500
93083
78333
58625
67667
67083
155334
101167
118333
65000
147500
147292
104708
104833
90250
138750
73125
148916
78959
83625
60958
39583
78750
152083
113083
123417
152708
98709
150750
99750
148750
162292
67000
80000
104625
107916
91542
86167
60042
65166
38917
26792
80208
88292
104917
66750
60291
98792
92917
87250
70917
157666
111750
79500
76875
134125
79375
158875
106500
135083
72084
77334
73833
79041
75583
76291
74583
74792
75459
76042
78209
75083
75583
75250
74875
74083
75167
75792
85125
78000
75375
81917
76375
75959
75708
77625
62208
44083
44375
44167
43917
43750
44958
43875
44209
43458
44625
44041
43833
43916
44625
44125
43834
51750
44083
44666
44541
43875
43708
44291
43583
44208
44292
44459
51542
45167
44500
44583
45000
44375
44458
43792
43917
43958
44291
46500
44833
42791
38125
37958
38083
38125
37833
38084
37875
38042
38417
38208
37958
37666
38125
38000
38167
37917
37750
38000
37958
38833
38541
38750
38375
38333
37833
38084
37667
41834
38041
38083
38666
38042
38166
38125
38333
38834
38083
38125
38584
38708
38167
37500
38042
38042
37958
38084
38083
38541
38041
38584
38166
38209
38250
38333
38125
37917
37959
38209
38209
37958
38333
38292
38000
38458
37792
37958
42792
45000
39958
38125
38417
38250
38000
38000
37500
38416
37792
38458
38625
37958
38292
38375
37833
37750
39000
37916
38000
38041
38000
37666
37708
38042
38500
38500
38416
38084
38166
38375
37959
38542
37792
38042
38375
38208
38042
38334
38041
38375
38084
40042
44083
39000
38542
38209
37958
38208
38292
37666
38084
38000
38375
38458
38500
38208
36709
39959
38458
38334
38292
38209
37958
38292
38875
37708
38292
38167
38041
37791
38041
38000
37417
38334
44709
38875
38250
38458
38000
37625
39916
38250
38500
46958
38125
38167
38375
47750
45459
44167
44083
44375
44250
44500
44167
44000
44459
43916
44875
44125
44875
45166
44750
46042
46125
44208
44000
44542
44000
44417
44042
44000
44417
44417
44458
44125
43875
44584
43958
45292
59833
55750
64792
58958
56375
54959
56125
55542
55500
55000
55791
55750
61500
59542
59625
55583
55500
55917
101542
77292
75667
75709
75583
75041
75583
75042
75458
95709
81417
76959
76125
75542
74792
74792
81584
76417
75167
75625
79542
92125
78875
76083
84958
78541
76583
75292
75416
76167
78500
76042
79000
77917
79375
128209
84625
205000
660083
526333
218125
121750
126500
47792
48833
44750
43041
47250
46000
48375
47333
44333
44459
45250
44584
44625
45000
44875
44083
47416
45833
45875
46917
50875
46375
43917
43750
48333
49084
44250
44500
44708
44750
44000
44666
44167
44208
44958
44750
44042
43875
43916
44417
44417
45167
44292
43959
44208
45084
44417
44167
44708
44459
44333
44333
44083
44333
44375
44875
52208
45250
45584
44375
43958
44125
43875
44458
48334
44583
44083
44042
43833
44583
44084
44334
44250
44542
95583
147041
104333
76042
74875
77125
75542
75916
74250
75958
74792
75333
76708
82083
88667
78041
76625
76792
80375
77500
79625
76500
75125
78458
75167
75500
75541
75334
76166
74417
75709
79084
75083
74792
74791
75417
76084
75542
74958
76625
103042
78292
148250
107875
148709
148958
152333
93750
155792
108167
76583
75833
76125
76125
75708
74333
85791
153208
153208
148625
99334
157000
155375
162791
148708
120125
149583
157792
156584
157792
148125
148459
56958
73708
112375
86834
157166
146125
159792
103834
121667
35875
81291
86542
108166
153875
146750
138416
155792
150125
154917
159042
157625
95125
152917
155583
142459
152750
159541
112500
112666
150333
151917
131375
84959
159041
80209
87958
78292
77167
75417
75208
75667
75833
76125
74916
74750
97542
148625
158667
156458
147083
153125
105208
87417
54625
46209
155167
153750
111209
77292
76541
77375
76333
76917
155166
127542
90500
157708
97750
128500
95875
111000
78792
76625
76125
75042
75416
158292
155750
149333
155083
155708
147583
156250
91416
76959
149166
95583
77500
154958
159583
157000
143916
132667
141958
153291
158834
92250
155750
113208
72917
76583
75583
78875
77292
76250
76333
75125
74958
78000
77125
81375
77250
77417
77250
83084
79583
72625
75834
74667
76500
79792
79208
76042
75791
76042
76375
75625
79875
75583
76042
75291
107875
92167
82333
76625
97917
77083
159667
111666
70458
76667
76750
76292
75750
147125
102625
79208
76541
141500
100042
76000
75542
76250
75250
75833
140708
81083
76583
76666
76625
77167
76458
83500
81208
77792
76041
78708
106417
94250
77708
78291
82792
76625
79708
77333
72709
78000
77250
76500
76958
76458
74792
75500
74750
76458
74833
75625
75875
76166
76875
75125
75000
74833
74750
75083
75791
75125
75334
77500
78375
74917
55917
44583
44125
44416
44209
44750
44250
44000
44375
45584
44209
44500
44584
43667
44666
45084
44083
48000
45209
45125
44709
44792
44042
44417
55583
47541
45625
44750
44833
45042
44917
45083
44167
44625
44625
45334
45000
44750
44500
45166
49541
46083
45834
44875
44666
44708
44959
44584
44125
44125
44500
44416
44292
44458
44459
48125
44625
46292
55958
56542
56292
56042
55792
55708
55000
55958
55417
56084
55667
56208
55375
55709
55334
59833
56125
55708
55458
55542
56542
60666
50250
46375
52708
44417
44292
44542
44083
44708
44375
44334
45000
44166
44209
44666
46500
55125
44958
44208
44333
44750
44708
40583
48958
45959
43833
45875
46625
46125
46084
46375
46417
45250
46084
45084
47083
46709
45792
44083
46375
44833
44334
44167
44875
44625
44375
135917
66208
76375
75833
76167
75417
75041
75208
76125
77083
74458
75917
75292
74916
74750
75042
75125
74542
75958
75084
80333
72333
76917
75625
75334
83417
75167
74916
76125
75375
75666
75167
74917
74833
74875
77292
65125
43917
44042
44458
44167
44666
44792
44709
45209
44083
44542
44292
44292
44291
49500
48333
46250
46250
44792
44625
44417
43958
43958
44625
44292
44458
43958
44458
44083
44250
44625
44916
45125
43708
103500
103209
98208
83750
87500
87208
87750
133083
142042
108708
151584
151083
143125
149208
150625
96083
152875
156167
108416
147917
88750
157709
92292
158375
104834
76875
76667
77042
76000
74417
75459
75666
75334
74958
76084
75625
75083
75292
76125
118834
149917
94209
78000
144458
76625
153042
102625
98083
155500
101584
111833
147541
107125
156958
87417
130333
71875
76709
76375
76083
76041
75625
75292
75500
74875
75125
76916
75000
150250
90042
145084
108750
151708
99375
158333
111333
124000
123333
78458
154375
105333
151958
99458
76958
78000
75417
75500
75959
75750
75667
75667
74917
75084
75083
77083
75417
76083
76000
75416
77333
86875
77250
75875
75542
75250
75417
76667
75542
75583
75625
75167
75458
76291
76041
75459
75708
75833
75292
74375
75500
74708
75250
75000
74834
75250
76875
65709
44666
44916
44209
44542
44416
43834
44166
44250
44417
44250
43875
44459
44958
44583
44250
44166
44125
44500
44125
44416
44333
44167
44291
44583
44708
44375
44125
43583
44542
44250
41167
48458
44583
44417
44625
44667
44375
44083
44167
42291
45042
41083
38208
37875
38375
38375
37917
38625
38000
38375
38750
38125
38291
37875
38166
38917
38584
37917
37708
155125
105334
142291
96958
160000
99625
156000
108791
154584
107875
77542
76416
76250
76083
156875
91500
76208
76125
75500
75208
75750
75500
75584
75791
77458
75125
75666
76458
75334
75125
75375
74584
118500
79875
75667
75541
75125
75125
75500
77791
76333
75166
74875
76000
75416
76167
76083
75792
75291
76083
75375
75750
82709
76125
76583
75875
75542
74958
75625
75167
75750
76250
75125
75209
74625
78333
58542
44417
44250
44417
43958
44459
44333
44500
44250
44875
44458
44292
44375
44333
44291
44500
44458
44125
44542
44125
44375
44750
43875
57917
44500
44291
44459
44917
45000
155291
96917
150250
98417
155958
98958
148583
105458
148167
104458
77584
76417
76333
75417
75416
74834
76375
75792
75458
75208
75042
76833
75375
74750
75209
75666
76708
76333
75166
76167
75334
87167
77083
74875
76042
75666
76666
75542
76042
74833
75292
81416
77917
77667
76125
75167
75666
76000
75917
75333
74958
77708
70542
45958
45041
45042
44584
44458
44709
44500
44292
44417
44416
44500
44209
44416
44584
44416
44583
44542
43792
44583
44333
44125
43625
44041
44750
44250
44250
44375
44500
44459
44458
44417
44167
44875
44000
44667
43542
44541
44666
44541
46750
49250
38291
38083
37958
38125
37625
38500
37792
38458
37958
38333
38458
40250
39250
121333
79834
76167
76791
75542
74959
75959
75000
75959
76292
75833
75958
74333
75625
75750
75125
75208
74500
75542
74458
74625
78167
57000
44625
44125
44666
57833
57042
55541
55917
56292
56042
51917
56333
56166
56416
55791
55500
55333
89541
77958
75458
75916
74500
74666
74959
74958
76208
75833
74917
75833
75083
75500
75583
75583
75875
76084
76167
75500
76292
76792
76209
76583
57333
44208
44125
44625
44250
44875
45250
44416
43958
42000
88167
77125
75542
75917
75833
75875
75167
76417
75334
75750
75417
75583
75333
75083
74917
75958
75042
75000
75167
76333
75709
154875
95375
76833
77250
75375
76333
75667
75125
75333
76542
75584
75584
75667
75875
75750
76042
76667
76708
77250
87500
77125
76167
76583
75250
75167
75959
76000
75500
75625
75792
74916
75167
76042
75291
75333
75542
75500
75375
75708
75125
75667
75042
76375
78709
62916
44208
44542
44834
44250
43958
44041
44292
44209
44958
44750
44958
44291
44416
44541
44250
44583
44541
44792
44542
44417
43958
44291
44875
45042
44291
42375
48209
42792
44250
44542
44833
44666
51916
45125
44667
44458
44625
44292
44125
44041
38083
42000
147750
85792
76958
74459
155750
109542
103250
94916
124500
99875
102084
154917
80834
105542
96000
149584
135959
73709
78917
85250
78708
84209
160542
104875
136333
84500
154792
126958
72500
130625
71750
97416
78875
82792
101958
79833
78083
74834
75708
77541
158875
111458
156458
106166
90417
77250
76917
75792
76333
75667
74750
79041
74500
75291
76417
78084
78625
76459
76000
70208
75792
137209
96209
153625
108458
151958
100625
153250
55375
49000
28084
132166
85834
143042
74958
45583
172625
99542
156083
111417
84584
79875
107166
79834
153459
133541
98834
57500
41875
115791
93333
66959
58500
54584
54125
57833
59625
25292
48000
47875
41166
31583
121458
84917
336542
160875
633667
62791
74208
63750
58250
61125
149167
160375
149875
88709
154042
155625
112500
71583
84208
71208
61792
51750
73083
85459
76667
169875
69250
80042
68667
132833
148875
45583
51042
40000
28792
17875
63875
59334
76875
36500
76625
77167
73542
74291
79875
61625
166250
119666
80417
76208
76542
85958
95167
149208
106083
145625
132208
106792
81084
78625
80333
77167
78333
75750
78416
84416
77542
78416
77250
81750
75167
74041
76208
80583
76333
87875
78125
76792
82000
75791
76958
76208
92125
80209
142875
80917
75917
75833
76417
76625
75333
72000
75167
74750
75250
76042
75459
74667
75708
76083
75125
75042
75459
76916
76083
75667
75750
74541
75375
77042
76000
74709
76000
75208
72125
75542
74417
74875
75708
75833
75042
76208
72209
74292
84583
77500
75708
75042
75500
79625
62250
44375
44500
44583
44333
44541
44750
44875
44834
44458
44209
44458
44667
44667
44458
44625
44167
44041
44292
43875
44416
44333
44458
44750
43792
43709
45917
48000
44500
97500
77458
75459
75375
75458
83125
74958
75334
75167
75291
75833
76208
75292
75417
75750
75375
76000
75375
75833
75250
75500
74917
77417
61709
44792
44667
44250
44000
52250
84250
82250
76792
80709
151208
99125
77833
77541
75917
79167
75667
74417
79542
70041
57750
57542
58084
56833
57416
57625
57583
57042
57000
57500
57792
53958
56791
58292
58667
56250
154250
106958
75875
76375
75959
76208
76958
75792
75834
75083
75458
77584
75709
75292
75375
73084
80750
75542
77541
75166
75750
74292
75625
75084
75417
75458
74625
76125
77334
86875
76541
74291
75417
74833
75375
75542
75166
74917
76833
74667
74625
74500
75167
75291
77375
62458
43833
44000
43834
145125
86458
77292
75875
76250
76167
79291
78166
76708
76084
75792
78042
76584
76042
75042
75250
85291
76792
78417
75500
75625
84208
77875
76292
77000
75417
75792
75083
74959
75375
75042
74917
75500
75125
76916
75167
74958
74792
75416
75917
75791
74875
74666
74625
77792
67625
44458
44000
44583
44167
44041
44500
43916
43917
44583
44833
44458
44667
44667
44375
44250
44125
44916
44125
44541
44208
44458
44375
44333
44209
44417
44208
44375
44000
44500
43959
44333
44958
44375
44167
44334
43792
44666
44458
45042
42708
39542
38167
38125
38334
37958
38458
38333
37750
41000
38708
38625
38000
38833
46917
44500
37916
38250
38167
38083
42791
41333
38209
38250
38000
38709
38708
38833
37917
37917
36792
42958
45042
38250
38500
38083
38541
36750
39458
41708
38042
38084
38875
38417
37875
38333
42667
38084
38167
45333
39792
37917
38291
40709
38584
38917
38375
38166
38291
38083
38167
38417
38333
38042
39917
38666
38375
37750
38042
38584
38250
43250
42500
38417
38250
47958
93750
77917
152833
99250
76458
76708
76417
75334
76417
75708
76000
75792
76958
76000
86541
75625
75000
75833
75959
75583
79042
85250
76458
75000
76208
75959
83584
75500
75500
75417
75250
75167
75292
74750
74791
75125
75417
75792
75083
75292
75833
75250
76875
74583
75333
76417
69458
44041
44250
44042
44333
44250
44750
44792
44834
44500
43917
44334
44708
44292
50417
137292
140166
141458
127125
156583
131042
99458
79583
87583
112625
76041
117833
49958
143958
107708
154292
150375
128417
159750
104916
121208
64125
75792
76666
76000
76000
75458
75958
75291
76334
75417
73292
78042
75667
75291
76416
75208
75500
76208
74833
75167
86125
77667
75208
75417
74375
74875
74792
75666
74667
75541
75291
75083
75500
77042
74791
73917
78667
74625
74541
74500
74416
74916
75292
86334
76167
75166
74666
75167
75000
75541
74875
74875
74667
74875
76208
74875
75500
75291
75125
75084
75542
75250
75083
74667
72583
75750
76000
60875
43750
44625
44250
44416
44417
54375
49708
44583
44458
44417
44542
44584
44666
44291
44000
43625
44208
44208
44083
44125
44125
44042
44500
44292
44083
44166
44042
43875
44584
44625
44708
44291
44166
44458
44250
44209
44000
44041
44667
44125
43709
37917
37875
37917
38250
34709
40042
41959
38208
37750
38041
38167
38584
37542
37834
38500
37792
38042
38084
38250
37833
38166
37834
38417
38000
37875
41250
38125
38458
37875
38416
37792
38125
38000
37917
37708
38000
38083
47875
39458
38417
38458
38542
38708
34709
39000
43625
38667
38292
38417
38333
38458
38167
38500
37625
38292
37958
37958
38375
38167
38083
37917
38583
38375
38166
37959
38375
38333
37875
37833
38583
38333
38292
38167
37875
45958
39458
38334
37792
38292
37959
38125
38292
37792
38208
38083
38375
38250
37875
38000
38083
38208
38208
38333
38250
37875
37708
37916
37459
37791
38584
37875
38167
37541
47375
39250
49625
58875
56083
105833
79625
87416
76292
75208
75584
75542
75167
74417
76084
74834
74875
73959
74917
75167
75791
76250
75792
74292
75125
74666
75333
74666
75333
77083
64917
44083
44375
44208
44500
44292
43667
44041
44000
44417
44209
44125
44083
43667
44042
43792
44541
44625
44041
45125
44083
44708
44375
43875
44667
44125
44250
44375
44542
44666
44208
43917
44375
44416
44042
47125
44208
44583
44666
44000
44708
45625
38250
38166
38333
37541
38000
42084
154000
107250
153958
110417
76834
145500
83667
160125
110167
149333
75958
155708
107375
148208
93125
147958
163500
105042
77917
78000
75542
75250
75375
74875
78333
75375
74833
76667
75833
75709
81792
76417
76750
75000
75417
87500
76125
113291
156834
157125
101542
77542
150500
101750
77000
75959
76375
75667
148958
150916
156000
150417
137959
106417
153542
119625
78416
75708
78459
76416
75750
75583
75542
76791
76417
75833
76333
76042
75625
73208
75417
75500
75166
81500
76250
74375
86584
81583
75417
75792
75042
75250
75792
75000
77500
62000
44209
50500
45458
44834
44209
44458
44083
63791
64792
158083
101416
144958
153750
144042
132791
146375
157708
133458
77417
77042
75250
76459
76042
75084
78208
75042
74583
74459
76417
75042
76500
74833
74958
75584
75584
74375
76791
77792
74875
75250
74459
75167
75833
74958
82958
77083
75292
74291
74875
75250
78167
71291
44250
44083
44292
43791
44250
44375
43917
43917
44250
44250
44375
44583
44208
44375
44000
44459
44333
44208
44083
44375
44667
44166
44083
44083
44833
44541
44292
44417
43833
44083
44208
44125
43833
44083
44083
44125
44500
55834
42125
44541
47459
45000
39333
38250
38166
38292
37916
37750
37791
37959
37917
37875
37750
38000
40083
38167
45708
37959
38083
38917
38250
37958
38208
43083
98166
87750
77209
75958
76583
74584
89666
76333
75292
75166
74625
75209
75667
75000
75917
74083
75167
74958
75666
74500
75083
80750
76125
75083
74791
74459
74416
74917
75000
75209
76917
63292
44209
44125
44833
44541
44375
44417
44042
44125
43875
44125
44125
43458
43959
44041
44750
44292
44208
43625
44541
44167
44209
44250
45000
44375
44833
43542
43916
43500
44167
43792
44375
44042
44708
44625
44208
44333
44584
43959
44250
45500
48125
39042
38709
39917
41166
40708
40208
38459
37875
38292
37917
38292
37916
37833
42500
39083
38500
38125
38084
38209
37958
38083
38000
37916
38625
38709
38209
37959
38209
38584
38416
38583
38417
38167
38584
37917
38000
37958
38333
38250
44584
38292
39458
43541
44000
44500
44125
44833
44167
44708
43541
44459
44292
41625
44000
43917
44250
44250
106625
80625
75833
75125
74125
75541
74583
75541
75166
74792
75750
75000
75375
75208
75209
75500
83875
78208
77958
80375
75709
74750
75542
75250
75459
74667
74709
77959
71333
44333
44000
49375
48375
44292
46667
44417
44292
44334
44292
44917
44000
44209
44250
44500
44375
44750
44042
44250
44000
44042
44292
44000
43500
44125
45250
44500
44250
44292
43875
44208
44125
44584
46584
46250
46416
51041
84584
89041
77334
75125
74500
76333
75208
74000
75917
75542
75416
75167
75583
75583
74458
74792
74917
75292
75083
74959
75250
74750
74958
77750
74292
74625
74416
74500
74291
75250
74541
75375
74334
71250
77042
75292
75209
75250
74417
75875
74875
74250
74583
75333
75167
75166
74459
76291
76042
77750
77167
51791
44333
43459
44083
44333
44458
44084
44625
44458
44000
44917
44500
44208
44125
44542
44291
44667
43958
44042
44000
43833
43917
44084
44250
44042
44125
43917
44833
43667
43959
44209
43834
43875
44667
44459
43667
44125
44708
44375
45333
40666
38500
38292
38042
37958
38000
43833
41875
38042
42792
39167
38209
37959
38166
38125
37834
38416
40416
44167
40083
41083
40291
40125
40375
39958
40208
51250
41459
41875
39959
39833
41125
38375
34834
36291
40958
42792
40708
39041
38500
38542
37958
37667
38375
38208
38042
38125
38500
37834
44833
40625
40375
39292
38875
38042
40334
39792
44208
40084
42000
40542
40166
36500
41458
50541
38917
38417
38250
93458
80791
81417
77125
75000
77916
92958
77709
79416
104042
77750
75209
78916
74375
75333
75625
131833
115584
147458
94500
161500
114875
152375
105750
77792
76083
75000
110250
82833
156708
105667
154875
154917
113875
77917
75916
75542
75542
76291
75583
75458
76292
76375
75292
75875
74375
75000
74958
75500
74958
75458
74542
75459
75000
76542
60375
44625
43958
43959
44458
44584
44667
44292
44042
44125
43500
44500
44417
44333
43709
44583
44458
44250
43500
44333
43666
44500
44292
44667
44167
44375
43791
43667
43750
44375
44083
44375
44875
44500
44667
49750
44750
44334
44417
44167
44791
50208
44875
37833
38042
37959
38125
38167
38917
37916
37959
38250
37792
38000
37750
38417
38084
37833
37459
37875
38000
38250
38291
38125
38375
38125
34792
37916
38333
38083
38500
38000
38500
38375
38250
134417
143125
156333
119500
153375
109417
159167
108125
157958
76833
158542
93875
158500
74667
157000
100375
77833
78500
76750
76709
75125
76000
75667
75334
74708
76500
74459
75958
74792
75708
84750
75667
76500
75083
72292
75750
82250
76584
71709
75000
77375
67625
44084
44167
44541
47000
48583
44584
44792
45125
44041
44542
44250
43667
44375
44083
43917
44500
44666
44292
44833
44666
44750
43708
44667
44875
43917
44125
44625
44458
44250
44666
44250
44250
44083
43792
44041
46041
47625
44000
44875
48041
42750
37875
38167
37500
37709
38250
37958
38250
38792
38417
38292
38417
38084
38208
38125
38167
38042
38208
38000
38250
38125
37792
37708
38041
37542
38417
38250
38083
38042
38250
38334
38167
37334
38500
38542
37792
37916
37625
38208
38458
38667
38500
37916
37708
38291
37875
38542
46584
42833
38542
38250
38166
38125
38000
38375
38166
37584
38000
37500
37667
38417
37500
37959
38125
38250
37708
37917
37875
37625
38250
37875
37416
37667
38958
38334
38084
38250
38125
38000
37875
37958
38500
35708
44250
38959
38250
38083
38125
38291
39000
38083
38208
38041
37833
38291
37583
38208
37750
37750
38250
38125
37834
37875
37958
37542
38083
38291
38709
37958
38000
37666
38375
37375
37458
42250
37708
38333
38250
38167
37708
38416
38292
37917
38458
38125
37833
38375
37916
37834
37583
38084
38250
38084
38292
37917
43042
38708
38083
38000
38125
37667
37833
38875
38709
37667
38084
37667
38125
38125
37667
38208
37708
37875
37708
43375
36459
37958
38250
37708
38334
37917
38000
38042
38125
37916
37917
37750
38000
38625
38125
38000
37916
37916
38250
37917
37875
37917
38084
37875
37542
38042
38416
38250
39667
38625
38250
38292
38250
38500
38041
37709
38584
40291
37542
32875
33333
33333
33291
33250
33584
33167
33750
33208
33083
33417
33583
32958
33417
33375
33208
33792
33583
33375
33583
33541
33333
33084
33208
33333
33334
33458
33875
33334
33125
33167
33667
33792
33625
33334
33750
32834
33667
33709
37375
33333
33500
33542
33291
33083
33292
33542
33208
34000
33875
41917
34833
34000
33667
33542
33875
30167
34667
33583
33583
33208
34042
33958
34042
33417
33375
33709
41625
35583
34833
35000
34750
34583
34584
34417
35541
34458
44833
39666
34875
34541
34333
34583
34083
34584
34417
34375
34083
34708
34292
33959
34333
34209
35000
34166
34083
34459
33875
34083
34542
34125
34250
34250
34583
33875
43625
34583
34208
33917
33917
34250
34084
33833
34625
34167
34000
34709
34000
34083
33708
34041
33667
34042
33708
34250
33875
34042
34375
33834
34125
33667
34208
33917
34166
34125
33917
33791
33916
34459
34125
33583
34042
33792
34000
72459
57625
56375
56208
55750
56250
56375
56000
56375
56000
56375
56833
56375
83625
81708
76667
76833
90292
77959
75791
80583
111375
78500
79208
76625
76750
75791
76458
77500
76625
76375
95875
77666
76500
76000
76375
76250
100417
82875
150125
89667
168333
92542
155458
131250
73916
163833
91584
150959
104958
60791
50625
39959
51792
