20000
3958
23084
60375
73709
73458
11500
50750
82375
246834
114709
261292
156250
94750
68042
67250
39375
70417
51334
48583
55583
39500
54333
91666
56709
123708
143834
77584
37334
35167
45083
65958
114167
36000
17875
15584
115708
106958
59458
79250
140875
31083
62667
33833
25208
33792
35292
27166
21125
44542
26500
22458
24208
34375
22834
27208
22791
28042
40708
364833
138083
88584
72166
61834
87750
87041
25084
36708
77334
118125
181750
145375
71416
45416
56791
41542
50542
70625
84667
138708
84125
49833
32333
19000
23500
38000
109000
38291
14084
45042
63500
318875
113250
38959
19875
39625
91083
106667
144750
88209
84875
138834
87709
38916
39750
39667
41708
73500
48916
84333
7834
14083
25625
99000
97875
63666
116084
679083
159250
195917
179958
41750
49625
30916
38125
65042
22000
33250
27333
51458
116334
38708
444500
347625
410667
216625
165375
71791
1349792
790708
228667
184709
189709
137334
110791
157375
27000
42667
35333
123625
149334
118041
110209
72250
80166
121125
22209
19708
17542
34333
11750
21333
198250
101042
146625
113125
116250
246500
148042
50625
49791
54792
34542
66208
40709
23333
22166
29792
32208
59667
155666
55875
56791
80500
63208
365084
207375
102292
93000
107292
72125
120875
159125
145375
62875
301750
194917
170375
70583
97334
1287000
667500
449792
275375
103125
231833
111208
55583
60208
184000
308667
195083
439250
191000
190708
182042
143875
140125
162958
168500
105959
140250
77875
118792
25000
64792
32833
29834
71084
77459
48958
34625
51625
45375
51083
34000
38666
32916
43125
77750
76667
21958
93292
156792
76208
44708
56291
24584
43833
28583
46375
60625
73541
569084
573834
301458
259917
272125
341292
300875
131500
44292
52417
25625
228375
113833
18667
68458
26417
52125
92042
98250
53959
150083
59500
793500
409250
42833
65459
109375
188375
172250
92209
65625
43375
124125
119792
57500
43416
73125
76250
99209
174208
50208
77625
35458
42000
95000
96333
84125
54250
56458
97584
84917
94625
62708
29625
34000
39709
167542
139500
60292
41208
9708
17541
41292
20417
167333
58084
78583
119417
40625
25291
49500
169916
130792
122291
81709
59292
95167
56083
52458
96333
62375
51833
51167
52875
24041
59167
49250
40084
41792
50750
546417
263875
255750
138333
56541
91292
178208
25875
95292
236916
417833
150792
164416
140875
102667
59125
57083
22250
33250
36000
43292
105541
59500
39375
36750
11917
24042
33959
11042
39916
47084
55458
49333
42084
26666
23542
38292
14583
20167
81000
12667
13333
22000
40916
43583
47667
93375
718375
1392666
467333
160500
199125
259709
167083
187083
132209
127000
71625
63791
44375
49167
39292
68250
59584
90792
78416
303042
79125
181416
129208
57375
108250
124459
127208
103833
487000
305250
131875
153042
91708
213458
112709
103959
86917
65500
52291
50333
28084
164166
97667
36833
99500
131625
172333
102792
61625
126959
77542
59209
47250
79000
49375
45500
216708
118875
69750
101834
158708
11333
22250
37125
14167
251833
266083
196958
57500
70166
210625
167000
135875
182000
158000
129709
213000
140208
118000
28792
34542
19500
33375
21000
24875
16209
16542
50250
85458
75167
113000
309500
207833
124000
78792
84000
46083
19917
54000
47125
17834
24042
66458
115500
65375
110292
108292
40125
41708
46875
47417
35916
31458
29542
14875
19042
29375
78833
136834
109583
21083
37875
20750
19708
25708
49666
53458
49459
51000
40292
22834
29959
82542
111708
55375
41334
32959
58667
66875
25125
20708
30125
70833
17875
23750
20375
23792
21500
19959
23709
19417
29250
74375
78166
136875
22125
407083
611417
508958
203500
150042
287125
98292
61458
71667
73083
56250
40833
63208
29125
43125
136750
43667
96209
102042
58875
19625
27375
15666
16459
11083
10667
9500
12750
13916
14000
25584
23875
15500
16458
18875
11167
18917
15208
7333
11084
11292
12000
14625
16584
21417
8834
11875
10250
9583
10959
5209
9334
11375
11000
52541
49834
31167
20583
29917
25500
12209
25542
15500
14208
18292
13208
13417
19542
27125
13084
17708
18542
19625
20125
22208
41209
106167
100000
26667
221000
41375
52625
242708
112750
73250
58042
47334
46917
22959
38916
66833
64542
61542
30584
62291
158834
59708
78875
31417
67791
64000
44667
81417
70792
16916
56958
64209
178750
104208
36292
63417
62667
78916
78833
157125
87334
27167
29708
19833
12958
14958
25209
45917
71875
29666
33834
80667
39291
56458
105750
62583
38708
22666
13000
16291
8083
16333
21458
9292
22208
20250
23125
33000
79250
96750
143875
49375
50166
99000
43083
55958
52458
35667
36542
29042
26791
28166
27042
15125
16416
37291
32167
13167
25708
22792
27875
41334
82167
154750
41959
38083
66250
108958
99416
22333
18083
16834
53125
89334
19667
53458
66042
31542
79667
19750
36375
45167
50334
12042
46667
53167
51750
71792
76916
15750
18708
56459
36667
30375
49583
37375
30125
19209
46709
28125
54375
111083
46084
24167
58125
49000
21708
24458
55625
67458
85666
62167
18208
18542
64959
29292
42209
59375
35458
53292
40625
35333
39292
20042
59541
99292
79333
11500
30667
35917
21792
20875
24333
13833
15834
38209
79542
24041
28708
32625
16875
33834
50209
64291
63917
54125
252375
91833
159416
44750
42542
54167
65625
70042
10125
11875
25291
41000
57667
63958
55041
50875
41875
22542
52500
22750
44375
88500
134083
128458
92750
86000
61584
52125
40916
30625
24084
37000
90709
82709
48416
32291
34000
40375
36167
59834
62958
41709
34291
56458
38500
48125
55459
52666
124750
39750
37459
37416
33292
54000
35250
26875
34208
14416
11709
29542
58042
39250
56083
98833
95083
89750
41875
64875
41375
33000
110750
221416
118917
121083
54875
98042
93292
74042
24709
86625
59000
55084
10875
11417
11750
10750
14709
13875
15375
8917
13042
10542
10208
30042
134833
30666
18375
17500
14292
23833
23750
13583
7583
17584
24709
15625
15459
8250
13916
7375
12125
11708
14375
15500
14750
13333
12000
9208
13000
27959
26625
19875
17750
127291
310459
81625
42625
123834
61791
47666
33875
38291
41875
19750
26166
15416
13250
13416
23166
17834
28791
21833
21500
19125
18167
23959
18875
31250
26708
32375
25917
35833
18000
21084
40625
17500
20750
14958
14042
17875
23666
38583
19958
14167
37000
27583
28250
26083
19125
18625
22417
90209
50500
60084
23750
20875
55000
43875
59291
13292
10583
9334
14125
21916
12125
11875
11625
15958
9667
8042
28917
25875
12166
11083
16792
19958
13042
18917
23792
21542
14583
10541
9417
9750
9500
15917
13458
7834
10833
17500
46875
37375
28792
17209
26792
94292
141500
72125
64875
94042
493125
390667
170958
76000
154666
266791
333542
220625
67916
71125
61458
187917
86042
126666
61792
105792
55542
65125
157125
390292
72542
228417
83667
90083
65625
116208
40625
83541
57709
364125
51083
37000
108542
343667
298791
204166
1280917
941583
678041
220167
139708
190833
144959
285167
29541
20875
26834
16417
23667
16417
25833
14375
27667
13041
9625
13125
15666
17083
17792
109459
10750
14875
18708
13792
12666
18000
13166
46459
15042
23083
19833
11083
13209
22625
13917
27750
68334
55542
52334
51000
41750
30041
22167
31208
27208
22500
22250
17958
20250
53459
29875
47041
86041
61000
61750
120042
32459
18250
40000
37084
100084
124750
97833
138875
147583
256667
131208
58125
283667
99416
115750
54417
77084
83792
42125
55083
70042
27958
41916
46917
33834
49375
57709
44625
47000
22333
23041
22750
14584
36500
39292
21792
62000
146875
160458
142167
99209
49042
50541
129375
116583
111708
153875
118833
143750
59500
77875
103875
106000
92167
61791
102250
67708
27709
63083
36542
40458
38250
32750
51125
34792
10125
9500
6333
18250
25875
23125
21041
25209
68792
58208
98166
168208
95291
78250
43417
45375
15916
5041
11000
13333
20500
18458
8791
40625
42750
75834
92042
72875
78917
75292
103875
96292
52166
72334
50000
43583
51500
31583
16875
52334
191833
119375
114500
77667
75459
100792
62125
39334
8458
76375
123292
91083
14583
33459
51083
140208
52084
35750
40875
46583
28083
42250
9000
8500
13500
22000
16833
9250
22750
8000
17250
23125
40291
106583
32500
34625
41333
130667
46875
28125
27375
58791
56958
57541
41375
46958
54042
65084
39541
42000
39833
89250
51583
114667
60500
59291
48834
43875
168208
38833
57208
33500
64583
50167
82833
34041
52333
34000
39209
27542
16750
45833
41500
38958
57250
43750
49792
25166
42042
31542
24041
46667
34458
63292
52708
49291
55333
45875
46209
55416
50375
92583
39208
53041
55292
68542
60041
13417
27125
68875
53959
83917
70542
35166
62375
891166
1063417
360417
256958
316708
78708
138375
123208
148500
241375
222875
155166
156250
139041
221000
143041
151875
115625
102000
97833
109958
132541
54208
91792
152584
57666
76208
39458
66792
41584
56167
41958
35000
94292
60167
80166
152334
1081417
1484792
507291
319208
236625
252000
190291
98542
71458
137375
113000
106250
103334
103500
86000
59000
126917
112750
212292
180292
30625
50208
92583
76792
21125
33375
74875
38709
43375
58208
59417
42416
106500
1782375
973292
359500
239958
208250
264959
207625
183459
105417
63459
285625
251625
77334
529583
332709
428459
110416
114542
157625
148375
187541
77166
47042
90125
37958
146000
90625
88000
397791
77708
124583
152750
95042
252833
68000
248500
101000
40625
47208
73750
197583
116333
78416
323792
259792
231917
179250
167084
145000
165209
123125
71375
71042
57584
46000
72459
100333
70292
36625
48500
119958
58834
102834
46875
190208
140167
98083
244250
249375
107333
69167
61500
103250
115083
66000
111333
201084
155291
65417
133334
103750
123333
84000
78375
76792
80375
88375
58917
58916
94000
91792
94333
61167
63458
39917
168458
45917
21042
6666
41542
43042
41041
44792
109041
56333
36583
63333
19750
114792
80291
50333
58417
37000
64500
85584
32000
102042
50500
123125
48958
38959
151125
550541
1244625
326125
367209
433417
367708
157750
123583
394333
309125
169625
281292
309083
357917
292750
293000
64833
97458
206125
176875
99334
32250
14750
44250
41000
83083
80292
39791
102166
71917
52708
49083
64542
126792
227000
163958
85959
64584
61250
75500
83500
184417
58875
45000
46667
63167
46625
50417
28958
34750
40417
31125
43041
49500
67541
72667
106542
72500
29750
26000
15250
17542
65041
56792
40792
18250
102875
45334
84875
83000
79792
68750
50584
158250
106166
42834
36416
60583
129084
38375
51917
16959
15000
18750
20417
59750
71375
120125
120083
52458
118459
66084
49500
81833
98750
75375
37750
603167
408541
266459
147208
136208
122917
163458
135833
114958
187458
110041
128208
33375
37958
127125
139875
99042
165167
75542
41208
340042
442834
265417
956792
495167
348667
162416
197000
206875
124708
145083
905833
445208
457208
954042
259833
218167
270542
256000
381166
282375
230791
207584
212500
152500
95084
116834
140875
139000
84084
200916
174125
91750
430583
451917
141875
56166
108708
69875
38250
16792
14834
24417
110875
32208
16167
21792
24667
20459
14500
32084
33000
43125
72167
22375
72000
72334
40084
27792
27208
39167
40000
74167
115542
100917
270250
242292
115542
70500
49500
213875
303292
116542
118625
112417
64750
254500
67875
49333
63042
54792
129833
235042
115333
174500
145792
136625
83500
61834
23209
82750
129292
56291
99375
121750
114459
45833
37834
28125
42417
71666
82792
120958
138000
61333
42208
19958
25333
55125
81208
84167
163625
87542
71166
23458
58667
176791
115583
82625
33875
47125
74666
70292
30208
104833
98708
216041
131750
120792
139833
97459
91167
100833
132667
137125
82000
61042
53167
83500
87917
236292
85791
19667
31125
18125
18750
12416
22709
20917
28875
61666
73833
34834
50583
59583
67792
24625
57333
41875
73750
57375
45834
73375
54542
104709
37333
56042
95875
63041
25542
53500
77167
45958
20791
94666
21833
10417
60417
34875
27167
64041
44334
19333
36959
81000
92041
200125
33917
24709
42459
14334
14917
13250
28834
19750
14125
18042
88875
103667
558042
284334
289042
127041
50458
131333
306917
226542
54416
88375
68417
106500
120417
103166
57000
37292
47167
24875
37959
102250
55625
83750
59250
32875
33209
35000
43125
61875
65750
45291
44167
65292
538958
120208
45125
32167
32750
112125
169042
153500
104791
186417
156458
85833
34166
27625
25500
34916
93708
79500
81167
99959
48916
22000
37917
109958
75917
105875
69542
23708
17791
29000
26833
43292
123584
399333
218000
162583
82542
114416
198458
108500
82208
120542
72291
104583
56791
61333
53833
83000
62417
41375
41458
31042
44792
151833
54250
171375
59833
49875
75125
64000
64541
170917
26500
45084
20000
31208
20500
33916
35458
63625
43375
29708
36375
167541
105500
113833
118083
48042
121542
51916
46667
42750
53625
79458
71250
58459
67375
65250
30334
23666
16583
35125
61083
58917
117708
93166
77541
45791
36625
158875
139042
62708
25708
12542
22583
28166
58833
18750
39208
65084
76834
65417
86000
51750
90125
58000
78292
125000
68750
36375
168750
159542
285333
263541
340167
301208
184000
52084
246333
300125
203292
138583
79417
73041
39459
42292
82584
91458
158417
236208
122459
63708
191583
179042
269125
131125
199500
135667
112667
166584
117542
117708
95583
115000
153750
90375
149041
104208
34917
576833
283333
128125
83708
89541
105417
56209
74375
106125
71375
57834
42875
110375
114000
97166
62833
18583
57958
33958
77250
145500
127958
38417
77250
134833
93375
60042
48834
29750
12792
14667
21542
19458
33334
52959
43834
93417
237500
28000
70291
72500
106750
61959
34959
37000
91375
37083
95791
42083
57333
59541
45041
52333
46708
61333
53584
38625
70666
68750
40708
92333
66083
60375
67917
74667
64542
76167
80625
51875
92250
40083
41834
52000
74500
101542
110583
84208
59542
32125
13917
28667
81709
56625
467458
228458
252458
134125
242958
198375
314375
307334
120083
93084
141833
154167
154958
208750
214667
173000
126292
264292
264250
618083
295500
88875
92875
59209
93250
70333
49125
122750
90333
569417
395500
155125
184459
100541
126667
231416
150084
123166
175291
266500
155833
59750
58500
30167
27625
46333
44917
51334
42458
24333
40083
28291
76209
75333
103625
118667
80958
57875
56541
233708
456666
279042
297542
850083
732625
338458
891792
328875
364541
274708
136542
249208
457750
259083
266500
233916
115083
119250
61959
183750
47083
51250
127458
122000
131375
187792
76250
212584
146583
84333
26083
163208
79708
79875
99917
114459
19000
58167
46667
21375
40708
94959
115625
65708
38125
80750
249583
63458
54375
35750
41667
49208
107458
45583
117792
95292
30209
105709
55041
39583
68084
56833
116459
127917
159875
200750
113833
98542
58791
44083
84000
50375
43333
89166
96833
46250
34750
36125
33667
15291
27750
50583
77375
34958
49500
64375
53209
60375
39500
46875
60792
22875
47916
29875
140625
139333
81750
138916
358458
270292
89250
51709
78875
44000
147250
125500
65459
66000
82625
34625
20125
28584
74916
53834
57625
77959
285917
268583
73666
20959
29500
14167
13791
34042
115042
42791
24333
19417
57667
45333
33375
20875
56709
157875
92166
58834
59166
71375
77333
35833
61333
41833
36042
60583
25416
13959
22084
16208
22542
38625
34458
91875
123375
50917
30083
42583
39125
72417
73958
78709
59250
24708
29584
59791
60125
28208
57042
66959
34834
45375
7459
29458
32667
22542
18250
151667
177041
294125
191666
114625
97375
26208
61500
390958
218458
198333
100583
140083
142083
228750
152750
325167
113583
126917
157917
183917
140083
122209
36542
121125
114625
70000
78875
121167
146208
52625
88166
78542
211500
514750
363583
265667
114583
73959
211708
110792
108042
173250
27917
15958
15542
14833
32917
23666
180042
234333
190333
179709
904500
430209
147500
192917
189792
247875
120833
154959
94375
89417
136500
46708
72292
67041
84459
81792
126833
83208
126000
1456833
517458
278208
121084
27291
150958
177708
243000
99500
109792
175958
157000
231791
49208
39750
86708
190833
99792
101792
81250
100750
100500
129042
95000
131291
230875
220917
202458
152917
159208
71041
72709
70333
82041
76250
113709
111791
90625
111042
84708
144125
87417
112584
137958
113125
75875
35292
44583
42125
23542
27167
131917
30792
21375
25666
68416
77209
118417
64166
26625
34625
38625
20750
44959
254375
198709
80166
106333
95333
36958
23208
28292
45416
49417
46750
51750
62541
67792
40250
112042
122708
192250
99792
24083
78583
36709
46625
92167
46417
69084
120375
72625
55750
117333
104583
99583
106125
1937208
587625
661958
406667
165167
246084
214042
219083
151834
159916
184250
126959
89333
64375
139916
599334
578541
472333
321792
98792
154917
201834
127834
191333
207209
145416
57459
86875
188542
84000
268792
204959
103667
98250
61042
258000
146166
71209
155000
125458
142417
72250
125792
134583
141417
144834
98084
71291
83792
32791
162584
237833
137458
186000
91292
90292
56167
78333
168625
61625
146500
185583
93125
157417
84459
124417
663792
657500
1369750
396334
327833
228750
142167
129583
173333
138209
113958
67875
203584
297834
182375
84416
64458
72708
92042
227125
68917
466375
979167
455250
420333
250000
157875
238208
121875
333583
262125
117500
320709
130666
165000
169916
201500
135625
56166
121958
49875
54584
110625
87333
203708
96042
25625
256917
63041
86875
90917
113417
870042
236000
118125
164083
115917
208375
87750
113541
40167
19292
34625
31000
30666
39791
258667
145417
130625
39291
64750
50667
120417
52250
102250
149042
105375
145667
87083
107542
135125
203000
67583
67625
37625
109792
185250
94541
51208
73167
103125
46000
50292
189208
321875
216541
244625
411292
242417
634125
357250
313417
164750
152500
134250
114917
82333
65500
73042
113125
60750
91042
91250
25709
291500
43125
36333
47000
62541
22666
40167
63917
161416
65750
206917
171125
96958
48750
48875
45125
49500
97083
69542
194625
93375
94041
146084
110000
59541
63791
55750
46333
58750
57333
42917
51083
40709
26875
15500
47583
65875
132416
220666
89875
98583
217958
68416
99000
62542
97667
97041
87625
184500
123250
252792
177750
166042
168167
116667
191917
29709
30292
28417
23417
49833
116375
160084
324750
147083
186292
53708
87084
76625
73334
75375
59500
83083
81708
84667
82584
47958
100333
160417
93583
78375
28792
60625
95166
88042
48458
74750
53625
160959
95875
116333
77584
55834
56750
55917
23625
97958
56709
39750
100375
201375
42041
57000
101416
48709
25875
31875
75334
70084
33750
47250
37583
78000
83500
122541
42250
21167
89167
51083
37084
43292
47416
58625
57125
74583
56750
75125
42583
54917
52167
37459
194917
69625
155167
100666
137917
76750
71083
92750
77000
69417
128042
39375
69875
65167
40750
54625
88625
77292
135584
72916
62958
33709
275583
98166
60708
60583
407250
86541
97208
108916
64166
56208
54125
82000
94000
213333
148458
68833
80708
163417
74042
50542
104000
91500
99792
93292
117750
99583
93750
96833
65250
78000
64750
79750
68250
106000
61125
116042
129792
88750
187959
83291
156041
87417
53583
142792
284042
149625
80000
194750
64375
113417
83250
36084
86667
26375
61166
102125
120042
184958
133500
52708
112459
65875
34541
67125
63666
109833
106042
96500
65000
61042
36166
77917
62875
76291
83958
107750
40250
87708
53166
24791
38041
41750
33750
74958
57000
94583
58666
144125
98458
61333
87666
44250
55666
97208
56958
206584
360917
321000
187417
80625
59083
144667
28083
62250
102334
73834
127292
97000
72500
162500
154083
121458
62000
75708
108208
197542
175125
28583
61875
68833
70542
52917
31375
23875
23417
78167
123417
74709
127208
65917
47125
47625
19833
216042
21500
37291
74000
71917
144125
87333
143041
148250
52458
61750
94833
104583
137292
116125
117000
52875
51167
76833
75666
74958
108416
73041
90708
75458
67417
37583
51708
62458
47166
146958
53250
36667
69667
51000
94334
141333
112250
62792
70125
86000
14292
59958
46458
77709
135000
105542
52667
46500
26333
17000
59417
71750
132291
112667
93708
82667
65833
184417
154292
98417
29416
72916
130000
94458
116500
109125
73542
103875
97417
63250
882084
596917
311917
283000
185000
129250
118625
78667
172750
100750
39541
136833
206542
262959
252875
103417
79125
149459
124708
112166
75542
164500
180875
100750
59083
71583
43125
77500
132208
146625
81250
135459
217625
94083
111125
75000
171583
77834
40458
25459
40375
100500
121083
36958
52250
56666
84500
74417
86708
15041
23041
76500
93459
135167
83458
105250
92167
76291
14875
17959
28542
73584
30833
67375
48250
77459
71416
51250
14583
19416
19333
68375
43459
57125
26708
33333
242417
111292
172833
92041
37583
52542
112042
194000
118417
179250
134083
100333
74708
91541
25667
229083
156375
99292
114625
282209
173167
119709
52625
61709
22666
85417
285917
209208
200666
132250
37792
68333
21500
100166
228625
119875
131792
69458
68375
158917
72667
93209
100125
41792
41959
120959
102334
59959
45958
46875
78292
69750
66708
45334
44167
77167
79584
90000
33125
44583
87042
111125
44125
39333
93833
52000
80083
294500
294084
138958
132833
157000
20625
140041
47833
138709
79959
102875
54959
122250
128083
64292
54167
47625
43625
64458
83042
115416
52333
96875
104250
114000
71667
67834
60334
83500
124791
101791
74291
125708
114250
102334
157750
67041
43208
154875
94125
129834
52667
113541
108041
80084
72208
127583
259667
30750
64333
152333
129333
19416
84417
85916
50958
27500
50166
50750
77333
120709
127166
46042
40292
51875
64709
55125
40500
48916
36209
77458
50875
61334
37375
81958
81625
34542
31625
22625
24459
35042
40208
90500
56625
86667
76250
37333
38291
135750
110333
154208
144375
86708
81250
75417
63542
43500
24791
96916
70416
145750
181125
106667
58709
69458
57625
150666
86375
114125
115833
136583
44250
124583
59083
71709
98416
56042
19834
112500
65125
89542
76125
28584
56625
58084
46792
35541
56667
103750
100542
144416
295167
166791
90625
70875
1212958
1354709
1322750
430875
519250
1353250
1198000
774250
1253250
1148041
696458
579333
365000
227458
367542
313750
298042
240333
115333
153041
142500
76834
73958
107333
178917
139375
115834
40917
84416
92583
95167
292042
237792
186292
771000
357042
167917
105375
102041
131834
52750
103125
185875
199917
224041
178042
278875
155334
63250
104833
124750
440042
148083
113708
22541
113125
127541
69375
93542
60542
42542
61417
62042
146459
253833
147209
82416
158041
126959
68959
66959
28541
76416
719709
514458
338958
130041
116916
857625
293000
86625
130958
126625
96750
122208
54416
72250
25959
183583
1435292
1275791
542416
366167
145750
355333
273209
247417
237125
86125
130459
163042
82167
72542
119958
117209
138167
62042
80750
88333
64000
40083
38500
62958
89833
89458
52042
36250
92375
131375
558459
296959
87625
137917
144083
226334
244958
125000
48209
68834
53500
63667
124917
85458
509167
457917
284250
243042
127209
193750
211834
150958
130541
84708
143875
149458
384000
229333
129125
328208
192792
81666
222625
126500
56542
129000
105209
47042
37500
90000
98167
41958
34542
167625
60500
92334
66500
57459
84042
51833
91333
59333
98709
102000
81541
373625
526000
1598375
875500
292625
205500
304583
182834
195834
114042
156708
131334
141417
109167
91125
125750
100667
55000
74334
90250
85500
53000
113000
50583
47458
206250
53709
60792
49084
70125
61750
79666
44167
71625
322291
175958
49875
100625
48375
44583
76666
56125
84417
20541
126000
65334
47834
45625
72334
48750
49500
82833
94542
58084
62250
109042
208084
219917
114125
40416
132375
177583
101375
59458
58500
72708
18209
38833
150042
168250
134792
117500
111916
50125
24000
83083
86791
31875
30125
48334
41750
65167
75667
25791
55083
110125
66333
45625
121042
72584
45042
220208
103792
90417
84792
83125
50875
43833
38750
43500
75625
157458
125500
74208
54708
113209
111625
60542
210584
44500
44208
125375
138667
213625
54166
95166
45250
49167
52167
63458
45917
201333
199292
152583
100375
83125
64917
390667
319333
205125
149458
182292
91708
60834
53250
75666
73708
53833
79917
49750
83625
138959
185750
50084
89083
111042
70209
49750
231459
155083
68250
121500
117583
209667
82542
157958
81917
68375
52834
76584
72292
103500
59500
204833
87208
89083
47417
30625
24541
83792
64333
87750
74750
127416
49000
43875
60166
52750
110333
122334
85084
123584
97333
154167
108667
35458
37292
7500
51333
26250
45500
56750
62792
43542
62583
87209
57709
26042
26708
52292
101833
52500
27583
85042
35625
69500
62375
43750
12000
26875
14375
30750
41625
79333
57791
42708
96917
33125
95917
189500
112459
67958
87459
93500
71959
53416
80875
128875
111375
45375
50500
61125
59333
29125
50458
54084
26583
65750
157583
147333
