999130209
109726959
43690083
232375
130115833
1149914500
65833
410080250
7583
179159500
45788125
798394167
31625
49970708
28506750
131224083
25742125
585364833
184125
1096792
2035000
137305166
548250
2799500
4242083
131065583
640699500
511760708
60541
177071875
2382732625
367265542
247242083
304459
615898125
121375
14285459
563872750
201165416
346876667
314375
1646000
2793291
68381250
457083
2518958
788375
433259875
95791
161013458
199491667
360013000
65875
75596833
331086666
294250
1624750
5394333
1276125
130662375
35459
3304500
355209
1968958
1102167
128417500
1567837791
426417
60708
132563250
329458
1533584
12737417
5945917
359603708
258592417
118034375
953215208
76929333
80764000
3496792
392833
481250
33549875
1265166
629333
78911916
93083
1186125
2735959
834791
71304750
32042
2930791
9919750
360750
552375
8049333
115637083
62542
2462542
292458
119542
26471708
4247125
427709
2229292
1083375
496478667
46739666
122986375
522834
2548083
856042
436708
1242208
644542
7291292
409250
2295250
976458
27410500
453959
2589417
365292
9259041
568208
808166
2980209
55138917
60166
863173458
169857458
120947333
60417542
64042
444654333
410819542
300250
1523167
276541
3389375
266250
153875
2741500
663459
463916
66875
172756958
445875
451000
1282166
625917
986500
49548958
924292
681959
59625
4674500
261833
66000
5214667
211417
1406084
388375
126375
626584
1777875
362708
759125
2170833
1350083
481250
3655416
353875
608666
452983625
411627917
329917
1770375
1491709
3012792
261458
2182292
284250
111250
461250
289291
108792
16316333
415042
177000
2307542
266416
10134083
567416
485291
5931000
1883250
91375625
541875
939375
280667
368889792
19889083
287828917
288083
1402417
478333
15424084
509000
63833
24327041
474125
1471333
58850625
58091125
147182208
406895125
308402792
331583
1829125
303471166
206097542
465181542
73720625
108990583
135838083
119981334
17750042
307005125
615257500
322750
1345083
115603542
1111162667
510715834
57646167
12824958
124632042
85838458
100689292
113112709
58839167
77954208
497312583
1080666
4509458
6940083
471875
1390709
1113500
4496167
256708
412500
1536917
422125
1589167
13553875
3718875
12269583
558074833
1024009958
409990875
64167
102991750
920312166
298875
307059917
876298583
762610083
33584
101521625
175689416
336455459
66375
135221791
6028292
33167
473235583
423832375
1009531167
350625
140923417
157544875
315722250
34083
409861209
155093625
121031292
337858834
62807417
33541
205071584
182007000
1393258875
192675750
421614333
20069083
46242459
178619958
123125
2102959
367321750
409655583
67666
5863958
1912541
401614708
40125
26709875
23713042
33167
57769458
627342292
28795833
3348958
143865708
2693125
94652750
51231000
271224750
409336542
19547875
492397459
59782375
657443083
14378375
93182000
175039917
173300458
362705833
618378250
319500
570291
165446667
59263583
68874750
7603166
310475708
298959
1578875
303072042
31458
2662459
305847542
320336166
294903250
245500
114474500
477333
482333
4097208
417542
266291
1312294625
34125
305878250
1228654000
33625
307615625
614068542
119492375
356625
5222166
670375
31000
6792041
12946916
10151125
386708
1456084
12339625
88076500
357629459
236500
920161125
511982250
511983209
118979459
60830500
331910167
85016459
194936500
159027375
1097216584
65770250
23636625
326500
47001125
6271125
333750
510041
27310875
342000
1172875
38573583
535750
2184125
420542
60209
7521625
387459
570666
24624667
22363416
392041
856041
153336291
497036458
101388875
1621417
1847009750
141247209
174923292
22601209
59600125
420969291
614053375
63125
405037208
1024197292
306935041
33000
1023975166
307504250
116858541
425826833
10816625
147257958
36730500
388729334
148388583
27903375
141147750
151148750
403940500
253732584
614466583
148690250
875035833
19582000
170208
137590750
308327875
8755542
55420500
6783000
156060583
12999666
515927708
7904041
281301167
1049377292
409273875
33292
56320083
31958
1364875
556681875
31709
409775917
716621166
1435407042
329542
1864208
327625
39312583
180375
674695000
359417
1484958
93284500
1644698375
513253125
593250
2283917
1192250
101909416
608824292
73347083
73667
80634250
119917958
156004416
695445125
410464875
31994959
94000
30893708
246625
70868958
91208
274230709
49258334
454333
1305042
1257708
389167
2103959
31416
4614250
212000
4735083
861416
150334
2938209
30833
3955917
5022625
837042
808292
31083
62499250
412158000
125997333
137909792
332070584
386384875
103058458
409781583
68732083
120292
749486292
307175666
819123542
33833
73580833
59999417
1197423584
271090334
239500
337292
7038916
950109459
388791
235584
1330642208
307221584
512032000
39184875
30860833
176402000
572677750
921603667
67000
511745083
33833
19628417
391355833
182208
921757333
265667
1299791
68000
303966292
31500
511859750
62042
67252125
34719125
145376167
1186209917
89796667
173441167
115120875
1567232542
66000
163338833
466280083
45894625
166196750
386753958
139158041
475231625
717955458
71723500
234334250
3469042
180297250
454053583
279885875
896009500
541117542
197685916
664275584
36892542
453930000
109773209
382381750
142750
797917
64667
614467792
262000
195291
304160750
1023771500
15125
64734709
25895292
180247083
650926750
54196542
355186042
67549708
33500
239759667
16417
148593833
26748083
134813750
103034042
33709
124905833
263230208
385292
1487375
1360791
185875
768083
60564000
321250
18917
2369709
174916
524584
2336500
892458
40333
170285542
34292
73212458
200667
73792
176833
50792
98167083
17750
525562542
68481541
185985875
462372583
512151208
1023518208
16000
207616833
415625
2531792
720375
1616250
546542
1053167
4318167
446916
6137708
516833
1501167
622318875
697000
7158750
14375
72019625
130153125
413042416
145596666
532016167
324583
32208
76052458
34869750
163542
11889750
2638959
207209209
392019750
267078208
276950542
61875
994375
203917
2447833
24958
2300125
228292
43167
1366042
4944125
887583
44208
3108958
113583
27591666
783916
109414792
420266458
408690000
40995750
40217708
72330917
254750
1279948584
130625
88416750
645541
423807500
101513750
77819291
15036250
316494208
162500
742554458
222690083
41838417
162586458
36915958
104702417
271084792
27693125
661201708
493288875
164645250
449420958
128209
15214000
70316542
426563875
409674250
14510542
84039625
322417
320083
71310875
240897333
510053542
310171000
71005125
48047792
390010125
97995375
134068958
67605500
13908291
490302125
363680250
625792
126422125
1643542
198584
1880459
427542
421541
4229292
449708
2033416
3282500
205416
5222625
207208
1186250
227125
1227584
1840375
246500
5036375
352834
5552541
12048500
1217500
384917
522709
475084
580541
320583
1434458
392750
5557875
18596792
383166
786708
11987459
60643334
475542
317625
13994167
1232917
392375
1082750
2658500
448625
2713334
1485250
8949291
214625
16083
378959
6239625
83370417
77949833
17740125
158277791
196922500
60596625
682998791
2952375
148303792
174904833
94781791
910218042
32750
744028084
132167
382086542
31500
21825084
319250
275583
87066250
105433292
6310666
393685875
92503583
316768458
614539291
716461208
63708
506810250
58348875
561225000
115828292
157023625
132855791
324095833
10719208
1306593042
34000
109577375
710495250
347125
33333
38967959
125115792
2398822084
31500
508438208
409862291
306829209
32209
34652958
272702625
160167
1126011959
819181958
126042
31541
21585584
592856500
50749708
192417
656209
196875
1072500
423333
412458
849667
97667
1216917
813583
7757083
413708
1197000
74375
9681375
433875
2498000
561791
1790125
4525708
397833
8864209
422916
356250
340250
3749500
417833
2533459
1463541
6987208
504618791
286417
16083125
391994750
130401708
63620500
419870666
512110791
45143208
467020292
32875
171912084
46188917
253048666
64167
450011917
309100292
458459
2339792
5618250
549125
166518458
476137750
375333
449208
3746333
367081292
32458
204237250
408851417
1105102750
142063708
13958
493426834
16833
203039583
32334
195869167
331000
30791
318709
387125
252000
11845958
605625
36771333
513583
10134583
128326125
4677666
48032041
92125
41860083
341268042
90769458
182976917
750116084
387458
699041
200551834
93458
310132125
26823916
90917
382770917
45256125
364201166
115987417
48738125
49827166
502335250
145877333
151271250
317071166
111485291
35042
912378209
627552500
109792
27894500
48583
246950417
225417500
64378667
959015667
223792
408358541
66250
510802708
189449125
117230458
111825000
914331042
64208
137385917
295009625
4282167
357542
2048708
996833
191583
76833
709167
3311083
219084
395500
6427917
5869584
1312125
120750
38402292
594375
359875
23443333
240833
3450750
3786291
83092250
647583
302583
894249834
941439083
152083
158444708
180003958
598060625
56746500
755287417
819204416
80609625
179792
328117291
162250
308892000
410418167
199176500
261167458
203898000
7685416
2885125
143344417
1023996583
408013208
225458
393814500
331833
2739167
477042
2645959
775541
4486667
274583
109375
341625
521917
2880083
416000
1631625
1791416
4106500
6344583
127084
755667
285500
6499125
4619041
306125
856125
1184792
288167
880208
32125
21043833
25311208
16917
8479125
13951000
114247125
504263875
715519208
1024862333
1126601333
91647292
118416834
15247625
287139084
306536292
310057625
319500
1841584
4386250
62858417
337733625
23250
409409875
185709
511462958
1051398375
156500
56617208
33000
429444833
192750
812791
1412208
405617917
226042
1228551708
34375
231679667
1099314500
409851959
328083
306647708
272000
39691417
360636375
88385334
604584
1368917
75715542
1276646292
67500
921731833
128500
715976000
34041
9049917
298322791
130167
128857000
659125
256125
4135333
432667
2381667
148333
16977667
493708
2380750
1093917
661288500
48727584
383458
1601833
2362833
3329000
16625
8067250
854875
9748500
406042
936708
999792
869583
17240875
31833
7476875
416125
1401208
3636416
129417
24889666
14990500
6939250
12010333
4008834
6953167
15115208
20450042
462459
407250
2255875
5305125
862041
782250
17131000
32875
8208542
256375
741083
332584
486042
1492000
32699708
330628791
240375
1218333
2168500
13168584
572542
60583
2109000
531375
31334
2205875
61500
2995958
274125
185333
1140166
210667
1241125
30708
1633958
371541
90791
14818542
303084
327693291
797039625
61792
670671833
35041
244145750
75937375
271459
1012035292
5493042
1222219625
511873000
308295833
1059866416
337750
210792
371987708
513614666
255834
305393667
307345458
132371959
1098213917
358917
1405625
80494375
10504458
826800708
34041
795607750
48674333
216105583
131139125
1984350875
130333
625458
82409500
537417
31542
324418542
181475958
329250
1416428375
76969000
319667
510959
23987958
1717417
21241584
23115083
2850292
102291
2850917
4020125
223708
1245917
2188167
6945375
430625
225958
353500
8081083
415792
1718209
185386833
903988208
32833
409679833
616327458
131500
149693167
328689667
448917
602959
438509000
134665625
377700500
511761958
309893500
426334
1207750
611218166
1224710292
162341708
56504375
25878083
680862250
307319208
53289834
33532375
527999958
125418333
140949167
349002292
478417
1377083
304098583
32125
307312042
323125
1746666
1108208
1946821959
235458
596459
7313458
451583
484958
72591916
567875
557458
2894416
401167
272750
12732333
568417
210917
46028708
420042
431542
96188500
543458
650000
674466416
459125
665209
406512167
655677708
222291
162910334
838083
1257458
305825916
411191542
1084917
319292
508656875
718666667
393375
2110167
1420958
33288084
55178000
451833
92833
206001583
224542
702458
49027917
358750
723333
48949167
427625
383458
520004000
107446333
626958
506337917
2639750
36075000
115112292
357893417
34875
511457417
20516375
1516037750
407862875
895597333
744281334
32708
12118541
19968334
275314583
126921583
73835125
198737750
600333
1163250
573465708
120063084
49903958
1415176791
34500
307036458
15303958
278125
700708
18552708
332584
11158750
421625
318292
35425833
252000
283792
149351541
388584
937792
483360375
239000
1126714500
390667
267750
408289208
31458
307225875
715994291
306456708
410656792
34792
1024415917
95910708
150386500
827625
1151000
26294833
33541
21884625
16022083
3161000
412750
2477167
163417
22908333
11986791
773155084
306748750
34042
32235291
61875
185956417
293638000
308023250
305469167
22861292
489998500
819211833
181833
307597333
31500
3676000
302851375
1223154708
210750
68296583
23234167
31208
824125
60000
78275542
31750
13475667
62666
62250
257792
312125
1049103208
308832542
428042
2852709
3260500
10243125
2564708
358291
275417
5548834
39125
29667541
450125
362375
8457958
21173459
268583
8370250
417459
313250
10225458
1394333
267584
10545875
15024792
183051458
60102292
66538417
482625
278416
199132333
636958
787866208
176988500
352584
1279875
5187333
514542
711167
1615292
515542
65208
567458
288750
3204250
448375
513584
2868500
539584
741791
14687000
448583
511500
5407917
39354500
493541
1193000
4411459
577708
1787250
391042
453576416
226500
116552208
176416
131662167
261689750
614489750
23812791
283371167
930519083
912974000
94852083
90340792
163706458
1882167
1045542709
33958
57447833
62028625
429770208
30117167
18043167
140118917
16181917
190744541
544103125
414375
2092417
4861417
445166
2348416
33250
1771667
351708
516208
358417
23642375
353250
53877667
130459
15475459
213174084
5793291
1397349500
98155500
58770250
252448042
85175708
135888083
802606583
462042
285197000
303994667
639260250
512067542
189632292
322183833
614459875
409775709
717620500
137754250
60956750
2568922333
34333
264841958
389083
2246958
1027375
3368791
99083
1362808833
819255042
307141125
615032083
416916
10414542
134191000
21619041
111139541
130596000
191276208
192347292
67250
85344083
350392208
9493750
297444458
322459
4183208
1301708
1805709
245461208
193791750
33625
188917000
388529500
65209
408099417
512991167
107144292
35802541
128866917
136289625
308768541
306971000
34333
409947209
307116084
308746500
390917
2128917
154238875
129625
353137083
160708
8049083
162917
579555625
845914750
56397375
38217625
14631750
7464791
53485375
649338708
32083
29689250
188070959
258331625
187798125
15426541
243122625
305849041
32042
1022807416
512496709
157259208
1277002917
135000500
685128208
94541417
1652750
420125
674667
413979666
47299584
121793708
48886000
394910541
67208
511917666
36148042
375515667
5629875
505725791
16246209
214968500
499264084
466568250
122148417
1241321250
61104541
139663875
181947000
84832542
706101042
566102250
170968541
2053901417
16477084
710540417
323743208
409588875
268583
59498083
97000
107393166
81951834
670208
364483625
34084
22455875
284588042
32875
30729583
23433333
457830666
33750
49613916
1078125
191541
870804667
45957750
368869125
303100291
323166
15624875
495559375
66000
408752167
63446208
163336667
76948375
2387417
168636750
55835583
178170000
105886917
30989250
16862750
65458
5799625
91258458
320167
127750
6244875
121316166
184060084
202032083
471674208
149210667
362818333
87073166
92178875
13892250
291081916
388131667
14709
4527417
48375
454109292
65081542
446901875
38972333
45862709
532338584
32208
611369375
192583
40647750
471305583
409570417
158755500
48742917
160166833
12854458
174145791
34292
264391417
54521000
354962834
97666
199796125
98084
6720666
233126958
34417
5596583
374959041
306039208
158202334
206106833
353545875
33917
158700167
191791
117458334
23820333
312987083
162916
282073916
85140042
58834
158707209
724834
141162209
2763459
14083
1986084
202916
1126833
14292
6704375
1337208
330208
130500
13917
2197541
150875
3395750
368083
13875
3270666
316750
1206792
4272917
92083
5362291
1450875
34791
819542
1161416
600500
16560625
158938083
213058917
204136542
196955250
122812125
95135334
2120500
34292
3523875
429419416
16834
18703083
1872584
199360459
48167
496800291
131208
35004708
41877834
68273625
150721875
10847167
175254959
48834
439412166
60406000
197035166
34208
14513958
65684083
582916
224875
454917
538652250
863091709
67292
191612417
322586458
304947584
39948709
472038209
307310708
103815416
100431250
259541
35239167
9868125
3158625
66259958
116789250
28065959
583916
513750
16013792
453583
2350125
735959
232161625
189527125
126828459
12708
31738542
50120250
27855916
115418458
42812583
46191291
38855083
150925917
139670042
206221000
330371541
529917
26728959
5184000
142541
1739417
4025459
719983375
66625
3966500
511417
1410541
3148292
882000
296834
656792
485250
588167
7154875
484834
2582250
2565917
2225459
591667
310583
16208
1349917
201250
9453834
37583
7029000
161000
2706750
9012583
6940958
834875
3228375
1031375
527375
3404500
57000
7770666
61959
3888834
2131417
6155000
32708
1622000
5356500
15562375
1292917
19680917
30792
64141375
97430541
338167
35372375
34334
56574125
761334
232791
17282000
463167
2575875
658459
67952625
160000
39151500
151042
114964458
42105125
120750
4005125
401625
2191500
725292
15500
93666584
344667
1521209
27999042
344500
83084
316080875
448292
455292
161421625
24161875
80033375
106769166
802292
750701541
206285458
49022042
768427958
64792
325207792
1127542
32273417
562859416
102143125
410016375
147889542
364146500
15794334
700968459
31833
379548208
439590917
716771042
100095042
309487291
309323375
465780625
834392500
76736875
464081667
47444917
1009917
337000
732000
26810333
461917
79958
117208
47030083
167666
332375
8062334
278637583
419459
1951666
8288209
2406209
772459
183334
395431834
451500
593834
14191667
19705792
17959416
1634792
47385917
53037625
12924708
123397584
99541
163280667
458625
452334
3944208
602875
1229583
1298833
465959
687625
868792
1146541
16391750
287708
7276583
305376875
534381125
111600083
41234667
279597125
284373250
307100334
82868042
225125
343739833
355042
352739875
58530958
1209493667
409607625
34375
85312875
324011666
521535916
53842250
31500
95850958
250415416
307249125
96741708
73836583
362541
479417
22923708
90292
104282584
355167
160959
315094625
307192250
68928875
161984333
280902750
322834
106459042
117292709
196417750
330584
763792
19311708
1095176916
538916
79982250
362042
431091583
82696625
141352834
144117500
58550875
597130667
32208
123124084
196927708
811973041
506386917
307022084
33041
307151792
33625
1433714042
128591375
714558458
12608417
446917
90709
679705708
1024105625
1560575375
17042
550152000
151250
518655625
356896166
435960125
175654542
183156500
120875
94794291
62031458
93984292
474998958
221875
776584
105169083
19375
506332000
678655459
755012042
7779667
47192792
559123708
109042
184316458
532372750
512201792
411775917
304958917
837952667
661947084
378419417
