59958
142125
121208
87167
31791
23792
8458
12000
12250
11000
11000
10959
10750
10667
11542
11000
11667
10708
10958
11209
11917
11500
11208
10917
10834
12084
12292
12417
11709
11500
10500
12917
14875
11833
10208
12625
11750
10750
10792
11417
13041
12208
13166
11458
11125
12625
7750
11667
13375
54709
30750
28125
17250
14000
13542
13541
11750
11916
14542
14584
17125
14666
11917
11875
15583
11625
11500
12084
11750
11708
12125
12667
10416
10250
13167
10625
13708
21708
10666
9958
9625
9625
11625
23416
16000
14916
17416
14000
12708
10584
12792
11834
14542
12334
11208
11459
9334
10916
13709
14166
11708
9167
11625
14041
11292
10584
12167
8500
10917
8708
8750
10209
13042
10583
11500
10458
9125
8834
9375
9167
9208
10500
11166
9917
10208
9292
11959
10041
10334
9625
9625
13750
10875
13125
9125
10125
10333
7666
9458
9250
11917
9875
7209
7291
9125
8000
10125
12708
20292
11708
15709
11500
10375
10959
10250
10959
8584
11083
19208
10500
11625
11250
10791
11041
11084
10875
9916
8917
10292
10667
15625
28333
54250
35084
34292
20166
53750
54667
36625
16458
27708
15083
14417
12833
12416
12125
12209
14042
13208
12166
9541
12709
11667
11084
9250
11042
12375
11541
11042
12291
7875
10083
10708
10250
12334
10375
7333
9666
9500
10333
8084
9208
8417
11333
9875
11333
9583
9375
9583
6583
9125
9417
8583
9125
11250
8208
9083
10500
8875
10792
9000
11125
8542
9208
6167
8625
6209
6083
7458
9625
9167
7792
8917
8167
6125
8584
6250
7125
8875
8208
8333
7042
6458
5875
8083
8833
5834
5875
8584
8542
8417
6042
10250
10625
8041
9083
6500
8583
6334
8584
8750
8375
8833
13291
9583
7667
7875
8667
5875
8209
11084
31375
25583
14750
28625
13916
12292
11125
10542
41583
41125
15167
13000
16167
19250
28583
16500
17208
12666
14292
10833
13834
9833
31208
14500
16333
11583
12625
10750
11750
9166
11625
11042
9500
10084
11083
10959
14416
10667
9417
12667
9750
10625
10375
9334
8042
9917
9875
6917
9042
8542
10750
7666
8333
9250
8208
10750
7959
10417
6958
8375
10417
9333
6666
8166
7250
7167
8042
9542
7708
10209
9833
7625
7000
7292
9042
8000
6542
8209
10708
8000
7708
7958
8083
8291
8458
6334
7666
6041
7125
9709
7708
9209
7291
9333
7542
5959
7000
6958
5541
7750
9542
7375
5542
6208
6833
9625
6750
7791
6500
7625
8167
7542
7958
10375
9334
8375
8541
6459
6417
7708
10084
7667
5542
9250
5542
7000
7291
6875
7625
7292
10208
7791
5541
7250
6916
7709
7041
8208
7625
9917
6375
6166
8292
7500
7875
7542
5709
7084
7542
6917
7291
6875
9000
6541
6292
6750
7541
5791
7584
8125
6209
6791
7917
7334
7416
5541
7292
6417
6542
7958
8500
37250
24291
19291
29750
15375
23625
11000
14000
12042
14708
11125
12417
12083
9875
13959
10625
11417
10042
9791
8417
10250
7792
7291
6958
10042
9833
9833
8625
8709
9125
8458
8625
8708
7500
8333
8208
8959
8750
8375
8667
6708
7917
8250
7750
7333
10083
9459
10292
7667
10042
8208
7000
6334
9500
8833
7792
8125
6917
17208
27583
38250
36417
38875
35750
17541
37084
47167
26292
38125
23042
25750
22167
38875
35833
16625
37167
34042
24083
20042
20084
39375
33833
15584
23500
14584
35167
29166
13958
15375
11125
27625
14959
10792
12958
10583
9791
9833
54500
13125
48459
40834
42500
19458
20291
32458
38583
37000
25750
20250
17583
24125
17250
15667
11500
10209
10666
13750
12458
9042
8750
8792
8834
10375
9208
8959
9208
9792
9083
7875
12166
10125
8875
9458
8625
8417
9917
8834
8542
8917
7875
9750
9291
8917
10750
9000
8750
8916
8625
7291
8042
8958
7750
7083
7875
7958
8375
9792
10750
8375
9042
8042
8375
6584
8000
8250
8125
7875
8458
8208
8000
5500
6625
8667
9375
9000
8916
8000
8250
6667
13333
12125
12750
9958
10166
35333
25084
21458
17084
17042
20791
23000
19500
14750
16125
12250
10958
9125
10000
10042
42000
22084
22167
20542
13625
14125
11459
10125
10208
10625
12750
10500
10000
8917
9709
11166
7833
9791
8625
10583
9125
9042
8750
9708
8709
8958
8458
8958
10375
8791
8542
9542
10500
10250
8500
8834
8125
8125
9417
7875
7833
9625
7583
7875
8250
8750
7917
7875
9333
8208
8166
8333
7833
39041
18458
19291
12125
15834
11083
36750
15875
16042
12250
10959
12584
12542
10083
12000
11708
9625
10000
9500
9583
9125
10792
9167
10625
8500
9125
9250
8750
8708
8792
8041
11917
9167
8708
8542
8625
9208
8541
8250
7958
7583
8125
7792
7958
5459
7041
8375
6958
6542
6750
7542
6750
7709
6459
5625
6541
6459
5625
6666
6375
6167
8208
8917
7333
7292
6625
7583
7250
7208
10417
6875
14250
10083
33250
21083
36292
34667
19542
21916
18041
13042
11542
13250
12250
10083
10750
10334
9917
8916
10750
8375
10333
10375
9125
9958
9875
8833
9166
13375
8791
9083
9083
9084
8875
8917
10500
8334
7834
7917
7333
8750
8417
7666
7959
7250
7917
6958
8209
7333
19667
37417
31833
16875
12125
15167
11459
11625
10792
9167
9291
14250
17375
14750
39375
29375
39042
39792
19917
27625
38542
38250
29667
12166
36959
20208
31125
29166
37041
36291
21000
34542
18750
35916
27417
24459
30750
36542
32958
32042
42250
39917
23166
34792
18583
37167
18167
15417
13208
14166
11208
14416
11042
36833
33166
24542
26917
17041
28000
39833
18250
12083
35000
40250
36042
37625
37833
42416
31583
28916
17667
15291
27500
19959
38500
42792
40666
21292
36916
41250
13375
40833
28042
41416
41125
41541
39208
37834
17917
32000
29250
38542
22125
20209
14875
10667
10625
10000
13125
11708
11458
9708
9875
9500
7833
8250
8958
10083
8667
8917
9042
8583
7875
9459
8084
8708
9875
8458
7958
8292
7959
8375
8167
8375
8042
7792
8584
8041
10375
6792
6666
6542
8125
8125
9042
7541
7334
7000
6709
7000
6458
7333
5542
6542
8417
6834
7000
9209
7208
8166
6750
6542
6042
8125
8083
10250
35625
17708
13042
10375
11750
11125
9833
165000
38250
28958
27125
39708
25625
41208
24208
28541
37958
25917
16292
11500
9750
10875
10167
13375
11541
9000
9792
9750
8875
8792
7500
7458
7625
7084
9250
8583
7875
8916
7750
6792
7375
6792
6625
7292
6750
10417
10583
7042
7875
8584
8917
7083
77875
20125
40041
23708
23042
15791
15334
41958
17541
23500
12250
13333
37042
38792
43750
24834
25000
14250
12125
9834
12750
12291
10000
10125
7792
7708
9042
7750
9667
6916
9083
12458
27792
38208
20125
38709
40208
22792
25667
15834
12042
29125
18500
39083
22917
38166
19791
18666
12791
12666
10000
9458
10958
19084
11667
11708
11959
12709
11917
11583
9042
8708
8625
8000
8375
8125
8167
7917
8416
7542
8208
7333
8083
7708
7291
6917
6875
7125
6875
6917
7292
6750
6958
8500
7917
7250
6834
6958
7041
6875
6250
7417
7625
7334
7542
11042
9708
7542
8959
8208
9041
8292
8708
11583
7666
7209
10083
7250
7291
8625
8250
8375
8584
8917
8500
7042
8000
6875
8000
7792
9709
8292
8375
9833
7167
8625
9083
7250
10292
9125
9542
8291
8500
9625
7917
9458
8542
9083
7167
8917
8458
9208
8708
8334
8709
7792
8417
7125
8792
7959
9459
9791
7250
7916
7583
7375
6667
6500
6625
8125
10417
11000
8791
10042
7834
7500
9833
8875
12208
7208
7166
6542
7333
6292
7958
7542
7542
6708
7583
8333
7792
8417
7375
7416
8292
9333
8541
7209
8875
7042
7750
6292
7375
6584
6375
6458
6792
6416
6583
7416
7541
6917
6541
7334
6500
7666
12000
7250
7125
8167
6667
7667
12583
8666
7334
6667
6667
8042
9292
8750
8042
6291
5959
6375
6584
8125
6417
6291
6541
6666
8375
6375
7667
6709
7125
8542
7959
9292
6708
8833
6333
6166
6750
6875
9500
6541
8958
6292
7250
7541
25166
7833
7875
9292
6458
7625
6750
7042
6500
7542
9500
9209
7625
7083
7958
7875
8583
7875
7000
8500
8625
9000
8333
8916
9167
9041
8166
7042
9500
7667
7375
7041
10125
10959
9625
9375
8667
9500
8375
8458
7083
9958
8042
8166
8250
9834
8666
7042
8459
7166
8792
7333
8083
10208
10084
11167
12417
9708
10959
8167
10709
8667
7541
8125
6875
8708
7792
9250
8833
9375
8583
8834
9125
10291
8500
6792
8625
12917
8292
6958
7291
7709
8208
7750
8542
7750
8500
7625
9625
8708
9333
8459
7542
9459
8209
9459
11542
9250
7875
9917
7458
9583
8292
9291
10167
11375
9083
7834
10916
9458
8250
9459
8000
7333
7458
10000
7500
8375
7750
7208
7416
12042
7625
8250
7083
12583
8291
10625
8250
11000
6875
9875
9000
7875
7625
8250
9250
8166
8834
7959
10500
7167
8084
6625
8375
7958
10708
6666
7792
7792
10500
7917
9333
8583
10708
7125
11000
8917
9500
7625
9292
7250
7916
7375
9042
8084
9041
7250
7417
6791
9916
6708
10333
6416
8000
6459
10000
8500
7750
6625
8167
7875
8125
8542
7083
7417
9708
7917
8959
9166
9250
8625
8958
8083
9125
7750
6834
7500
8417
8542
9792
9417
6125
7083
7791
7917
9417
8083
8250
7583
9333
9042
9250
9083
8125
8416
8291
9625
10292
8667
7583
8458
7292
7958
8500
9833
8333
8666
8291
9958
8958
8417
8166
9000
8833
12916
9625
11042
9250
9459
8125
9209
7125
9667
8334
9000
8958
10042
8167
9250
8417
8333
9375
8083
9208
9208
9542
12417
7833
9458
9125
8125
12583
9625
8917
8875
9667
9750
8958
8125
9959
8625
9334
9333
11625
8250
10333
9417
9084
7542
7375
8791
9291
8083
8792
10167
9875
10208
7209
6959
9792
8250
10667
7250
5208
8584
9042
10792
8250
9709
9583
6958
5791
8541
8500
9375
8542
11041
8417
8959
9750
8000
12500
7417
10000
7833
8583
6834
6666
7042
8083
9917
9250
9792
7750
10750
8708
9375
9167
7750
9375
7708
8459
8834
10042
9750
8125
9334
9416
8667
10833
9084
8542
8958
8542
6834
10209
8708
8708
8292
8834
11750
9916
8125
8375
8292
8916
8084
8333
10667
8875
8542
7209
6709
8208
8750
9583
8167
9958
9750
9709
8208
8625
9417
9542
8292
8792
11125
9167
8750
9709
9584
8625
9583
8667
10125
8625
13000
8541
9625
8375
8459
9250
10917
9625
9708
9291
8375
8792
6833
6792
6958
8791
8291
8166
9250
7916
8333
6875
8792
8417
7041
9834
8542
8584
9334
6958
6917
8000
9375
6875
8458
11750
9583
8125
8916
13125
9625
11417
8125
10291
9041
7917
8167
8666
8750
8541
8916
11000
8208
7959
7708
10375
8542
7292
9792
9750
8250
9542
8750
8583
7625
7542
8333
8542
6916
11000
8167
8625
7000
8500
8375
8125
9166
9250
8833
10583
9042
9084
8417
7958
9084
9917
10333
9417
9208
9500
8833
8916
10208
7959
10000
8375
11333
7916
9500
7500
7083
12417
12125
10166
8875
9042
8541
9500
9292
8958
8500
10333
8666
9250
9083
8833
9333
9500
9792
9458
8417
9334
8250
12750
7458
7416
8209
8541
8250
9375
11042
9041
6708
9541
9125
8334
7917
8667
8667
9625
7792
8625
9625
8333
9334
8375
8209
8167
7959
7500
10125
9334
9416
7458
7958
10083
9167
9291
14083
8834
9708
9292
8208
7542
9959
8709
7959
9250
9292
7625
10292
8500
9625
9416
11625
8709
9667
8291
7625
9125
8542
8833
8458
8084
7458
9459
7875
9167
9500
10041
9333
9958
7084
9250
10708
8875
7875
8042
9333
8750
7959
8708
8916
7166
6750
11208
9125
9625
7667
9667
8375
7208
8417
7709
9958
8417
9333
7584
8000
7792
9791
9084
7167
7000
12208
7875
8291
7667
8416
8208
8667
7625
9375
9625
9334
7208
7417
9875
10375
12000
7958
7875
8750
8750
9625
9458
8500
10041
7875
8833
10458
9333
9458
6750
8459
10750
8250
8500
7959
9708
9208
9584
8375
7875
9542
8250
7000
7584
9417
8084
8125
7333
7000
9083
13209
9125
8583
9083
8375
8250
8625
8375
8250
9584
9375
8083
8417
7459
9500
7666
9000
11125
8083
8250
8083
11667
7375
8791
9542
8166
9333
9334
11334
8084
11459
7167
9250
9250
10209
8500
9625
8500
9417
8083
10208
18708
32208
35250
14375
11125
12167
11042
10083
10750
7375
9708
7666
9667
10917
8958
8625
7000
8333
7167
6959
8750
7334
8875
8667
8917
8167
8584
7334
9208
10250
8875
8750
9958
8667
9458
8958
10792
9459
9584
9917
9125
9167
8458
8583
6958
9958
8667
9208
8792
9459
8208
7916
8167
10208
8875
8667
8292
9250
10292
8625
8917
8750
10625
9542
9000
10042
7000
9958
8625
9250
8541
9125
9708
8917
10541
10250
10459
7125
7125
9542
9125
10292
8792
9375
9208
7792
8209
8875
10333
8834
10417
10375
7833
8042
8458
9500
9959
10333
8959
8667
7625
8583
10916
10375
9833
8750
9583
10000
8375
8459
10542
7542
9292
9625
8292
8292
9500
9709
9291
8666
7959
7750
8209
7833
7584
9792
11708
12625
6458
6458
13750
10250
7541
7708
10167
7208
6916
9750
6708
10375
8125
8833
7167
6416
8458
7459
8750
7959
9959
9083
8959
8125
9541
8459
8500
8375
8709
12667
9875
8750
8000
10500
7208
7625
7917
9833
8333
11334
8667
9875
6625
8166
9625
7833
9166
10042
10417
9209
11208
8625
9375
7875
7708
7125
8541
9459
8250
9291
8000
8292
7500
7375
11291
9500
8500
9584
8625
8458
11500
8792
8375
8709
8917
9000
9750
8333
9250
7875
10291
9375
9583
9042
8084
8417
7834
9208
9083
8000
8042
8167
7791
9333
7584
6333
8958
7875
7791
10250
9625
8875
7834
8250
9208
10208
9167
9500
9333
7083
8542
9292
12250
9125
8459
9375
10625
8875
8000
8917
10416
7875
9000
9375
8792
7958
9875
8292
7958
9167
8375
8083
12125
8833
9292
9167
10250
7833
9000
8958
8750
8250
9584
7750
8833
9125
9959
8250
9125
9292
9208
8334
12500
9333
8917
10208
8666
9667
7791
9250
10000
10167
10375
9291
9916
8792
7917
7708
8625
7250
7584
8834
8542
10458
9500
8250
9958
10250
8875
10541
8875
8958
7750
10500
7875
8625
9917
10667
9500
8167
9792
9250
7167
9083
10584
9584
10500
8500
7917
7458
6000
10250
16000
16166
33000
21042
37834
36291
29417
36625
19834
17916
35875
12500
28917
34041
23167
28333
14292
14792
12791
12500
10792
11834
9500
8750
10167
9458
8167
9209
8625
8166
8625
8834
7042
8292
8667
11750
8583
8500
6709
6208
8958
7334
6958
7125
8542
9042
7208
8208
8833
7291
8708
8541
7541
8667
10125
10125
9375
8459
8416
9458
8750
8416
9625
9459
8334
7625
11292
8916
8958
9500
8000
7000
7458
22958
18292
13250
7750
7292
7208
7084
8666
7750
8292
8208
5292
7833
7625
8333
7625
7041
7917
7667
7958
8458
9250
7167
6625
6750
8708
7542
7709
8166
7875
9708
9250
9709
8459
7417
9584
11875
8458
9000
7000
13542
8042
8667
7083
9250
8125
8459
9708
6792
7083
7291
8709
8958
7166
8292
8834
8333
10459
9584
9375
9250
9709
9625
8375
9042
7083
7250
11750
7709
10208
8709
8875
8541
4833
9500
7417
9458
8083
7417
10250
8125
8042
9625
9000
8334
11166
9458
8458
7916
10542
9333
10750
11625
12166
8291
10458
8458
9375
10583
7458
10000
8292
9459
8291
8917
8375
8125
9208
8625
8500
9000
8333
9167
7625
9583
9125
9250
9667
8375
7583
7584
7083
9417
10125
8458
8458
7042
8709
10083
8541
11667
9875
10292
8292
8708
11084
8041
8417
9042
10250
8625
8250
9625
8458
6917
9375
9334
8000
6958
8458
10000
8792
7833
10583
10833
10459
11000
6208
7000
8000
5834
7625
8000
9584
8958
9125
8291
7667
7000
8417
9625
6583
6584
19250
10208
8666
8375
8333
8042
32208
31416
15167
12708
17083
11958
12209
11125
10958
8792
11917
12209
10875
7917
11042
7125
7250
6958
7708
13750
13916
8708
10083
9792
8375
9417
7584
7250
8625
7750
8167
8417
6459
6417
8666
7125
7250
7041
9291
9958
8417
8125
8083
9417
8084
9875
8542
9542
8417
7583
7875
7375
11417
9667
7291
7917
8542
6834
8000
7959
9375
8834
9333
9084
9291
8292
7625
8666
9417
8458
9541
8917
8125
7292
7292
8291
7208
7042
5459
10708
14042
6667
6959
7459
25875
25375
14417
8417
8500
8541
7875
8791
6042
8833
6583
6667
7000
7500
7834
6458
10958
11125
10416
9083
7875
8375
8334
6041
6584
9458
7667
7625
8375
8333
9208
9125
7042
8709
12750
10375
8833
13708
7417
8333
9458
10584
8625
8875
9584
9167
10167
6791
8708
8292
12208
8417
9666
7792
7667
8708
9250
9250
9417
9250
9666
8000
7250
8416
8291
7750
7542
9375
8000
11041
12208
7625
10250
7875
11167
9833
8291
9792
6875
8833
9416
16750
16834
16834
18125
17167
11750
9709
14875
26583
12541
9750
9334
8625
7167
8792
7875
20250
14083
10500
10084
11333
9667
10250
10000
8667
7791
8542
8375
8417
8792
10167
9791
7542
6958
6666
16083
13208
11000
8041
8000
19084
13583
11209
10292
10916
8083
9541
8292
8334
8125
8292
7875
11334
24583
15000
16583
12125
29291
29708
14334
11708
10208
9375
10042
7167
7583
12125
6542
11750
9042
9042
6583
9292
7458
8167
6833
7334
8583
6542
6959
7083
6250
7709
7583
9042
8584
9583
11458
9625
10208
8750
7667
11292
8334
7542
8542
7792
8792
8541
10208
8334
9250
12375
10625
9292
9625
10958
8291
8167
9875
11125
9709
7000
9250
8333
11208
7833
6833
10250
9542
11250
8708
6417
9625
9791
8708
8042
10541
9625
10208
7542
7791
9834
13417
9500
8666
11125
11000
10167
11083
10833
12625
8500
11542
10125
12042
10167
8917
9916
11084
6709
10084
13375
13584
10875
9834
11125
9750
9250
11209
11334
11042
8084
9125
9583
8959
7708
8042
9292
10916
11542
10542
7916
10709
8625
8125
9459
8834
7417
8792
7834
9583
8250
9625
9084
9250
9666
8917
9416
10541
9041
7708
10791
10792
10792
8583
7875
8042
8167
7541
20791
7417
7833
7875
6833
7083
7417
8250
8292
8125
8958
7916
12125
9500
9500
9041
7458
8292
6958
7709
7250
7042
9333
7209
9875
9291
9250
9500
8375
8625
8333
9000
8709
8417
8709
6958
7292
7625
8000
7334
7291
7667
10292
8250
9417
8792
9958
12000
9417
8375
9000
7708
9417
8500
9417
8208
9084
9333
10334
8083
10125
10916
9292
8583
6792
9875
9875
9416
8083
11500
7375
10583
10834
8500
13209
8709
9417
9084
9334
9333
10583
7625
7833
8209
10916
11042
8833
9750
8375
11417
8875
8959
8041
6291
18833
24416
18875
15125
11375
9458
9583
9167
7875
8042
8542
7917
11291
9334
9500
7416
8541
7916
8542
9208
8583
6500
23916
10084
17250
18500
9084
11333
8958
8375
10792
8291
6417
6208
6417
5542
11250
7167
25916
22375
25000
15750
20625
13208
12292
10875
13084
8459
12084
8500
8167
8709
7125
8167
8583
9333
9667
8500
9625
9291
8667
9250
10833
9292
12084
9583
10209
8709
8750
12167
7458
7333
18958
12000
7458
8416
8500
9000
27125
12125
9375
10000
8375
7250
8833
7708
8375
9500
8083
8667
8666
8292
20833
18833
14292
9000
15875
9750
9209
33791
17042
8667
9375
7833
6708
8583
8667
7167
7583
7542
7500
7875
8125
7459
8000
8041
6292
6833
6750
8208
7834
9084
10166
8459
12792
9542
18125
17417
12708
14792
10875
9000
8417
10708
11416
9209
8292
8417
8667
6583
8708
6916
7208
8542
6958
6833
9542
8375
8458
9916
8959
13791
11208
7709
8333
12375
8583
7709
9084
10250
8167
10125
7292
8083
11750
7667
7750
10209
9541
11000
10166
7750
9166
5209
7041
8500
9167
8500
7292
10916
9375
9208
7208
8333
8958
8167
7458
8875
9875
8917
9917
11959
9083
8542
11708
9583
10958
9125
8208
7791
7708
8833
7333
8542
7583
8416
10667
9584
8250
7458
7958
8916
7375
8042
8208
9416
8583
7042
8583
11500
10792
9250
9292
7166
6791
7708
9208
8791
9708
10542
7084
10417
9625
6875
9125
14125
8292
12875
19291
20000
10584
9709
8541
9833
7375
7625
7709
7459
9791
8916
9459
9583
8833
9125
8042
9583
11750
8625
9417
9792
8333
9542
9042
8250
8167
10625
9416
8542
9750
10834
8208
9625
8833
8625
9125
7250
9750
9416
8750
9125
9667
9166
9416
8375
6625
7375
8250
10083
7833
7750
7542
8875
8708
8209
7875
8709
7834
8416
7875
8500
9375
6916
9583
9958
9875
11167
9458
8917
10708
8834
9333
8667
8208
8708
9333
9500
9292
10708
8125
7417
8792
7542
6708
8875
10375
9542
8625
9459
9709
10583
6917
9500
8500
11000
9833
10250
19292
11209
20167
14125
10500
10792
9375
9334
9875
10292
8042
11541
8833
10875
8666
10166
11167
8333
8333
8542
18500
18625
13583
11208
7792
10084
7959
8917
10375
9666
7667
8125
7875
8916
8792
8833
7000
8916
8500
7208
7334
9000
9459
6750
10750
9375
7375
6500
6709
6167
9167
15292
19500
10666
27916
13209
12500
10750
10625
9541
11125
8291
9500
8416
7250
9541
8375
9500
8292
9875
10208
8625
9875
10542
8541
8375
11500
10958
11333
9625
7333
7208
9750
7333
7084
8209
6958
11333
8375
8000
8000
6792
9625
8458
10625
7625
7084
7292
7166
7958
7375
9958
10708
9791
10250
9791
7958
9125
7500
12000
8292
8166
7959
7458
9667
9625
7000
10417
8542
9791
8042
8542
8083
11917
7250
8458
6667
13708
15875
15667
15167
10875
7291
10125
7875
8084
8750
7875
8417
11375
9375
9791
7500
8042
8458
8583
10458
7292
9458
7833
9416
8625
7250
9042
8500
9375
9875
9458
11291
9500
9833
10291
9667
9375
9292
8666
8750
7209
8750
7375
9542
8750
7459
8542
8625
8291
6583
9042
10250
7167
7208
9500
6416
8250
9500
9667
9208
9084
10541
6959
7208
7667
9875
8417
9417
7084
9750
8500
7750
10542
10125
10250
5583
9292
8916
7916
7875
8542
9583
7875
9333
11667
10959
7958
12167
10584
9833
7958
9667
8208
12417
8417
9000
9750
6792
8459
9541
18125
11250
30083
16042
12209
9667
10750
12250
9000
9666
9459
11709
10333
9542
8666
8209
8083
8166
7208
8292
10000
8167
8792
7750
8084
9750
9917
9959
9750
8834
10583
9000
8083
10958
9292
10583
10459
12750
9667
10416
9042
7167
8500
9334
9083
9667
7625
7958
9334
10875
8375
8541
6959
11500
7708
9875
10500
9500
7709
9208
9625
13084
7958
10625
7666
10333
9625
9917
7709
8792
8250
8333
8458
7375
12875
7750
7250
7875
8125
8584
8375
11458
9209
8417
8041
8500
10583
7541
8375
7833
7833
8625
8583
10334
7166
10250
9583
8292
5000
11417
8792
7292
9833
8167
8917
9083
7500
11667
9583
10042
8667
7083
7959
9959
11250
13083
8125
11083
11875
10291
11458
8000
9250
10125
6917
11375
8041
8708
10292
10292
7666
12000
9834
9792
9292
9416
11709
8208
7125
7917
8000
9625
8375
7917
9875
7625
7916
9542
8042
10625
8542
7583
10500
9125
8792
10625
11167
8333
9708
9917
11041
8917
9834
10458
9416
8666
8292
10792
10417
11250
9166
10542
8875
8125
11042
11042
9042
7209
7500
8708
6750
8167
11667
8084
8209
9208
6542
8041
7125
9042
7084
8458
8250
9875
7167
8459
11042
7958
8041
10417
9416
9666
8625
6875
8375
8792
7750
9875
12542
7291
8875
8125
7916
9834
11916
7208
8500
9750
10208
11750
7583
8833
10125
8209
11083
9667
8459
11292
9875
10208
9625
9208
10875
7958
8250
8625
9500
7791
8125
10209
8000
8333
9708
9417
9583
8709
14375
11208
9042
9667
9959
8584
9209
9250
8666
9625
7375
11792
8458
7750
10375
7875
10459
10041
12459
7625
10084
12958
7333
11125
8083
9666
9542
7917
10167
8584
9083
9167
7917
7208
9125
7000
9375
8083
9875
9500
7916
10541
9000
9667
9708
9291
8041
9292
9583
10167
9834
9500
11042
8375
11917
13042
9750
10375
9750
8500
9416
9292
9125
8375
10250
9792
11917
9375
8875
9208
7667
8292
7625
13416
9833
10333
9000
8791
9541
8750
9666
11833
7375
6959
7833
10959
8417
8458
10291
8209
8125
10084
9375
9208
8708
8792
9750
8083
7250
8416
9458
9625
10250
9500
7042
9542
9542
9791
9792
9375
9625
10000
12792
9583
11083
10542
9625
7208
8250
14333
9875
9208
8167
7541
7916
10291
7417
9084
8333
9750
9709
10041
8167
9084
8875
9167
9333
9333
8875
11459
9958
9541
9542
11750
10333
8916
10583
10167
9750
11125
7375
6833
7458
8500
9208
8834
9083
9709
9917
10334
8917
9958
10917
12208
9584
8500
10708
8333
12833
8792
9625
8750
10000
8375
7542
8417
9125
10958
10417
9000
10209
8625
8875
7583
8375
7542
7000
8834
8875
6250
8083
8000
8167
7834
12791
9417
8791
10709
11250
9750
9041
8042
7334
8875
11541
13541
9625
8125
9125
9541
7709
10791
9416
8791
10084
7875
7667
10875
11667
10334
9250
10375
10750
7458
8583
10375
6958
8417
8416
9917
6375
8042
9583
10750
9375
11292
9667
9791
9458
9500
11250
10834
9875
9083
7333
7917
10167
9917
8875
10417
10500
9333
8209
9958
10167
8042
8875
8667
8584
7750
9875
9417
7958
8250
8750
7166
9083
11208
11083
11792
12667
10125
8042
8708
9333
12083
8125
9792
10000
10083
9041
9375
9125
9375
9125
10666
10459
8000
9125
8959
8583
9666
9500
10625
9500
9416
9375
10291
8375
8417
10667
978542
12042
9834
7541
9625
9625
10417
8125
7875
8750
14833
11375
8750
8708
8250
10167
13625
9459
7166
8500
7833
8083
7458
7208
7000
8417
8041
8792
7625
8459
9958
9584
8458
9959
8459
7959
7708
9041
9417
12959
9042
8042
10042
10542
12916
7750
8875
7875
9083
10833
7958
7959
11292
8167
9500
9083
8000
9542
9584
8875
8458
8292
7792
8500
12000
8042
9333
9167
8708
9959
9250
9334
9458
9166
11042
10292
8791
10500
9583
10958
9291
7125
6750
7917
9667
8042
8417
7167
9917
10000
8500
9458
11250
8083
9333
8875
10583
10000
10000
8709
8417
8875
9500
9750
8584
8292
9708
9625
10917
10584
10791
10042
8959
8375
10417
9459
8208
9459
11167
9000
8792
11500
9333
8125
11125
10292
9459
11500
8166
9250
7625
7125
7459
8334
7333
7708
9708
8375
7667
8209
8458
11250
10500
6500
8333
10375
9084
8667
10208
9583
9792
11458
8333
7584
9125
7584
9083
9250
9333
10583
8417
9500
9625
12542
7208
10917
7667
9125
8083
10042
9292
8917
9917
11625
7791
8958
10125
7500
9000
6834
8792
8375
11500
7166
8875
9541
9084
8208
7916
9750
7625
8875
10750
9958
9500
15333
7959
9875
9833
9792
8333
11708
13458
9792
9125
10250
9167
9834
7167
7958
8000
10958
7834
9708
10792
8625
14333
7209
10750
7958
12417
9584
8041
9250
8000
10583
9459
11250
9750
11417
7708
11542
9959
8958
10209
8792
10458
10959
11584
11958
11042
10833
7833
7209
7833
8000
10750
8375
8750
10542
10750
10333
10167
8042
7917
8958
6542
8166
7916
10208
7583
9583
10750
9667
11208
9375
7750
10125
9208
9167
8166
9458
7875
9000
7667
10458
9959
7917
9500
7791
9625
9125
10541
9375
9459
8459
11167
9084
8500
7375
8792
8916
10375
6958
8708
7583
7042
7083
14333
8167
10500
7959
12291
7708
8209
11041
8750
9166
9208
11583
8833
9042
7709
9458
8750
6917
10916
12125
8417
7459
8459
7791
9833
6875
8375
7750
10709
10250
11250
11000
7625
9125
9292
10625
9583
8875
10250
10083
9583
9375
9459
11584
11583
10292
8667
8042
8542
10375
7958
9792
9167
7959
10042
7042
10958
7041
8750
10750
7666
9166
12208
11834
9000
7167
10125
9083
10833
10125
7916
9666
9500
7084
9792
11542
8458
9625
9334
10541
8000
13125
12292
8625
11250
7417
6625
8000
8167
10708
8250
8375
8291
8417
8041
9791
9084
8375
9333
11792
8666
8250
9959
8291
9500
10792
7167
9292
8375
9292
8125
9792
8917
8750
12000
9541
9708
12167
11208
8208
8792
7583
9292
10458
8125
9917
9041
8375
10833
9292
9500
10709
8208
9250
10500
7125
7958
8042
7792
8750
12416
9875
7833
8084
10167
8167
7500
8542
8792
9375
10583
9584
9167
7667
10209
25750
11541
9417
9875
9833
8291
5833
9041
7250
8583
10042
8375
9375
9166
7375
9291
7958
8875
9958
10875
8458
7500
8083
8291
11500
10041
9583
10500
6875
10291
9334
7916
14583
15334
19208
13375
15208
11958
9000
9041
8208
7208
8333
9625
10417
10041
7958
9500
9250
9750
9708
7958
14584
9458
9042
9458
11625
9917
9875
11041
9500
10875
11333
11084
11209
11667
8542
8000
9084
8708
9584
7709
8875
9959
8750
9500
9041
5875
16458
16541
14000
17666
26792
1952250
16458
10666
8250
12416
9792
7334
12833
31208
33750
12291
11208
9583
14917
14458
10833
8083
9083
9333
11791
9000
9292
7416
7167
8917
8208
7250
13625
14875
9958
8709
8000
7750
13167
31292
31084
30167
15125
18125
11750
9541
15708
9834
8583
17500
11708
16041
11167
15041
12875
8750
8667
8292
8542
15375
20042
35416
14625
15917
10583
9208
9167
8750
7333
6583
8417
9166
7875
8209
9083
7542
8084
10792
8417
9541
9917
10500
7542
8166
8708
8875
7417
12084
8458
12750
16042
10417
15292
8667
8666
9291
8166
7708
9084
8917
9000
8791
7750
8000
8459
7000
10833
8583
9541
5041
8166
9083
8833
6917
9333
10167
8667
9500
10084
7000
8708
8209
8917
8333
7708
8458
7333
12083
9625
7667
9250
7583
7083
9541
8167
7041
11167
10667
10625
9542
9333
8250
9041
7792
15250
14542
7916
8834
7708
6875
8958
9458
8500
10250
6250
7917
8208
8958
8500
8416
6917
8292
7250
7209
9084
11750
8208
7583
11083
11166
9750
9042
11125
8875
9916
8416
8458
8417
9542
11583
7167
8375
8250
7833
8542
8875
8125
7542
10792
8250
9292
9333
7208
7666
8875
11584
8834
9625
9250
9916
10000
11625
10625
8791
9000
8125
11416
10292
7458
6833
8500
9334
8458
7250
9500
8292
7083
9166
10250
8875
9125
9500
10084
13208
7958
8583
8417
7916
9209
8333
10583
6833
8167
9042
9833
9958
9083
9875
6833
7792
10375
8208
7084
10000
8375
7916
8375
10292
9458
11500
10666
10125
11292
8333
11125
6792
7167
9459
9625
11334
10125
9292
8209
9708
11042
7875
11167
9875
9958
9500
12583
8834
10083
9209
10959
8834
8416
9250
8417
9792
9542
9541
8833
10208
9917
12833
9125
8333
7500
9375
9750
9834
14125
10750
15667
13917
22250
8833
28750
15167
17083
32625
13417
9958
8458
7917
7167
11041
9416
8084
8166
6625
6541
6542
7333
9000
6125
9625
8458
7250
9417
10875
8334
7584
12083
8208
15292
28625
16250
11875
15042
12917
33542
31417
15166
14625
9917
31333
16000
8375
7708
8417
7625
7584
7584
7000
9291
21167
17000
12500
9292
8917
10542
11875
9625
11250
11125
15208
8125
10625
8750
13875
11542
9625
9500
9625
7750
9083
8917
8000
8666
9458
8708
1198375
9083
9084
10333
10750
8959
9167
9833
7708
7166
7250
7334
9625
9583
10459
8209
11166
9958
9542
8417
9458
8166
8500
9209
14583
10791
9333
9750
9541
9459
9792
9125
8042
9209
9375
10708
7667
7958
10125
10542
9125
10833
11458
8875
9209
7958
8875
10916
8917
8584
9625
12209
8333
8542
8667
13083
10042
9958
9000
8209
8250
13833
9000
7625
9000
9542
9542
9500
10958
10416
8583
8209
10458
12500
9625
11000
10375
8167
8209
8792
9708
13000
9000
11458
8542
7834
9541
9291
8042
9250
6750
8000
8875
7583
9625
11541
9334
8541
9375
8625
9667
9292
9500
9542
7792
8166
9625
28125
18625
30167
21125
23166
18458
28500
15417
12583
10750
14417
13500
12459
9542
8667
7875
12250
8375
7708
9042
8792
9916
10416
9541
10042
10416
19291
28458
12958
25583
22917
12834
32125
20625
15250
33417
20125
9792
14208
10292
13208
13750
12542
9375
15083
13417
11959
8625
10625
13000
16959
10375
9792
9125
8625
10292
7834
8833
9583
6959
6917
6750
7833
8709
7667
7667
7875
7042
14833
10583
11792
8750
16792
9625
12583
17750
20000
11458
8125
11875
8750
8625
9750
9500
9167
9541
9334
9666
9166
10209
7667
9083
9333
8917
8375
10875
9416
8708
9208
8750
7458
9625
9958
8916
8417
8334
9625
8500
9167
9666
9625
10500
10125
7791
9542
10792
9208
8666
9375
8833
11208
11791
9208
12834
9250
11709
9625
8750
9875
10166
8583
9500
11375
9375
12792
6917
13125
11334
9375
9292
8416
7292
12333
8750
8500
8625
9833
9125
8750
7708
10625
7541
8334
11583
11958
8917
7917
10000
9375
8750
8958
8666
12250
9416
9375
8750
8625
11458
8125
9583
9792
10167
7166
8333
8208
9250
9833
11917
7792
8459
9292
9583
8583
9292
9417
11334
9000
9375
10417
8833
9625
9333
9084
1273375
10834
11875
10959
8959
10208
9791
10292
7375
8792
8666
7958
10416
9250
9459
9042
9459
10625
9583
9541
8875
8000
9750
9667
8292
8167
11250
9333
9417
9666
10208
6959
8708
9000
9334
9291
12292
9792
9209
8875
10750
9542
8542
10916
8334
9917
9041
10125
8875
11250
9167
9542
8708
8375
9875
7250
9666
8208
10792
9416
10375
9208
10583
10542
8750
9875
8458
10500
11250
9750
7250
8916
9042
11125
9583
9375
8833
7000
8750
10625
9792
8416
10667
8667
8625
9542
9542
8875
9833
8584
9458
8542
9541
10541
8333
9292
11417
9334
9209
10667
9166
11250
8750
8750
9000
8583
8292
10958
9125
9959
8375
9125
10667
10709
9041
8667
8667
11000
9583
8459
8625
9167
8417
7042
11459
11042
9209
7417
8625
9292
12000
6666
10166
9292
9083
9458
9333
9792
11625
8750
8666
9875
10334
11958
9292
10000
7875
8042
9333
10583
7666
9250
8916
10083
9333
9416
8417
9084
10958
9166
7708
9042
9709
6958
9333
8625
10583
9125
9042
8542
8167
10958
9208
13750
9542
16625
9208
10875
8375
8167
9208
8042
10000
7708
12291
9125
9334
8583
9417
7375
9042
9417
8333
8166
6958
9250
11833
10750
9084
11333
10709
9666
9041
7292
10958
8667
9791
9542
9625
9541
8750
8834
10458
9917
12375
9791
7625
9792
9250
9458
10041
9708
9583
9834
10833
9833
8750
8792
8667
9542
9708
10250
9375
6584
9875
10125
8625
8416
11042
8834
11917
13167
7875
9333
9375
11625
9500
9667
10792
10875
9125
8250
9500
10292
8208
9583
6333
8916
9500
8500
8292
8750
8084
10625
9292
7334
9541
9083
9917
9333
9209
9750
10208
8958
8667
8958
10375
11000
11000
7416
11667
11000
10792
8666
9000
9125
9750
9291
9708
6042
8500
10166
10417
10458
9041
7708
9708
8666
8250
11792
8833
8500
12875
8458
7417
13416
8542
7709
10000
10083
9041
10083
11459
8917
14209
10166
9416
9792
9958
8958
9208
9833
7625
10000
9959
9167
9708
8209
10834
9417
10709
8083
7083
8584
9042
9166
10375
10542
9709
9209
8708
9916
11375
8292
10834
8209
11500
11458
8958
10666
9125
8792
8125
9333
8750
12625
9042
17500
7958
9292
9667
10292
8667
8500
8875
8584
9791
7375
10208
9166
9792
10042
9666
11250
8875
10125
9875
8875
8750
10084
7166
8834
13041
9375
10209
8083
9542
9250
9000
9917
9833
8500
8209
7833
8417
11375
10208
8625
8083
9416
8917
9041
9541
10167
8625
10083
8000
9917
9958
11792
9834
8750
8625
9875
8792
11125
11041
8917
10584
8666
9791
8625
9875
7042
12292
11375
8875
10167
9542
9333
9417
10334
9833
10500
8167
11584
12125
16875
11333
9792
11834
9250
8917
9583
10167
10042
8833
10500
8750
9625
11416
8708
11750
9417
8875
9916
8917
10333
9084
9417
9625
9917
11041
9208
11458
7917
12542
9041
10584
9708
11416
9584
8667
10209
11792
9916
11500
11000
9584
9334
9875
9583
8875
10833
10667
10250
7917
9333
9375
9750
9209
8917
10375
10000
9417
9458
10542
9583
9500
8459
9083
9459
8125
8917
9583
8834
9292
10750
10834
7791
9167
9709
9333
11000
11917
8042
9084
10208
10375
9750
9709
10125
9083
7542
9333
8708
9708
7667
8375
9833
8334
8000
8959
11625
9709
9792
8750
12417
10125
9167
9750
12167
11459
10000
12041
10333
10209
9333
11292
11917
12125
8500
11750
13458
16167
12125
11708
11667
9292
25208
11750
10417
11417
11917
11000
7833
12209
7750
8375
7208
8625
12000
11333
11459
11208
9459
7291
11500
12042
13042
13167
11125
9750
13166
9625
11791
12083
11458
10375
13459
11584
9625
13042
13250
10167
11417
11625
11167
11416
12375
10250
11208
10708
11292
11542
13167
12125
13417
8166
11834
12416
12125
11584
13250
11375
13250
11458
10542
11000
11208
7375
6542
7625
10834
7625
13042
9833
11834
9792
12292
14000
12041
12000
10084
13042
12041
8417
9791
8542
8667
9042
10834
7083
11125
12458
10875
11209
8167
9792
11667
10334
11667
11542
11500
12167
7583
12167
11666
12208
11084
10750
7458
11959
12083
9250
13000
11417
9375
12959
9875
7333
6833
10209
10750
10375
12500
12166
11500
11375
10167
9917
11000
9333
11875
9083
12583
10250
11083
12500
7625
8875
13292
13000
8292
11667
11709
11917
11625
11541
11500
8208
7834
12875
12875
14166
12333
11500
11208
11333
7792
9417
13250
12834
11333
7791
10708
11208
11250
13125
11750
13458
7791
11958
10458
13583
10084
12458
11875
11958
13584
12083
12167
10750
8875
8667
12625
11333
9584
10167
12833
11625
9875
10000
13208
11458
12334
10500
12709
11750
12250
6583
9417
14917
10417
10750
9916
8667
8458
9125
11250
18416
11208
14166
8542
10167
8917
11292
11125
10375
7875
10834
8750
13875
8917
12792
12833
13000
25166
17458
14042
12875
11125
9958
9375
10667
11416
11625
9083
11792
9209
14875
10125
26542
13666
11958
8167
5208
13375
10166
11791
9708
8875
10125
11750
12083
9084
10667
14542
12000
5375
11084
11958
7666
8000
7208
12084
9750
7250
12208
9917
11417
6958
11458
11417
13375
11375
8000
12083
15917
11459
7125
11792
9583
10458
11625
11834
11917
6834
11292
8666
11791
11625
9375
7667
13083
10500
10500
9667
11416
8334
7875
11750
10584
9708
11000
9542
11542
12209
11916
11292
12042
8708
9000
12041
11417
11750
11417
11583
7958
7458
13125
12250
9334
11291
9709
10667
11167
8750
12667
14625
11041
11125
11916
9875
9125
11583
11416
11250
11708
11083
11958
10333
1512208
12042
13208
11625
12083
11709
10250
13250
14708
12584
12209
10375
11792
12750
9708
13125
11583
13000
10709
8208
11625
10750
10292
11667
10833
12208
12500
9000
11875
9291
8958
13417
7167
7958
13250
12625
13459
12334
12125
11584
12333
8125
11833
9666
12375
7833
13958
11750
11542
8125
11708
11209
11958
10917
10209
14167
11750
11708
16084
11875
11167
13250
12625
12375
12333
11666
8459
11916
14834
7125
11625
6583
11125
11833
12959
10042
11458
7875
12000
9125
9375
8208
11875
11709
11125
6750
14500
12917
10917
12667
12792
11875
8333
9667
11708
14459
12292
11792
11500
12084
11291
11333
11208
11500
8041
9125
9292
8334
8958
9541
12958
9625
15375
17500
12750
11584
12000
10875
12041
10792
11125
12333
11416
12708
8917
10792
11166
12167
12542
10625
9792
12334
10833
10667
10458
23125
13208
12333
13375
10708
7833
12958
7666
7875
11459
11958
11750
8666
10333
10917
12417
9250
12000
12084
18042
11833
12750
11917
21125
15292
12334
13000
11916
14083
8208
12459
6750
11792
11208
8750
11917
7458
11792
8292
13000
12791
14541
10208
11625
8042
8208
11042
7833
9458
10417
11500
11667
11709
13708
11708
9584
6792
11000
13000
7708
20917
12791
11958
13417
11958
13250
11625
6875
11500
11958
9541
10459
11833
11500
11417
9500
12084
11542
11333
10250
10458
12291
6833
7417
11583
11542
13000
12208
11334
11500
9083
10125
11375
12083
11959
8375
11875
7583
9041
11167
6750
11792
12292
7542
6458
7583
14708
11000
11459
8708
11667
13417
11541
10875
11083
11500
11625
8084
11792
9750
8000
12959
9500
12208
12959
14917
12292
12167
11750
9916
11667
8125
13625
12250
11459
9542
9208
7959
7708
20458
17125
14250
10083
11375
11208
11750
11209
8084
12125
14167
11500
10583
8708
7917
12167
12208
14584
11958
11250
10958
7042
15292
11416
12042
11667
12625
9459
9667
12208
12625
13417
11125
7958
12291
11917
8167
11625
10500
15709
9417
7833
11209
11625
10708
11417
11125
10625
11458
8917
6750
7917
10625
11209
7833
7459
10875
10500
10959
11125
11166
10250
11666
12250
11209
7000
11875
10708
10209
9375
12083
11834
11000
11291
12333
12583
11834
11625
12000
12416
8875
11792
9584
12750
11084
12125
12166
11458
12250
10459
11833
12042
6875
12208
12042
12458
11250
11458
10791
11666
8542
24417
15792
9416
10167
10000
8584
10625
9625
12167
12250
13000
7792
11500
11375
12125
9666
13209
9542
11416
9625
10000
11375
12708
15083
10750
11042
11125
14792
12417
12000
7375
11583
9666
11625
11833
7708
8167
9375
8084
12083
7791
11291
9709
12875
11833
11584
12084
8666
7583
12000
6750
11291
12042
14250
11625
11750
7834
11166
10500
10667
8000
10416
10125
10792
11584
13375
12083
11958
11833
12625
11334
7958
7458
7041
8042
11792
13125
11042
12542
15208
11792
9209
10916
9125
11250
11625
11375
12041
7458
7375
12417
13167
12167
11666
11708
11166
12916
11834
12125
7542
11583
10750
10791
7959
14000
11500
11708
11750
11584
10584
11167
10500
11958
11917
11500
10666
8083
13500
12125
12292
13250
12542
12084
10583
12416
11125
11666
12584
6958
11541
11583
11709
11625
13042
12250
11291
10167
11958
7750
11792
8709
11542
11667
11916
11000
8583
12459
10875
8917
11584
11792
10083
11459
10666
11209
10250
12125
10084
13250
7750
1636083
10958
1635083
10000
12333
13416
11459
11875
13375
12709
10542
11917
11667
7000
8917
12708
7750
11083
11333
12417
12000
12041
13125
9500
8334
12084
11292
11750
7541
8292
9334
11875
8250
11709
9917
12250
11583
11125
12208
14666
11791
9792
11791
9334
13959
11833
11917
10875
12792
14625
11625
11875
11542
13459
9708
11917
13458
11625
15541
11042
7125
11833
12417
13167
11625
11083
12125
12833
12417
7959
11958
8666
12625
11084
9959
12292
10667
8208
13208
7708
12333
12291
5834
11583
12167
11333
8500
11250
11917
12167
11416
9500
11541
10125
13166
11417
12291
12333
8792
9666
10125
12583
8292
10042
6875
11042
11958
12583
11500
11958
7458
7292
13292
13042
11583
11666
11708
10208
12209
11833
10708
13167
12125
13208
9875
12458
11083
11833
13459
13625
8666
11334
10917
11667
11458
11959
11750
11791
11750
8750
11833
11584
10834
11375
11666
12875
7541
11250
10333
7416
12792
11667
11583
12916
11792
11917
9250
11375
11334
12167
11625
11917
12083
11416
10167
10250
11500
6291
11916
11916
12125
10542
12333
10375
8084
11667
8750
7917
8000
8958
13584
12541
8542
11292
11708
11000
12125
12041
11666
11500
12166
10541
11833
11583
11209
12500
11417
9750
11250
11292
11625
7375
11333
12208
11625
11500
12875
12292
12250
9250
11417
10958
11958
13333
10625
11333
9792
11833
11291
13083
11875
10583
11750
11583
7833
11750
11208
13000
13542
13959
8084
7167
11542
11875
11625
12500
12250
11167
11583
10083
11083
13250
9625
11625
11750
11459
12000
10042
11750
11458
11458
11167
11167
11750
11708
8500
7250
12417
12792
12500
12208
10584
11959
10625
10541
10750
11709
9625
10250
10458
11250
11417
11958
11333
11375
7625
10750
10625
12625
12959
6875
11208
9125
7875
11000
9750
12584
13417
13583
11792
11708
12000
9125
10834
10667
9375
10500
7791
8000
11375
11625
13709
8250
11833
11875
10750
10666
7417
11833
8125
9917
12583
12084
15708
11917
11708
7083
11875
10917
8208
6917
6500
12083
12334
11458
16458
9750
12917
12500
12000
12208
8750
11750
10792
10375
11584
11625
10750
12334
11625
10917
14042
12209
8041
11667
6625
12084
11833
10958
13166
12833
9500
12333
11959
8000
11459
11625
9667
8125
11542
11625
12416
10791
11791
12667
12417
11875
12083
12542
10084
11541
8666
12000
11958
9541
9833
9208
9958
9583
9000
9625
10584
9875
7375
13458
12209
10584
6166
9709
9709
9500
8959
8375
8667
10000
9792
11583
9625
9750
9458
11209
9042
9917
11625
10334
10584
10208
14875
11792
7042
12333
11833
11917
10000
15042
13334
10750
11375
11375
9292
8625
10334
10875
10666
8750
9459
10500
9791
10709
10292
9833
9417
10208
10334
10250
10958
9833
9917
10000
11375
9417
8125
10041
9417
10000
10125
9417
12917
9792
11375
9875
8666
12208
9708
10375
9667
9958
9666
10083
9834
9792
9625
9417
10041
11833
9625
8792
10542
10291
9625
11917
10083
10042
10042
9500
9625
11875
8709
9084
9417
9541
9834
5708
9708
8792
12042
11333
10291
11583
10958
8333
10708
9667
9250
11125
9375
8375
11500
8667
9584
8333
9709
8708
10208
8417
9417
9083
8542
9625
9042
7875
10833
9459
10500
9750
10083
8333
10500
8333
9209
10166
8541
11625
16542
12875
14625
13750
10834
15083
28958
11542
9875
8750
13459
15125
14458
9750
9875
9167
12417
9375
10167
12584
10667
9500
8416
8959
10208
10875
6750
7791
8917
9583
9375
10000
11167
8541
9500
8167
7833
6833
18458
11250
14458
15292
12250
11833
11750
9125
8250
9917
11958
9000
15292
8625
12416
9375
11375
8042
10625
14584
24750
16250
11708
11083
8709
7292
12625
14041
13083
8459
9208
10084
11291
10083
10625
8459
9500
8542
9417
9875
8750
7708
10125
9333
9417
8458
9667
10666
11166
9583
9000
6917
9459
9292
9917
9125
9416
8625
9416
9042
8041
8125
14834
22958
15417
10292
12083
13167
9375
10458
10375
9875
9541
11459
9667
8625
9417
9375
9459
8167
8792
7500
8875
9417
9709
8125
8417
9417
7375
9709
9500
9708
8542
10541
7250
9417
8709
9250
8791
8791
13041
8625
8708
8833
11666
9000
9708
7083
10500
7958
6292
10500
9458
9334
9541
9500
10708
9417
9000
9250
11000
9375
9125
9958
10625
9542
9292
8166
9458
10042
9250
10583
9250
8667
11292
10250
7000
6792
11917
10542
8542
9042
11291
8084
8500
8917
8667
9333
8792
9209
9125
10833
10291
7042
8917
9583
8334
9875
9583
9708
9792
9166
9500
6583
9125
9041
9375
10500
10791
11709
9709
9625
9667
11083
7833
10125
8459
9625
9750
9667
10666
9458
10209
9708
10166
9500
8916
12917
9333
9417
9875
9875
10333
12958
8833
10583
8583
8708
9334
10375
8292
9500
8167
10458
8875
12875
11416
8208
10875
8791
10708
10000
9083
11000
8416
10625
8459
8958
9417
9750
9250
11625
10500
9292
7834
12208
8375
9958
9792
9708
9666
10041
9291
9750
11375
9459
10125
8458
9625
9917
10333
9375
9791
8458
9208
10208
9583
9083
9709
9959
12209
12458
8792
8750
9167
10375
8792
9500
8584
10208
9875
7750
9958
9750
9708
8167
11667
10250
9959
8209
8500
10708
8625
9500
9625
8000
7208
12083
8459
9125
9084
9625
9375
9333
10291
9959
10125
7833
11167
9375
10333
9833
7584
8542
10459
7667
6959
10958
9250
10500
8292
9792
11333
8292
9833
9709
8792
9583
7959
10750
9958
9000
9375
10208
8834
8417
11167
10000
9625
9042
8834
9250
9208
9667
10250
9625
7667
8125
10250
9792
8750
9417
9542
10500
9333
10500
12375
9500
13416
6666
13167
9333
9792
7542
9917
5625
13917
14416
9042
7917
8709
9833
9333
8416
9917
9709
9208
12333
10291
8625
9500
10000
8875
10625
10792
8791
9584
10958
9834
9792
8209
9417
8583
12250
8750
7125
9792
8875
9791
9250
9000
8916
11167
8625
12583
9708
9708
9334
9584
10500
9333
8666
8875
8458
9209
9792
9958
10500
10042
10583
9625
8542
9167
8667
12542
9625
10500
9625
9708
10375
9042
8208
9125
8333
10334
8250
10333
10583
8750
9250
8458
8458
8667
9542
8084
9458
10375
9458
9250
10875
11000
10125
9500
9458
8042
10000
11000
10083
9875
11084
7917
8958
10416
7833
9709
11458
10458
9500
10833
9458
8209
10750
8875
8917
9375
9708
9167
9709
10666
9167
9500
9750
10917
7958
8125
8875
7166
10500
8291
10625
10000
9916
10708
10500
8167
8750
10458
9375
8584
9333
9209
9458
9791
8625
9500
10333
10125
8375
10500
8958
9792
9708
10000
8583
12500
10583
10084
8667
9542
6666
7667
10750
9709
8667
7959
10125
9459
8875
8375
10291
12625
10959
8084
9125
9459
12833
11750
9875
9417
10250
9667
9708
9584
9750
11208
9584
9625
9458
11750
9958
9875
6750
9292
11083
7125
10708
8833
9375
9666
8709
8584
9625
9709
9666
8208
10792
7625
8292
9583
7542
9708
8458
9542
9792
8250
10875
11041
9333
10334
8375
10500
9916
11084
9666
8750
10875
10250
9708
9417
9667
10250
8375
7875
7667
8542
7792
10125
8375
9791
8792
10875
8333
9000
9750
11250
9667
8791
8584
10750
10291
10875
8459
10000
10208
8750
10209
8875
8167
8209
10500
12334
10209
9625
8625
11292
8083
8708
10500
8125
11000
9833
9500
9625
10500
9875
9792
9583
8750
9166
9333
10000
11167
6792
9083
13417
9417
10750
10125
9667
10166
9042
7875
9208
9541
8791
10291
9500
9541
9667
9584
10000
10209
9500
8500
10750
9625
9625
9666
9750
9291
8250
10958
8584
15625
9792
10083
10250
9500
10250
10917
11458
10958
10584
13833
8625
9334
9916
8583
9542
8625
9625
11166
9459
10333
7292
14333
10375
10917
8917
10292
10791
10667
10625
9292
9625
8541
9958
10042
9791
8500
10459
10000
10750
11167
8500
16209
16584
17125
12959
9250
9916
8750
7084
9291
14916
9542
8750
9167
10000
12042
11167
8791
10583
10291
9208
9083
8625
9875
9542
10875
10416
7750
16250
9000
10834
9042
8583
9291
7042
10250
8917
10542
8167
7958
11291
9375
7334
18750
14375
13708
10042
10000
9250
10209
10750
7791
13750
8834
11291
8916
9500
11792
10834
10166
9083
10125
10084
10166
10041
9708
9625
11292
9041
31333
12250
10667
8291
9250
10500
10416
9625
12042
9750
8709
8459
9542
10625
10541
9584
9541
10667
8667
13250
9375
10750
9625
11459
11084
7708
9416
8333
11125
9791
9042
9583
8625
9375
8625
9250
8708
14417
8042
9583
10458
10833
10000
8958
7959
10625
9833
10500
10625
10042
10750
11625
9917
9666
8416
10208
8542
11250
10042
13084
8625
7792
9250
9292
11083
8000
13583
13000
8875
9916
9583
8666
8708
10250
10250
11291
11042
13542
15417
16791
11375
10667
15833
16125
10250
8417
9208
10375
10667
10583
10750
9334
8958
8916
7625
9416
8917
12167
13541
8000
9875
9750
13959
12291
9500
8833
8833
9542
8542
6500
11875
12000
11041
9750
13167
15584
10416
15250
12167
13084
9167
8750
9375
7916
9334
10584
10000
8541
7208
10042
9458
9375
8750
13042
11083
8958
10583
7584
7792
7167
8375
9333
9375
10542
10041
7083
9833
10792
9750
9250
9500
8166
10167
7417
10917
10250
9500
9958
10584
8125
8209
9917
10000
9042
9541
10916
10042
10416
8709
10041
10750
10750
9458
10667
9458
9625
7250
10250
10292
10375
8625
9583
9000
9209
9334
9000
8792
9833
10125
11667
8666
9792
8792
9917
8958
9625
8584
11333
9416
7250
7916
12334
8667
9500
10625
9000
12625
10792
8375
10208
9375
9125
8667
10125
10833
1987541
10500
8333
9125
13459
9750
9208
10041
8500
9666
8958
8625
10000
11666
9541
9375
9250
8166
10042
8667
9500
9584
8958
10667
9084
11375
8083
7042
8125
9708
9708
8583
11625
8167
9125
10333
8958
9625
9042
9666
10042
8708
9292
11917
8917
10750
9750
9125
10042
8333
9583
7583
8875
9375
9542
10250
10083
9958
9958
9417
9875
9709
9125
8334
9500
9375
9083
9250
9834
9750
10417
7916
13250
10792
10792
10542
8250
12792
9334
8792
10375
8500
9709
9458
9708
12583
9084
9625
9292
10250
11083
7958
12084
11541
10166
9833
9417
9250
8000
12042
9709
9875
10792
11625
10792
9583
11416
11167
8958
9792
12042
10750
8500
10333
8333
16167
14917
11666
10125
9042
9500
10000
7708
8500
9041
10833
11000
11333
9667
11500
9875
9875
9750
9083
9334
9958
8209
8833
9459
7791
8625
11292
10250
9125
9625
9042
8583
11459
9459
10583
9542
9375
10583
14167
12625
11500
13167
12791
14667
12792
12458
13042
11333
13792
16791
16875
11667
14500
12083
12791
11792
12625
9875
10875
11625
13334
14541
12834
12750
10917
12417
12292
9458
13792
12958
12875
10708
12417
10041
13709
10458
9000
9875
8583
9708
9792
9625
8834
9417
9416
8959
10875
8334
8750
8958
7333
14916
13166
9625
8000
8000
10000
7417
7625
18167
15709
18584
14625
14459
11625
15250
13000
9958
10334
12750
10750
9292
8292
11792
9125
9583
9042
9667
7208
10958
10333
12125
11458
10625
8333
11084
8833
8917
8042
9083
7750
8458
8750
8583
7875
9792
10500
9500
8417
8917
8833
8458
10500
9041
7875
8292
8333
8125
9958
10500
9500
8708
10750
10000
10167
8542
8416
9125
8125
10750
10291
10542
9375
10208
7375
9125
7000
16375
17500
13500
18167
11583
13042
10958
10208
9083
10625
13625
10334
9125
9834
9541
8375
10375
9417
8583
10000
9583
10000
10042
12541
15292
13542
13291
15416
11625
11292
8375
9500
8708
8625
9000
9417
9375
8959
9167
11208
16334
8333
7500
11709
11875
11542
12791
11125
9333
9916
10458
10959
8042
9541
9375
11208
9291
9334
10334
10667
11458
9709
9375
9584
8125
8917
8750
9209
9958
9792
7500
8542
9958
10125
9666
9458
8500
9208
9834
8541
9834
8875
9666
10791
9875
8666
10125
8333
7791
11042
7000
8750
14083
13417
15084
13292
13000
14667
13375
17000
13375
13500
10000
10750
8583
11292
9625
9541
11042
9125
9208
12125
15458
13417
14417
12625
14333
14333
12792
13208
14916
12625
16083
13500
16458
11583
13750
10000
13709
8750
12584
13000
14667
15125
14667
15000
12292
15625
13875
13958
14083
12958
13708
14125
12375
15000
13041
12208
14458
13833
15250
10917
13250
14583
15166
14667
14584
14583
11833
13292
14417
15292
14334
13958
14708
15042
15459
13792
13791
14166
13791
14125
13208
13750
14250
13917
12792
12875
15333
11667
12000
13125
12500
14500
14333
13583
14750
13459
8834
14083
12542
11125
12250
15166
11791
13667
13167
12042
16208
14959
9792
13167
10834
12833
13375
53500
14792
12875
15417
11958
12750
12958
15208
13459
9209
12167
13625
12916
10334
14417
11958
12500
13792
13333
12375
11083
10334
11791
7375
6458
15208
13917
9500
12209
12292
13833
11834
13167
13834
13709
12875
12708
14166
15708
14875
14625
16167
13666
15125
15042
14875
15125
13042
12292
11875
9292
9917
12083
8875
10666
10625
8833
7500
8875
10084
9917
7792
10042
9125
11292
9500
8459
8000
10458
9875
10875
14375
16417
12500
12166
15000
11625
8708
9041
9209
10209
8542
7750
9709
11709
10750
12250
10250
10709
12792
12541
14500
11750
14333
12208
10375
9542
9125
11666
12208
12125
11667
10333
9125
10458
8917
11125
11042
9250
7667
9375
9958
10625
10041
13708
9666
12459
12250
11334
9125
9208
9375
9542
9791
8167
12292
10583
10583
11250
8625
8542
8375
9084
11666
11667
14334
12000
12792
12167
10625
10792
9833
10666
9792
8875
9042
8500
8333
8084
9000
8125
9250
11875
11750
11292
11083
12708
11166
15458
12250
12208
10875
12125
9458
9250
9459
9500
8542
9750
9875
10250
10208
9375
8708
8750
9500
10208
9459
8667
9417
10333
14500
7958
8875
9834
9458
8750
8542
9042
10084
9292
8625
7083
9833
9916
8625
14625
13792
11959
11000
9167
11417
8583
8583
7375
9000
9458
11125
9917
10209
9375
9750
9792
9083
8917
10791
9708
9292
9417
9625
9833
11667
9375
8542
10750
9708
9333
9375
9500
8625
10666
10209
8416
10125
12875
12500
10375
10291
10875
8791
8083
7500
10333
7708
9500
8208
8875
9584
8375
10083
8041
6833
8167
10292
10458
9667
8458
8417
10167
8791
9292
8000
10333
8167
8583
8209
9375
8292
9458
7958
10666
9250
10167
10916
10125
8875
9542
9208
10709
9709
9708
8875
10584
9584
8875
9292
8625
8500
10500
12833
10334
10042
10667
8458
9750
10875
8500
7125
11167
7875
7750
11625
9750
9959
11291
8167
10125
11250
7708
9541
9000
8917
9459
10209
10875
11208
6916
9750
10667
10750
8625
9667
9583
13291
10208
11292
8709
10500
8500
10416
9250
8833
7625
9834
8375
9708
7875
8709
9750
8375
9708
9416
8125
8500
8958
8833
9375
10625
8875
10333
9083
8000
8500
9416
9792
9209
9625
9584
9625
14167
11500
12125
10458
10875
7042
10375
10875
10500
11667
9334
9959
10000
9250
10208
10584
9709
10416
9541
9208
10583
12000
10084
9334
11625
8417
10834
9708
7958
9125
9541
9125
8708
10375
13583
9833
9209
9334
9375
8166
8917
8208
10583
9166
9292
8625
8542
10083
9916
9291
9542
9709
8958
7334
8291
10083
9834
6708
9000
8833
9125
10000
7875
10584
9584
11917
10416
10667
11458
8500
9250
8958
8791
9500
11667
8625
7666
10625
8500
7958
9000
11084
10916
9791
9458
9125
9209
10625
9334
8000
8542
7875
8083
11125
9708
9083
9375
10167
7417
13083
12125
8958
11792
9208
14834
10333
11834
11417
9250
8584
9542
8750
9292
9750
7458
13000
9167
10584
8792
9959
9708
11000
9375
10292
13375
10208
7333
8958
8042
10083
8167
7792
9208
9458
8708
8375
8417
7750
9708
10125
9250
8959
7833
9750
9500
8334
8750
8791
8667
8458
9916
13459
11084
7125
10250
12833
15041
10417
10750
9041
9334
8958
9250
9875
10292
8334
8333
10500
11750
10875
12750
8875
9959
11083
8500
9834
9792
8125
8875
8542
8708
10500
10250
9292
8750
7667
7709
10125
9084
8917
8875
11583
8875
9167
9417
7750
8083
9625
7833
9125
8875
8833
8125
10209
8833
10042
11125
11167
8083
10000
11875
8208
9042
12875
12250
9042
9583
7792
8875
7666
7625
11459
9959
10250
7459
11708
13375
10958
11333
9709
10292
10084
10167
8500
12750
10083
8250
10958
7542
14667
12417
13792
13125
10583
9958
11959
8417
9458
10292
8125
9209
9209
11667
8208
11208
11292
9375
12000
9333
9084
9541
6791
11083
9834
9500
8208
9542
9167
8625
9333
10834
8959
9250
9875
12083
7667
11083
8167
11875
9916
9084
8916
9625
9500
8541
8625
8833
8459
10791
10750
7666
10375
8708
8625
8250
9708
9834
9458
8042
8916
7208
8209
9291
9208
8666
9625
8333
8792
8750
7750
8000
7167
8833
9417
10375
9667
10666
9208
9500
10417
9583
10625
9292
10708
7042
8458
11959
11583
10791
11375
10792
9417
12000
8375
10041
10291
13083
14458
12000
11250
8625
12292
7625
9500
10667
11375
8000
9125
7709
14042
14416
12833
10000
10584
9750
13000
9750
8583
8834
6750
9375
11459
9583
10542
9625
10417
9667
15334
8584
10250
8916
12750
8417
11292
8042
8625
10083
8291
8209
10666
10625
11167
9209
8709
9792
10416
9250
9792
10375
8208
10208
10958
9917
16833
14958
13333
13375
11667
10667
9875
13792
10708
10875
9542
10833
9833
10750
9792
10000
9375
10041
8584
12500
12041
10833
10166
10375
9500
9542
7459
8083
14167
14917
10708
10333
11750
9833
8167
10125
10791
9709
9292
8042
9209
8500
7541
9917
8208
10458
9583
6625
9125
10333
8292
9208
8542
9042
6250
9792
9042
11167
10833
9375
9500
7000
9125
10000
9583
10541
9917
10958
12000
13042
8208
8875
7750
10750
9250
8875
9750
8916
10958
9166
10167
11250
10958
8458
10208
9667
9791
8125
10542
10084
9375
12250
9750
9792
9875
9750
10083
9917
7084
8791
11292
12667
9250
9458
11083
10667
10375
10750
8750
9334
8625
8791
10875
10250
10167
10459
10916
9958
9875
9834
7417
10166
9000
9167
8791
9209
9333
9958
7833
9333
10667
10041
7875
10541
10917
8084
8125
9250
10833
10000
8833
10750
8291
12875
13333
11750
8708
8417
8708
8458
6583
10292
9834
8042
7792
13083
10666
11042
8959
10500
10666
9125
9834
8625
8834
9209
10625
12959
9375
9916
10042
10083
9417
11542
9834
10750
11459
8708
9583
11917
9875
9584
8375
9208
7750
9125
8084
9750
11958
9375
10167
10083
10000
14084
11291
9500
11500
10167
9709
10167
11500
8417
10292
12125
9500
9750
10709
9458
11208
9542
9625
8667
10708
9708
9792
10000
10083
9042
10084
10000
8709
13084
9167
9750
8541
10084
10709
11584
9709
25292
12791
22459
13250
10750
15750
14750
16125
14750
12500
7875
10042
10542
11334
11834
10708
13916
12291
11500
10708
12708
11666
13167
9958
9375
9333
10334
9000
9625
10541
10666
9458
11625
8292
9709
14667
9916
8666
10459
10083
8375
9291
9000
11250
10333
11667
8542
10542
11250
10250
14375
15292
13875
12833
16959
15458
13625
11166
10000
11083
8083
8292
8625
13583
14708
15375
23250
39917
13083
10416
12417
20750
29208
25917
17875
10750
13584
9917
8292
8959
9584
7333
8542
10916
28000
12125
13000
10584
11291
7750
10292
9584
15709
14917
12167
11541
13167
11750
11250
9125
12250
7875
8667
10250
9708
8167
9625
10333
8750
12167
12500
8958
8125
9958
9750
10084
9667
9542
11958
11208
11459
8875
10541
11375
8375
8708
10209
12541
8458
10625
9875
9541
10916
10917
12958
9583
10541
8125
8042
10916
15125
10083
8708
9209
9000
11333
10208
10667
9041
11417
10458
11208
9208
9875
9334
9042
9708
10916
11084
10875
10125
11375
8625
9792
11375
9750
8500
9458
9583
10208
10291
11875
11375
9417
10791
8125
9042
7542
8291
12458
10834
9916
10375
7958
7084
7416
9917
10667
9083
11042
11416
7667
7208
9291
9208
9417
9000
8875
9292
9917
9792
13209
8834
10292
10667
9042
10083
9791
9667
9250
10875
8584
9750
9125
9916
9833
9625
9667
9416
10084
11417
9333
12542
10083
8875
9083
9209
12041
10208
9916
9750
10334
10416
9834
10125
8917
9125
9959
9333
9958
9209
9667
10500
11833
11000
10750
8375
7916
9084
9709
10709
9709
10167
8875
8916
9458
7750
11458
9667
9625
10834
8833
10625
8416
11833
9917
9041
9834
8417
8167
9833
9291
9875
9125
13500
9875
9750
10500
9583
8458
10583
11375
10292
9667
9666
9666
8917
9750
9708
9917
10000
9541
9750
10500
8625
9125
8209
10000
11208
9458
9666
11209
10083
9250
9125
9458
10083
10000
9667
10417
11125
7750
9666
14375
8916
11125
15917
9250
9208
10000
8084
10625
8916
8583
14292
7250
9500
10375
9458
9292
9708
9583
13000
8417
9375
7666
8958
8375
8291
10417
9708
9333
9583
9208
9000
10291
9334
8250
8875
8000
12250
12375
7709
9292
9875
9333
9833
8500
8583
9042
9458
9583
10750
9625
7542
8834
10083
10500
9334
8791
7792
10208
9416
8250
10042
10459
9792
8709
11083
12083
10084
8542
9334
8167
7834
8000
14583
8208
9041
9000
9708
9167
13083
10083
9750
8375
12167
12000
11792
10583
10416
8792
11667
9708
12125
9250
11334
8500
9875
10125
8625
8625
10459
9167
13209
9250
8167
10084
10959
10125
9875
10917
8708
11167
8000
9042
9708
9958
12625
9459
9250
9625
9708
9000
10459
7834
10292
10166
9584
9375
9583
10458
8792
9250
9583
9667
9792
8792
8625
9583
8375
10958
15542
3166
9167
11750
9708
9875
9417
9458
9042
9583
9542
9417
9667
10708
9834
11500
8542
9792
11834
9834
10542
9209
8416
9250
10333
9583
9458
9167
10333
8917
7584
9750
9209
9291
8292
13584
12041
10250
13750
11208
9333
10625
9958
10708
10542
9625
11625
10292
10167
9917
11333
9625
11209
11042
8292
11334
8959
10291
9667
8750
8167
8167
10334
8209
10083
12209
9959
9209
7916
8042
10542
10500
9708
9875
8875
9167
9292
12208
10125
9500
9833
9208
8458
9583
9583
9375
9125
9583
11375
9833
9792
10417
8250
9750
10667
9833
9708
11625
11916
8875
9709
9292
8833
12458
10417
9375
10167
9542
12833
10958
9917
9375
10958
9500
8250
9833
10459
9667
8708
8083
9667
7708
7708
11833
8708
8750
9542
7916
7916
13000
10833
9458
11459
10583
10875
11000
9708
9583
9792
9667
9917
10041
11208
9500
9709
9584
10125
9459
11250
9750
10667
11500
10458
10541
10416
10042
8333
9500
9084
9125
11875
11042
9208
9125
9416
9584
9375
8125
9458
9291
11417
11208
13083
10292
9042
9125
10458
10500
10625
9916
10791
10250
9958
8208
10625
9417
9916
9334
9417
10167
12250
8583
9583
10416
9709
9750
9250
10167
9500
11125
9083
9917
11083
10791
10208
8917
10250
11250
8666
9500
8459
8083
12333
10167
9500
10375
11416
9750
9375
9750
12083
11333
8459
9792
10083
10084
9209
9667
8584
9916
9583
9875
9500
8167
8209
10709
9500
12792
11500
9417
10542
11792
9375
7917
9708
10584
7167
11792
9875
9292
10125
8958
8625
8000
9667
10125
8750
10083
10000
11250
11292
10708
8792
11916
9750
10583
8125
12167
9542
9375
14709
12250
12000
9333
11917
12042
9125
10167
9625
9834
8666
12416
8125
10750
9166
11500
11042
9875
10083
9500
9208
9500
10375
9292
10459
9792
8958
9584
10375
10917
9625
8833
10417
10625
7167
8750
12250
10500
10416
10209
6541
10667
10208
9750
9375
8541
9125
7625
11000
11042
10458
9583
9792
9666
9875
9084
11042
10000
10334
8792
6708
8750
10042
10042
9834
11042
10209
10667
12042
12375
10458
10875
9667
11667
8958
8791
9375
9958
11125
8292
9042
8917
11709
10208
8166
8500
11334
10917
10709
8708
10833
9542
10875
9791
8708
9791
9458
10292
11958
8333
10709
10375
9584
9792
8042
8500
9958
9292
9375
11541
9125
9209
10875
7542
9959
9875
9666
14500
10417
9875
9458
9833
9833
10542
9334
10083
7291
8917
7875
9292
9292
10083
10750
11125
9792
8042
9500
9167
9584
9708
9333
9000
9834
10041
10042
9667
9000
11667
9000
9583
9875
9583
10042
9917
9625
9000
8458
7500
10959
10708
7875
12292
11458
11083
7792
11542
14417
13042
10250
11541
13583
8334
13292
13584
10750
8416
13541
9625
7959
13333
8292
12042
11667
8541
9333
7958
8500
9667
7708
14000
8416
8458
13375
14250
11167
12167
8125
11250
13750
12334
11542
11292
13084
12083
11625
11833
12834
13333
11000
11916
6834
14250
12167
9792
11584
11333
11583
12791
12084
12292
12209
11792
13000
12417
9875
9708
10667
8500
7708
11666
12083
11250
14791
11416
12042
14292
13292
11750
11459
7458
11875
11125
7666
12959
9666
10833
11917
11958
11666
8167
12250
11958
12917
7584
10875
11000
9584
10333
11083
10833
7125
11000
10292
7750
10250
12291
12041
10084
8250
12208
7500
13792
11708
11625
11750
8292
11333
11542
11375
10875
12250
11417
10041
13125
11250
10208
11458
11208
10125
12375
11792
9500
10791
13750
8542
9583
11542
11583
11458
13959
9917
11375
12125
11959
8125
12125
12667
12459
12417
9875
9875
10000
13541
10292
11750
11625
11792
11458
11625
7083
12083
11041
6541
11250
13000
10292
7708
11750
12708
9791
10541
11083
12292
8292
11708
11834
7166
7959
13083
12041
11875
9000
12042
11917
11958
10583
11833
12084
13000
11291
12041
13292
8625
13458
9541
7708
11541
12834
9584
10459
12250
12708
10958
9834
12375
9000
11916
11917
11416
10416
9542
13750
11708
7208
8000
11958
8583
11792
13541
14042
11541
10750
10958
11666
11042
11167
12000
9041
11292
11125
8250
7250
7708
8208
11583
7375
8209
8292
13042
11500
13000
11208
14458
10709
7750
11292
10417
11666
12042
10792
13625
11125
12792
10166
10459
11208
9959
11542
8125
11750
11458
9917
17625
11917
11791
8541
7375
11875
11625
11583
12583
12166
11750
11875
12583
11250
13834
16042
12500
11500
11083
11834
12667
12042
11666
11458
12000
11000
7708
11958
9208
11125
13333
16209
8708
12000
11666
10833
12583
10584
7500
12958
11583
7792
13041
10000
9458
12959
8791
14375
10666
12375
11791
12416
10750
12125
13166
11625
11708
11458
11875
10625
12291
12125
10917
12000
11250
12375
11792
11750
12542
10750
7625
12917
10292
11791
13041
11959
10750
12833
10750
10959
11500
12250
11750
12667
11125
16292
9459
10583
11792
8291
8625
9583
11333
12000
12916
13042
13000
14625
13625
11708
15708
13042
13834
12125
13083
11833
12458
11583
10875
11833
12167
13333
12125
12208
11791
7417
9500
11542
10958
11041
12041
11792
14125
8834
12250
11917
12834
12375
11958
11042
10833
13750
10209
11042
10792
12209
11334
11750
10917
11333
11208
14125
11875
11625
9000
7625
12625
12292
12333
12875
12208
8708
16750
11958
11166
7625
11625
11083
10834
7500
11584
12333
12834
11750
8042
11458
11625
11708
11042
11084
11167
9750
12125
10125
12833
10459
11792
10292
7625
11041
11542
8250
8208
9500
9042
11709
9917
11708
11208
10417
8000
11875
11667
11500
10708
12292
10791
7500
11791
11375
10333
10167
8916
11959
9708
11458
8583
13042
11542
9583
14875
16333
9792
8875
13167
8875
11667
11791
12083
12750
12958
8083
13542
11958
11167
12958
12750
10209
12459
8208
11458
21375
16875
16708
14333
16834
13875
16750
16792
12667
11084
11750
12000
17583
15750
15916
17542
16584
12458
11750
16500
17709
19291
16875
14667
14542
11083
11583
13875
17125
11958
16750
15667
15542
15708
12166
12042
10208
9791
12083
10042
11209
12667
14125
11541
15042
11833
11750
9667
11833
13375
11666
12459
11291
12333
11292
10500
10500
9375
9541
9916
8708
9584
8375
7958
13917
11667
9958
8542
9542
9542
13834
13459
10959
13500
15333
14416
14583
15584
14792
16125
15958
15417
16875
15500
11208
15000
13833
13917
16250
17417
15708
15250
15750
15208
12250
14541
12416
10916
9334
10083
8667
20333
78458
15292
15708
15875
15291
15250
14625
13875
10416
16333
15083
15458
13833
13708
12292
8708
10250
10875
13417
10709
12250
12208
10625
9750
9625
11292
9333
10375
14458
15333
13792
12250
10792
9625
8292
10208
11208
12583
10625
10875
8417
14083
13875
14041
13541
12625
10334
10375
9667
9250
9042
9417
11500
12541
10500
9583
10791
8667
9000
15125
14167
13042
12083
9250
11375
9500
15041
14459
13417
10667
9875
9042
8750
8833
9958
13458
12208
10458
9750
8750
10458
9417
9333
7708
7541
10625
8584
10000
8125
9208
9375
9125
9208
8167
8292
8584
7833
8083
8375
8334
9916
9167
8583
8292
8792
8625
8083
10708
8334
8042
14417
14083
9542
10667
9167
8750
8625
7625
9792
8459
8667
8125
8084
10708
12291
12000
10916
11333
8958
7917
7958
7209
8666
8417
8125
9167
9333
8833
13042
8834
9250
8250
9250
8416
8333
9625
10000
8791
8209
8167
9208
8209
7875
8792
8000
11042
8041
8333
9167
9167
7959
9833
8083
7041
9041
10458
9000
10375
10417
11292
9666
11458
8834
9625
8334
8791
9625
8416
10375
11583
8750
8500
9542
9375
9292
9584
10500
7917
9292
8291
10417
8000
9625
9375
9875
13958
9250
10292
9667
11000
10833
9917
9542
10458
9042
9500
9959
10000
9709
10000
8416
9875
8750
11458
11209
11458
9083
9583
7375
11708
11708
9125
9041
10625
12334
10125
8500
10333
11834
14958
11916
11625
10708
8500
10042
10792
10459
10834
9292
10666
8875
10625
9333
9000
9833
10375
9500
9125
10500
7916
11208
9833
9542
9583
9750
11541
9583
8833
9750
10666
10084
9125
10584
9459
10875
10750
10916
8542
9708
8542
11333
8583
8291
9917
8542
9541
9292
10167
8292
9416
11083
9375
10542
11500
8042
9541
9959
10333
10584
10209
7542
10000
9542
10708
11333
7792
5792
9458
8791
10250
9583
9458
9000
8250
10333
8833
12417
10917
10542
9917
10167
10042
9375
10625
10000
11416
10500
8625
10584
9917
10542
8708
8875
11667
9958
10291
10000
10208
8750
13416
9250
11125
8291
8209
10333
9625
10542
9167
10792
10084
11000
10000
8916
11000
9500
9542
11084
10125
8834
9500
9875
11083
7916
9292
9750
10334
8625
11292
10542
10833
9042
10958
7833
9375
10625
11292
9209
8250
8667
12750
13042
15292
11167
9667
12709
8417
8542
8916
9334
8084
12000
11334
9166
9292
10833
10375
11083
8792
10917
10541
11208
9166
9333
11166
9667
11250
8334
8916
10000
8250
9625
10750
6542
9250
11291
9958
9750
9750
8208
9583
11125
11500
10375
7458
9375
10708
4125
10750
9834
10417
9542
10083
8875
11500
9000
10459
10041
11084
10625
11416
9750
9708
8458
8875
9417
9583
9500
8416
10125
9916
8333
8875
8458
9667
8458
10208
11459
9417
9416
8500
7875
14959
8958
8542
10459
9958
10500
8375
8000
9792
10584
8334
7792
8792
10375
10291
10791
11500
10917
9708
8791
10625
11083
7250
9250
9917
9250
15333
9792
9708
9750
10875
10292
10375
9250
9750
10917
9375
9417
10292
9792
11042
10584
9959
10209
9792
10459
9916
9375
10458
11917
9917
9833
10083
11292
10500
7917
9250
10000
9292
10333
9041
7750
8959
9083
8375
8583
7959
9750
12708
11625
11542
9542
9958
10167
10334
23500
11541
10250
9500
11125
9750
8625
9750
12833
9750
9791
8958
9167
9833
10959
8875
10625
9875
10334
10416
10417
10000
11375
10500
10209
9292
11875
17334
18083
10084
8417
11917
8625
8333
11000
9125
13667
8834
9917
11125
9625
8083
11541
8083
7916
13500
11416
9000
10166
11042
8959
9000
14000
8542
8833
9958
8167
8750
10000
8625
12208
8500
7916
10542
9000
10666
8625
8500
8250
9792
10458
8125
10459
8083
9958
9042
12500
8834
10375
10792
9250
8334
8709
9042
11583
9375
10375
8584
7084
8625
8792
8416
9792
12750
10417
9084
8000
10042
11000
9709
9083
11833
10916
9542
8916
8334
9959
8750
10875
10417
8458
7250
10083
9542
7625
8667
8000
10542
9167
7958
14666
10167
12083
10708
9041
10083
24208
14583
10500
9500
10625
8833
11375
8833
8250
11709
13542
10834
11334
10417
8750
12583
13417
9208
8250
10083
10333
9792
11292
10917
8791
9750
11250
12291
8334
9000
10333
12292
8875
7458
11542
9541
9500
9209
5291
12125
11333
10709
8875
10291
13167
9667
8208
8625
10292
9958
8542
8500
7625
8541
12333
9125
9209
10042
8208
8291
9875
10291
13958
10125
9917
10292
11916
9417
11083
11000
10459
8417
7875
7709
12292
8333
9500
10916
8958
11458
9208
9917
9708
8584
10500
10959
11791
9250
8667
8667
9542
7750
8875
10917
8833
9083
8958
8750
9792
11500
8292
8208
10334
9708
9958
9500
8917
10208
7792
10167
8250
10291
8209
8000
9792
11000
19917
16209
22125
15125
10708
9917
10042
10458
9167
11625
8875
10708
11000
8833
13334
11125
10917
9875
8791
10458
11292
9375
8250
8209
8000
8541
10750
10375
10584
10167
9958
9417
8208
9500
8875
10375
10542
8875
8542
10541
9667
9667
9459
11750
11625
7625
13333
16500
15334
12250
9709
14625
11125
13750
10959
11000
9000
10708
8500
9625
11042
9333
8334
13041
