803494416
125
13959
23166
10917
24916
13250
27042
10750
27584
20625
38875
412713459
84260292
179086000
13292
23459
862712750
818848875
1564690834
380788459
105355083
304207084
14060166
1521806042
117308959
155691250
151103792
1744750
35136625
114855416
157989291
140986667
71776375
177879583
717744250
511860125
69080875
17840750
5656708
15111750
22931667
191665084
12791
26167
11042
35875
23667
12125
24167
10709
25542
13792
43583
15083
27292
13958
27416
13834
25375
20041
20375
26417
20292
33584
20250
20375
13750
27958
19959
25750
20458
613847250
24758000
25952292
23208
11917
23417
11292
27125
12000
24791
10292
25500
20541
25292
14833
27042
20958
13417
28458
30000
24042
13833
27375
13375
32958
13625
27167
20250
27125
12959
39833
10750
25500
13042
34916
22834
20458
13500
28333
19917
35542
13458
26917
13625
27500
13750
31042
20250
10791
25791
26625
33625
13792
26542
25459
20000
30958
13958
26500
13250
39375
22147917
23875
14000
24458
28417
20250
20167
125
31000
10875
24792
26084
13875
26541
11833
24958
13458
26542
13542
27250
20292
13208
32583
20000
13417
26875
20208
20042
20042
19958
14292
30250
10750
60597583
21584
20791
50482791
22667
20417
12792
26625
27875
12292
26500
13708
23708
20083
26125
19834
20042
26334
13292
28625
13125
28042
20542
19792
20125
30709
20125
24959
20084
19834
12750
28875
13625
27542
20250
13708
31500
20625
166
30500
24791
15292
18125
22291
18250
22000
11709
25917
14750
20667
166
31334
12833
24834
12583
25833
20083
16917
30750
12708
12542
5916
17125
12667
13167
5750
23667
7000
17667
27708
265157333
5944583
93170542
555057542
616051125
346650708
217007625
166635042
36858791
88010167
23667
13292
25000
11750
24959
658290916
18977375
717486333
1473930500
149872875
1038561958
600353292
338708625
1315208875
110749084
535125
127678000
12833
23583
11958
23042
11875
23292
10333
24500
13625
25959
27125
14541
31791
25834
14042
22459
28292
13583
25459
14167
25291
23917
20583
20291
13083
26750
12833
26750
13583
27666
13417
38292
13542
11583
4916
11542
5000
11833
5292
107019042
760500
24000
16860917
75964166
252747833
148439958
998339208
370707417
755670500
306923083
197559083
58083750
206582959
303201333
13250
21326041
339038834
728007167
1144533583
13458
25083
11041
25333
12125
24375
10667
27625
21000
20958
29542
22125
20917
14458
28250
20708
21042
20792
21292
20625
21083
24459
21792
20291
22291
21000
21417
20750
167
33250
27041
125
36417
10958
23417
20916
10917
28084
21000
17000
7834
19792
17792
7541
17458
13000
7625
18000
7667
17958
13166
8083
60667
12875
12708
12500
12792
12709
12625
13500
12666
12667
20792
10875
17500
16667
12792
7916
17833
7708
18208
7417
18375
12792
15000
12875
9916
13291
13500
11958
83
6125
16083
12750
12709
14417
12791
12958
12750
8625
16708
12958
12833
12709
7750
18541
15125
13125
12708
13000
7958
18542
12667
12625
7958
26292
13125
12958
5916
19042
13083
6125
13667
12917
18416
5208
14083
7041
16250
6959
14375
6875
14375
11292
5208
14250
6917
14917
13125
9667
15250
11250
11125
11208
11250
6667
16583
6708
15791
11292
11125
13750
11250
11250
5166
14334
7917
14417
11167
5208
14583
11125
11459
11208
5083
14584
11208
17167
10750
5083
15125
11292
6333
18000
11125
6459
14833
11125
5166
15167
17417
11125
6458
14167
6875
14583
11083
11167
11167
11250
11166
12375
11292
6625
16375
11041
11416
6226125
14084
5958
17708
12791
12792
8541
14292
14375
12833
7250
22167
12834
12709
12792
13417
12750
13000
12708
12958
15000
12750
15042
13250
12875
12750
7667
19334
12666
13334
13000
12750
12625
15583
12917
13125
12667
14583
9667
23458
15458
19083
16542
7583
24166
16458
15709
15709
15583
16125
15667
15959
15333
16083
15542
18042
15792
15750
10000
21459
15375
15500
15417
15375
15792
15292
18000
15291
15792
15417
15417
19084
17500
15833
9792
22542
15625
17167
14209
18500
16834
13875
12792
13208
13000
12834
12875
12959
12583
15584
13041
12375
12875
12750
12834
12708
7834
17500
12791
12708
13916
12583
12750
12625
12917
7750
17125
12875
7958
17416
12709
13500
12791
7959
16542
12708
7917
16958
121592833
15750
25000
13708
29958
11708
27583
13667
27666
21625
21042
29542
20792
20458
20333
20875
22833
20375
29291
19791
20375
21916
24292
20708
21334
21667
32250
13625
29334
21500
24875
23000
21583
22791
23042
23084
22875
22417
23959
22792
23250
124678334
13125
18540125
1225113584
13250
62755625
21833
20791
21583
13000
27041
21458
22125
21083
22833
21875
29291
16458
26500
21916
22208
17875
29333
21916
22625
21875
23708
29375
23541
21459
23375
22458
23958
37333
21542
22042
23584
22000
2740667
11083
27833
22959
21917
22917
22166
23000
22250
24250
23250
27083
23416
23167
351917
20958
21584
22375
22416
84945000
22917
23833
21834
17416
34666
24792
30708
21625
23125
23458
31000
23417
22792
22167
22792
22333
24833
21709
23958
22208
34292
26250
21625
23667
22584
23416
23292
21541
22416
24125
21459
22959
28000
22500
22833
18542
28459
18958
13542
13958
13375
15666
15292
357173000
13416
29584
21500
20750
20750
20583
20334
22375
21834
22917
189735792
321832000
1537552375
14959
32958
25375
24166
13375
25084
14334
32916
26375
12834
27250
20250
20541
20750
20750
23917
24333
20708
12041
31792
20833
20458
20375
13917
27333
20542
556592709
234859334
12875
24542
13625
27417
13333
27875
13167
28292
20292
21459
28834
21250
20500
21000
20250
21083
20667
20834
21000
20292
14542
33584
20542
20417
20500
20625
167
32417
25084
83
31416
92166
25292
13166
26541
20458
12708
29541
13625
28209
20667
36592250
12042
28875
23584
26250
13083
27542
10667
27833
21083
20542
27500
20583
21333
20458
21333
20292
21125
20667
21459
21083
21208
24125
21584
20666
346924709
354507792
411234083
510553167
1025581042
15416
32417
11375
25167
10625
24625
13458
24917
13041
26500
13416
35459
14459
26792
20750
20500
22208
13750
28750
20458
20250
20459
22750
20500
21041
25375
12333
15209
25208
125
30875
13958
27458
26208
20959
33250
125
11417
26875
20458
20875
20125
20667
20541
26166
20666
20583
20458
33584
20542
20500
20500
20834
20541
21000
20417
20042
20333
20625
25333
20125
21333
20583
21167
20541
20708
20500
20333
13583
26000
22000
14625
27750
11250
16625
7708
18500
7833
16667
7500
17292
13875
13083
8041
16750
64291
3667
17375
6209
15959
13042
6125
18541
7875
18167
12792
15084
7709
17375
7875
18375
13750
8625
10583
16166
7375
17917
13291
12791
7375
17250
12792
12875
7250
17959
8000
17875
7708
20291
7958
18583
12667
12542
12583
12750
5958
17958
7666
18250
13875
13042
12708
12500
12625
7750
24417
12667
7250
18500
12709
12917
7708
18417
12750
7333
17000
15208
12791
12958
7583
24958
9833
11375
5166
23208
12333
5125
15209
11291
6792
15250
6833
14292
6708
15500
6667
16000
6500
18041
6542
16166
6750
15625
6625
16208
6750
15625
6583
15375
11791
11125
5333
16500
11084
11084
11166
11375
6708
16250
11125
12042
6667
16583
6750
17666
11166
11167
11166
11083
6916
20167
6833
37610750
15709
25250
11875
3516000
7907000
12208
27250
23917
12916
27625
21000
20417
12875
27917
26458
22208
23791
20959
12209
28791
21042
20708
13333
23125
23291
12167
33333
20458
21291
37635708
23291
11292
24959
11708
25417
21417
20500
13916
26417
20459
28875
20375
20541
10458
27042
20500
20916
20500
22584
1255665375
60168792
811793417
20538458
10737667
13875
26291
11250
25959
11167
27250
20542
20792
20792
20083
24666
20917
20709
21250
20292
21125
20417
21208
20666
21291
13334
32083
21167
21834
20875
20333
20250
21208
21041
563609625
1070462458
108970708
402929916
83
10710041
1717336917
125
336030375
177860500
12916
27583
317134500
15708
409653917
125530042
386145333
409544250
122917375
773209
12500
5792
11958
6458
13625
5667
13542
5875
12084
6292
15292
592560166
482033458
66035959
187829417
1414224417
57455292
82683333
112085208
463983750
22375
11458
22792
10584
26541
14459
27666
13875
32083
13250
35959
20917
151455583
1281771584
409429166
307141917
12750
306950792
273802583
1057151542
819259125
94578667
191968000
153520834
257111834
806537208
92972209
14458
24792
167
29042
28292
11542
23709
10708
21958
10333
39083
13334
27208
861442917
13125
305264459
512225750
306662375
13500
172237667
125
26167
13166
21750
13583
22792
10458
25292
12958
26833
27375
13750
58319292
23042
11416
22875
11084
23917
11500
24792
11166
36292
19541
22208
14125
25791
13125
25917
20291
10875
26000
13375
21917
19375
10500
26125
13750
25625
20417
20000
20250
22208
12292
28208
12708
34750
21333
23250
10875
27000
20459
20625
21250
21084
15500
30250
23875
22375
21125
22041
21208
21209
21375
21208
20833
21542
21416
24959
21375
5421583
125
33667
21917
21000
21625
21417
21500
21166
21500
21666
27208
20833
21333
21292
21750
20750
20959
21167
476824916
16334
27041
13959
27667
12833
28500
14875
25375
17917
24792
28041
21875
20958
21625
21000
21792
21125
22666
21291
21458
21125
27500
21541
21500
20875
107408333
610295417
13459
27625
14125
27667
10666
25750
20917
21208
21250
20750
30250
22041
15583
29375
17125
28625
21583
21541
22500
21125
21083
24750
21000
21292
22375
20458
24375
20750
21250
21209
21500
21500
25625
20917
23417
21250
22542
21375
38875
19750
33042
20125
21792
35542
22000
7959
16542
12917
12875
12792
12541
12959
7250
18792
15125
12708
12375
13292
12833
12542
7708
18333
7250
17667
12750
14375
12791
13000
12667
13000
12917
13375
12583
12917
12666
12834
17042
12542
12875
12917
12792
12750
302788042
15459
33167
11625
26000
19167
31750
31625
410878167
13208
28916
14500
26500
13584
29083
12750
29333
20542
21958
30458
17458
24833
15208
29584
23875
21209
20875
21834
22083
21417
27541
21125
22625
21125
21667
21042
21000
21750
20833
22000
20542
28250
21166
22709
20750
20750
31084
20875
21167
15291
28500
24000
26541
7791
15917
6833
16125
11500
17458
17250
13125
12875
12958
12667
12959
8250
16583
8625
19917
12791
7834
17333
12958
12834
12667
17375
16417
12917
12708
12625
12792
12583
7375
16458
12708
12750
12666
13708
8708
3385791
14166
30292
22292
20375
22584
21375
22167
21875
21333
20916
26208
21583
22166
21375
22416
21041
21458
21250
29333
11166
24917
23833
20417
20750
20500
20625
20458
21291
20500
21084
20959
20625
24709
20958
20416
21000
2137583
11125
26792
15041
29417
13542
12875
6958
18208
13000
7250
20292
12917
8000
500223708
14500
310928416
13458
25083
11166
27834
25209
16542
21291
20583
10459
29042
30542
22542
21833
22333
20709
22125
21291
21625
20792
21333
21166
24750
20917
22708
21209
22667
21250
22709
21167
23000
20959
22166
24917
22208
20959
22708
21458
22500
21042
21625
21375
21792
21084
27958
17542
32125
12333
20958
13000
13917
13000
18833
13792
8500
13791
41
19459
8167
15458
8334
17458
7833
21875
8500
18708
12750
12625
9583
16250
12625
12667
12917
17250
12500
608115875
82302875
25833
33958
23000
27458
13083
21500
26375
12125
29041
22792
28333
21458
21417
21917
21917
20958
20458
22000
21541
14459
29625
26875
21583
21459
25750
28875
28583
20791
10917
28125
28583
15375
38541
20125
22000
20917
22416
20125
21542
21375
21584
21208
21875
25584
21750
20375
22666
15291
25292
16792
13084
12958
12833
12542
15791
12791
54291
13375
12917
7458
16625
12708
12958
12500
12875
12750
571459
7958
20000
24625
12750
12667
16166
14541
13541
6833
16792
17250
13917
12666
12916
7917
17208
13041
7390000
10834
31577209
11083
26792
21208
20584
21958
21875
21459
21125
21584
21459
25000
18125
29125
20750
21250
21416
22083
20917
21042
20959
20833
24708
21625
21458
21834
25500
15708
13791
26500
21417
20875
20834
26250
21542
21042
21083
20959
20708
20583
20917
20750
21417
50070750
23417
600567542
349632125
24459667
486825042
1229790959
42
8292
6875
8458
10833
4958
11250
4625
11875
42
25542
5750
11917
5334
10083
172448792
14583
24792
12709
24042
12084
24167
10334
23250
13084
26083
27042
20208
12792
26791
14666
26792
10458
26583
81840875
166
166
25334
11916
22000
11375
24709
11250
22042
10167
35333
10125
26542
11458
27291
13542
27083
12500
27000
13000
25500
22542
13541
26250
167
30625
125
10250
27334
12625
26084
20208
22292
13084
27167
13208
27125
12667
28000
12667
29084
20458
13458
29542
29917
12917
26542
13291
25667
13292
27917
10667
27875
12625
32042
7375
11667
13375
17166
83
18041
7375
15750
12708
5959
21084
7292
17333
6083
16666
5916
16459
457357334
250
1076702708
3695250
22655250
74404667
871600541
13416
1734209
165973333
3315708
247770959
1236984334
3684792
23500
109052500
483052209
818468416
48386292
9640709
2707021708
1290798917
12875
23959
11897208
539198250
819062667
13708
25500
10958
21833
11416
22709
193214458
727963125
12250
32583
409515542
412680667
24750
21292
33000
24500
24083
425876583
389545666
511949500
409464125
595147708
1452711084
101755833
12833
27583
198376417
37101500
1198393666
1126304541
511577084
21000
922220333
697209458
325959084
13250
29583
411752000
106665834
72779792
657432292
7583
28583
12666
31208
21666
23125
22375
26708
23791
32666
34792
22208
24292
23125
24084
28125
22500
33500
24334
22333
23125
31917
24750
24083
11258417
19705417
10875
27833
21584
23584
20917
23542
22958
28708
159188042
21709
125
31000
10958
26000
31291
25583
29541
23167
20541
30000
21958
22000
21917
22167
22500
21833
22125
22375
23083
22208
26584
21375
21667
23334
22917
22333
23500
21750
23459
21542
18666
40875
24500
23875
24167
22833
23375
21875
32917
20291
21000
22666
27250
28417
21042
20083
24209
21917
22333
21584
24708
21250
23750
26416
23125
21792
31500
17583
20583
12959
32334
22459
22833
21958
26792
22458
24542
22042
23625
21292
22667
22125
24125
23000
24583
28958
24000
23000
18084
23875
14500
12958
13417
13292
14542
47750
13000
13000
12708
13208
4910875
21018292
67145000
154688583
18208
28750
14625
29625
12583
26833
21459
21333
21167
14125
41708
18959
29125
22125
22291
23917
22208
24500
22292
22125
22250
27917
22417
23875
21667
31333
20125
125
20417
22291
23208
23042
27625
24125
22958
21500
23875
21042
23125
23417
22750
22792
23292
25500
23458
23833
24833
22250
22833
21750
24416
21417
21375
10709
34208
22417
23000
22708
21834
22792
24125
22458
24333
21917
23667
28458
24792
20916
24375
25233917
27437209
23167
24000
15459
30542
22708
21167
23541
21459
21833
23875
29667
24000
23500
23000
23542
23666
22750
22334
23250
23000
22750
27458
22333
23084
22792
17792
26583
22041
30917
20542
125
33167
26625
22833
10708
30041
22708
22375
22875
24000
23666
22500
24334
23667
28042
22875
22000
21834
24208
22500
24458
23041
23667
23500
27875
22584
22583
22833
23000
23666
23250
22458
22959
22792
23458
26500
24709
21000
21584
23417
23291
23084
22833
23292
21459
22166
30459
14041
14375
13584
13541
13500
13125
13417
13250
13125
13625
13458
15875
13458
13292
13542
13208
13709
14333
13209
13375
13208
14250
14709
13583
13042
14667
13292
14542
13459
35208
16667
69534834
1148708
13209
26084
29667
20042
12375
28666
23042
22041
15667
35750
28875
23208
23333
22625
23250
22584
23250
23333
22667
22667
14212417
226426292
79415833
23417
11667
26333
21250
21666
21500
23959
20791
22916
21292
31250
22708
24125
23000
22875
22542
23000
23959
23167
20000
27416
26916
22667
22041
22334
22208
30167
20209
20416
22542
21667
22209
26042
23000
22166
21208
29708
19583
21875
23167
23333
25916
22791
25875
20917
28000
20583
21792
22208
22208
24917
22416
24042
22833
27833
22750
23917
22459
24042
23083
33750
23500
25000
22458
22542
27959
23625
22125
21084
22000
24083
22209
24750
22584
18709
31625
28542
24209
63748000
349450166
1843841334
2608612833
667331584
307093084
64435458
346746000
93568417
429677416
293531708
14500
818802541
125
7083
5292
13875
13417
13542
7791
11875
11208
5750
31208
83
12708
13292
511468250
0
512234166
511909500
23000
1043085084
167
28916
25917
19541
25417
26375
13167
21791
10000
21958
36542
24208
11875
17292
27250
14500
26250
11875
23000
11791
25375
34000
13333
26417
31583
24250
20625
10208
27041
11042
27125
11958
32541
13208
27125
12459
28084
12834
25959
20584
25791
20875
10208
28917
19875
13125
27833
20084
20209
12250
27125
12750
26917
23791
24208
31709
23333
21083
20167
12625
22500
27166
19958
13167
26625
24750
20333
12667
27916
20084
24500
10667
20000
7125
16083
7166
29292
7667
17541
29833
12833
5834
22083
7542
17708
7666
16542
7292
16959
7708
24333
59375
7250
15042
5916
15833
11541
12625
7833
15500
13875
5708
22166
5917
17459
7167
20125
7334
16250
7458
21583
7500
17708
13375
14792
26167
12666
5667
26292
5791
21125
7334
17000
5958
17667
14000
7750
15625
7125
15959
7666
16375
18625
14292
12542
33208
2429250
18041
10333
17917
20000
7583
18500
3681167
11583
25375
10125
26084
12416
26625
12750
22000
13584
27667
7365750
13916
32875
13541
26417
13583
26875
20667
10833
27542
12833
40042
13666
28625
26250
19709
10417
29333
12542
13083
26375
20458
25375
20834
20208
13000
27958
20458
12791
28083
20208
21042
20083
23833
20209
20459
20084
20000
25250
24750
14584
27208
27125
208
43583
26333
6375
17792
8792
18041
12625
12708
8791
18083
12791
14916
13000
12833
12791
12834
12416
12834
12750
12375
12458
12792
15750
12791
14583
12750
12667
8583
17875
12750
13625
12917
8834
20541
12791
12583
12750
8750
17958
12625
12500
12833
12459
12375
18833
12625
12500
12583
20125
12625
9375
18625
13459
12458
20334
14375
8750
18000
13291
12708
12833
12417
24833
12458
16125
14750
26208
12625
43208
13875
12917
3439959
15791
15333
15625
16250
15166
15875
15708
15625
15750
15583
20208
15834
16167
16042
11541
21584
15208
15917
15584
11250
5450875
5964334
13542
41045500
34967250
227827958
253118250
192927500
164901000
154910459
614139000
14833
39544875
471469750
912511292
41
17500
83
19875
125
16834
7709
17792
13083
8292
26250
12875
8333
17416
8500
17583
12792
417930000
23417
482421042
539417
705282125
59969208
492339375
921305042
1228791833
9917
21833
11000
17916
15959
19208
27500
13292
8708
153970000
155214875
816745209
108821542
1734288667
8000
298116000
30417
55959709
22417
158048125
216229250
1130422708
161966333
540136375
14334
5709
12916
5041
12708
5042
13084
5542
13583
10042
14875
10125
10417
7083
15750
10292
12709
10042
11458
10333
10958
12291
11708
10125
10709
11250
10500
10458
9959
11792
10083
18333
12583
10458
3216459
83
18208
10625
6541
9208
12209
10208
6833
17375
10166
13500
10541
11041
10291
10750
10334
10875
7375
14000
10375
11708
12000
11000
10250
10875
10208
10167
9958
10916
5157167
83
13667
10167
9833
10792
10125
10666
10291
7208
15500
9167
15292
10250
10916
10208
8417
14000
8708
14667
12833
10542
12958
10458
12541
1209917
10208
10042
737813083
12792
28416
10958
273087792
614304125
716747792
29444250
13917
35000
11500
26083
11042
26625
14292
29667
22667
21458
2017985167
29893958
95574750
83
38667
21125
21416
23208
32125
20083
32250
125
14791
40250
24166
22708
24208
25541
28125
166
26625
23417
23292
23208
30083
23416
52417
18833
21000
23792
24166
23625
24209
23292
1395250
22667
22792
21917
33167
19500
21542
15250
23167
16000
16750
26333
19417
17000
15666
16250
16792
17083
16500
16541
16541
16792
19167
17000
17167
17667
13291
24000
16083
21167
16625
18791
23250
27166
23625
13167
30583
25667
24625
25583
23750
28583
24375
21375
21958
24583
22083
23375
24375
21083
20667
22833
22750
11792
25500
36458
22792
23500
23833
23750
24416
22917
37500
23417
24291
22542
17375
20292
14209
14459
13791
13709
13750
14042
19250
13750
13750
13333
18792
12708
18250
10709
19000
13709
15292
14000
15708
43709
17959
13750
13958
13584
21208
13625
14375
13458
15083
13750
13666
16125
17208
13125
13875
13250
13500
13417
14000
13458
14750
13666
17000
12959
16375
13291
14292
13250
14417
13958
54819583
22250
27417
23125
17458
30750
27667
24042
23167
23000
23416
31833
23542
35833
167
34875
23625
22208
24875
23250
24167
22917
28458
24000
24833
23375
24208
23667
28750
25375
36917
125
34083
28542
13708
36958
17959
33125
21541
23875
23375
24042
22458
24125
27458
23917
22917
25291
22875
24000
23167
22375
23000
23875
22458
42416
24583
23083
22750
24542
22417
24750
23041
22125
23292
25209
26000
24958
23625
22666
23333
24750
23166
24208
23625
23792
23500
26584
30208
21583
22875
23292
23250
23583
23167
25459
24667
13583
13833
16375
13916
13833
13875
13791
13833
13125
13417
10417
18916
13417
15958
21708
13541
13792
13459
14917
13375
15292
13625
21583
13709
17792
13458
15334
13542
13750
13416
21791
76458
13625
13500
14709
13583
13708
13833
15083
13750
15000
13542
17250
13667
15167
9708
21166
13791
15333
13958
19334
13250
15250
15666
12875
15125
24917
13500
14000
14000
14167
13417
14875
13125
14625
17542
15041
14375
14792
13208
25042
13875
14583
14041
15041
13667
17250
14000
14916
12000
11916
11833
16833
12125
12292
11833
13000
18067167
12042084
22208
23333
22625
23750
23625
24292
23000
23375
22958
23541
30750
25417
153448042
207638500
7542
17375
13792
13500
5917
18041
125
19625
14708
19792
71333
13542
11292
7667
17834
13417
13542
119990750
21666
28375
21916
22666
21708
21167
79654625
1352167
23983084
100953500
63361958
972118375
306952333
14084
27292
12541
26042
13084
27875
21417
23625
15291
36250
24375
19208
26125
30791
25458
25583
13791
28250
21333
21625
22166
31291
125
35917
21709
21292
21333
21833
14458
30458
20250
21833
33792
29417
21041
26666
20833
21417
20500
21917
20083
21791
20583
35834
20875
29583
15708
29542
22708
31792
11166
27916
22625
30750
25875
22084
21375
22750
21875
21667
22334
28125
21375
35208
21209
26792
20125
22209
21542
29042
21709
31500
20750
33416
20834
34417
25292
29333
21000
22000
21875
29166
23583
32000
24708
13208
12584
17625
301863583
433083250
187061500
182900792
21834
14042
85425084
15600167
77318833
656231917
11916
43708
27125
614262334
11791
132247084
26482125
660167875
8010958
22833
22333
12167
27584
20542
20459
20833
13792
27250
21000
28583
22500
21125
22125
21875
23084
22041
22958
21458
22000
21708
25709
22250
20833
23916
20541
19541
26000
11792
24500
13500
27708
24666
20125
14458
29708
21667
21416
21292
21417
28041
20917
21000
27500
20750
31250
21500
23667
23250
20458
22333
22291
21250
21875
25750
23584
21375
23917
21500
23375
21209
23833
20458
21625
21375
28875
22583
23625
21666
4834208
609228542
82826459
418486958
409519750
13167
28583
11417
27833
15334
27666
20583
20542
818621500
13083
23542
125
29250
10709
23541
11208
23459
10958
23666
30083
20084
20292
12959
306614709
25664916
44838250
53056791
593000209
14500
25125
10500
1127964584
817283875
1127759417
9417
13459
6750
15250
7833
14792
4833
22500
11459
5916
8458
8500
14583
14000
7084
16416
5375
17875
5458
16209
9167
19958
5541
17334
6792
16792
7125
17042
7084
16959
7334
202514042
600246083
12167
31792
11084
11333
23375
13167
22500
10042
24584
12750
45083
13625
27667
13666
26750
12583
26667
30625
13834
28083
20375
21958
20041
25250
20083
21125
20167
20791
13750
29292
13375
29084
26542
13500
3058125
13500
26250
12541
24167
13834
25959
20625
20209
20292
13625
32833
20250
20667
20334
21542
19917
26000
20084
27208
20167
13500
2010416
1971958
10750
30292
25792
84
26875
125
30042
12500
26750
20375
23084
20542
10625
27625
13541
26833
12958
28667
20333
20458
13583
44667
22792
618171750
12333
61287375
11208
4666
11833
4625
11000
4583
13250
3083
12792
133703084
12625
23625
11667
23625
125
30083
165640375
2211415084
108108083
253116292
13041
26750
10292
21959
11834
25875
10167
24041
13625
25750
29583
31964625
1561834
22167
8223292
209
17968541
24125
13584
281972875
411673292
13833
31917
114256750
98864208
49981333
58920375
494229292
84
161491542
12528875
282586500
362231583
56083250
180041500
185001000
186774333
517822500
12333
49701750
361565042
407795625
410230500
26792
25916
13458
21541
11792
23667
10333
23000
10292
26417
36042
14542
23917
11625
26917
13625
27584
715352125
13959
25458
125
30375
11334
24084
12833
29459
10125
24000
28458
20792
13667
29375
13709
29500
13416
29584
19792
21000
33125
140178458
1701766584
13375
7690750
24416
13000
24584
10583
22792
10292
24542
20666
12334
28208
23678834
23000
21375
10667
25833
1095875167
13167
22667
11375
24125
10542
26167
10000
24625
12458
25542
36458
21250
20125
22958
10625
26292
19959
13458
27208
20667
20250
29500
20167
37833
20500
20875
19959
25375
20334
14792
28458
20250
14458
27000
22792
21625
20292
21583
28542
18000
19625
12500
23333
167
23584
25208
13875
25791
11459
24625
11000
26625
20750
24916
12833
26666
22333
12958
28083
12583
26500
13417
27000
22584
10750
19834
7250
20041
16292
90279917
621970875
308672000
14958
25250
10833
24208
11042
24167
11209
23667
10250
28292
20167
26500
20791
20334
20125
20333
12292
28208
20500
20291
12291
29041
23000
20542
20375
25167
13375
27125
20375
20375
20792
13541
27666
31250
22250
10791
35000
364752958
758346583
921328125
14750
43750
125
19179292
32287125
22167
13125
25250
11375
3802250
23708
21042
10375
24417
10166
25958
10584
26666
20458
20084
27542
20334
13125
27792
13584
28167
20041
14083
26833
20417
13250
33584
20167
26541
20000
20375
20042
12583
26833
19958
20375
20625
22416
20166
20209
25667
20167
14125
31750
25500
83
20791
11042
32250
23792
23875
11750
23375
13042
26541
5125
14166
7292
15667
15042
7833
16209
5667
16958
12500
6542
15916
8625
15417
12667
12875
12625
5667
17084
12834
5750
24500
12791
5791
26958
15000
15834
7375
16584
7292
17041
12709
13125
13083
12792
7917
19542
23125
48250
17542
19986834
19385125
167
33333
20583
21833
25625
20333
21083
21583
21417
15959
35125
30625
13541
18583
25375
17000
26709
26542
13041
31708
22791
30291
10750
31666
21291
20875
20041
20708
21000
29292
21125
28208
27375
20292
21000
22625
21584
22292
21250
22250
21416
21334
21667
25833
21041
21500
29416
125
36209
20333
29250
21041
25209
20792
38542
19375
28584
601084
16276334
12500
6958
23584
3042
16791
5458
14709
4583
12042
12250
20375
6167
16333
5125
16500
6000
14959
11125
6041
15208
11208
12250
10917
5958
15875
11000
11041
11042
10875
10916
11000
10792
11417
11084
10916
11083
11000
16708
12416
5041
15333
11000
13458
5750
15792
7125
15416
11042
10917
10917
10875
10833
11000
10959
11334
11000
6375
15833
11250
10792
10958
18875
6583
16209
5875
18166
6333
17333
6417
15541
7167
15500
10916
10958
6166
15583
15375
11084
11125
7084
15750
7000
57167
76709625
833104833
105518916
16000
505632750
1329359500
12875
28792
14791
27625
12959
27375
21542
20709
21625
21250
38542
12667
29041
21792
25334
22208
37042
28792
22542
21459
22042
21208
150020167
15625
6334
316772209
12416
28209
375750167
23834
24750
11667
56792
167
34167
12833
28459
22584
22250
32250
22083
20917
22236458
123098500
341238708
12709
412769125
23500
22791
11750
23917
10542
28583
21875
15250
30125
20541
34375
21333
21125
21250
20541
15125
28583
21084
21708
21250
21792
27500
32333
28084
3500167
29041
12500
25709
13583
27833
20792
20083
126527958
23292
24125
12584
21917
22292
12333
27667
11000
31292
13541
37833
20750
22084
21708
23875
21083
22875
22084
23500
11125
32125
25625
22834
22000
28625
21000
21708
21750
14500
31667
21750
21417
34917
21458
23833
163940542
12567292
23083
22083
20458
20375
21500
20666
21625
22209
21125
21458
25958
23875
22000
22417
20916
22042
21958
22625
21500
22459
21583
26750
22292
22958
17125
32292
21125
34333
29208
22791
21125
22792
25292
22875
21625
22417
21708
22750
23334
22500
30917
20417
21375
27375
21250
22750
21750
24042
21334
17667
12750
13375
13083
13500
14917
15166
12750
13666
12667
13417
12584
21584
12916
13167
12958
20750
299561750
24666
19166
11000
23458
20500
20875
21417
20041
20792
21208
14584
37792
21750
21875
15833
28167
22125
21125
21042
22542
21125
28666
26208
22209
21750
23084
19417
15666
22875
21291
21583
22208
22541
25666
22750
21083
22709
27042
21709
20042
20459
21667
20791
21542
25167
29208
21375
22125
21250
23917
21250
23084
23375
20708
19041
16250
12959
12916
12584
13125
12917
13375
12750
12792
12417
13500
10583
19000
12500
12792
54333
20375
83
21625
7541
17917
15125
9208
17459
13875
9875
11625
12750
11750
22000
15750
6750
21583
16166
8167
18583
30250
366584
31667
51584
13959
8708
16834
6667
17417
8250
16333
18625
14125
6625
19500
7958
17875
13459
56166
22250
8208
16375
11166
11041
11166
11042
11250
11209
11250
12459
11625
11416
11291
11042
11458
11166
11125
11125
10833
11041
12542
10958
7292
12000
12292
14500
12792
12792
11083
10958
11250
11292
15084
11208
11875
11167
11125
25042
11125
10792
11334
10917
11208
11417
11084
6708
15584
11167
12875
11292
9167
13750
11459
11083
11000
11125
11292
6625
15750
12709
11083
11000
10833
11208
6875
15625
11000
11167
11167
11167
13000
11167
10834
11000
11084
11083
11000
11292
11125
10916
11042
12709
11042
11125
11166
11291
11000
7375
16125
11167
11208
11125
14459
11083
11209
11083
11042
11166
7125
21666
17500
11292
11167
13584
10958
13042
10959
12875
11167
13333
13166
13667
77208
11583
12375
12625
11042
11292
11667
11625
11791
11916
14459
14291
12792
11875
13041
11625
12541
11541
12416
11458
12416
13541
109379041
21709
26709
22125
21667
23417
21375
21542
21583
22708
22667
30583
23667
30083
22125
17584
28541
24167
23792
25583
22625
24875
27750
26125
21958
23958
23083
10083
31834
24667
23583
24709
23875
28708
23417
30333
23458
29875
30625
17416
24250
25417
22917
24166
28125
24125
23125
24167
23542
31083
23792
24209
32458
24250
23833
34750
24042
30416
23125
23875
24167
25208
23792
24667
24333
31500
26625
24292
23917
22750
23166
34875
14417
20334
13167
22791
13916
17000
13417
21750
14833
13750
13417
20916
13459
14833
13458
14875
13750
22083
14000
13500
8000
17750
6083
17000
8708
18375
13291
13958
3074917
13516167
26500
6397208
31066541
23875
197208417
16815708
942544958
716505708
13166
105341708
1371428000
151749208
12083
42
10000
4459
11042
4750
11375
41
12917
3625
15833
35833
8333
9792
3791
11375
3667
10667
118637416
6375
320846958
390779250
305243292
182977709
33764916
10833
233798208
28276250
13708
6334
12041
13209
10792
5625
12500
4708
11792
3667
15709
3541
12834
4791
13083
4792
12208
5250
12875
3500
13041
10125
3417
13000
4709
12875
3500
12792
3458
15416
5459
13291
10042
3458
12833
5000
12709
4667
13083
4625
12958
4625
12917
5416
12958
4584
14084
42
13083
5750
11000
6291
12625
42
18000
4833
13458
83
14000
3583
13042
3959
12750
3333
12834
10209
3709
12958
3625
13209
3583
13042
3583
13583
3500
13042
10208
3334
13125
5292
14292
83
13084
4834
12334
4875
13083
9959
3291
13250
4666
20541
3833
13000
4542
13166
4500
12375
10125
3459
13041
5125
12667
4834
12875
5167
12625
5125
12542
10542
3500
13375
5167
12792
5250
12750
19625
4833
12875
4584
13000
5292
11333
5125
12416
5250
12542
10083
4583
13083
12000
440356041
42
109296292
402790833
511718166
8625
58051000
524000
1730875
117449709
13333
11728417
40250792
15062625
12131667
17125
8459
20375
9916
22417
10833
20959
15458
15250
15458
21250
15500
16125
15500
15167
15334
16208
15500
15708
17292
23250
24875
21458
21334
20500
20333
21375
21333
17500
28708
21750
20083
35166
45631667
15541
29125
10959
25958
13042
26416
13084
27750
20708
21000
27875
20458
20833
21042
20583
20292
20500
20750
21250
20959
20459
24458
20208
20833
20375
21042
20750
21000
20041
22667
13583
28334
24334
21208
20583
22291
21209
21500
21958
20791
28292
22209
11333
36125
21458
26917
24916
28625
21042
28916
14875
28625
20208
20792
26208
22792
15250
29959
20750
27708
20292
28500
20708
32000
20708
24458
20584
20750
20833
28125
20791
20667
20416
27042
20333
32791
31500
21042
20250
15042
12541
12583
8667
18375
12375
13250
47875
13250
12584
12500
12666
12792
3591708
9667
17750
7917
18417
10041
19834
15500
7583
21708
15292
19000
15292
15375
15334
15208
15292
9833
21834
15709
15250
15500
20250
12375
29208
21250
21541
20666
20500
20250
27250
20166
27750
24875
22167
20500
32958
125
27375
21625
20666
20666
21000
33959
22583
27209
28792
166
29333
20042
21334
21333
22875
33167
84
23583
7375
17375
12083
12750
7250
17917
12625
12833
7667
18375
14542
13375
12708
12667
12500
8958
16875
13208
12708
12708
12459
39938292
22791
22500
20375
20375
12375
29375
20208
20458
21166
104160375
362184500
14458
25875
1479625
508557125
14583
24959
13834
24959
1330889875
613985708
167
13500
504021833
66267417
556047375
83
14334
5542
10500
4917
13042
4333
11459
9834
409103208
15958
24917
201268583
13209
1983625
1001292
24292
11916
30250
14125
25125
11667
27083
10584
27333
167
38917
14417
26875
14000
26750
20208
20416
13583
25084
20125
13459
31584
20292
25000
25416
23792
10833
23250
10500
23041
14000
25917
22458
13750
27000
10459
39458
20417
125
33458
1112834
24917
13584
24000
11833
23500
11250
28417
14000
16583
24500
23083
1126583
20125
1583458
13500
28125
10750
41750
25250
11083
24250
10625
31875
24334
23917
22625
10875
22958
10625
26833
11084
23959
10625
32209
23167
28125
10667
45625
144750
11042
24541
12750
26750
10667
27416
13709
26458
167
31250
24584
13916
26666
20209
13500
27417
12833
27292
13500
22208
30500
23917
13291
27083
11958
27291
20250
12291
26500
13500
10264583
156593417
5125250
331923167
158119791
3628750
7500458
9708
9541
9500
4792
11000
8750
25584
5750
5500
9083
9375
11167
11042
4208
38537875
62038416
15208
5750
21666
5250
14917
8250
16666
14625
15000
12833
125
16041
6583
12334
13042
83
16958
4500
14833
84
17167
12666
4667
14708
14791
7042
15291
6291
14791
15791
6417
13375
11708
4625
15041
16292
6334
15041
6167
14500
6292
21875
42
19583
4583
15125
6417
14708
6458
14834
6375
13708
6083
15166
11667
4625
14916
84
17417
6375
15750
4417
14250
5333
15333
11417
6250
15541
4125
16250
4541
15042
5875
14333
4125
15208
13125
7083
14500
7166
15041
11375
5792
21458
8208
13375
125
18334
12916
42
18333
125
15000
5500
27625
30886250
10333
10875
4875
10625
9417
4792
66577667
16334
18375
27292
13500
29208
13416
28959
21333
209
25500
35958
22292
18000
24250
22208
24458
23083
21541
21916
26042
23375
30416
23750
26625
23000
29667
24541
19833
22250
22708
22666
23000
27500
23583
23833
26500
34570084
286877083
6416
12209
5042
12917
4750
12375
5333
12334
4542
12709
3209
18375
3792
13500
4709
12833
4792
12500
4792
12958
5458
16541
11750
6500
12709
5000
11666
3500
12417
3875
12250
4875
23875
3750
14458
3875
12833
5375
10500
4875
13625
4416
12833
10291
4875
12667
4917
12792
5250
12333
9583
3334
13084
9375
9584
4709
21813458
3600209
341792
12167
5458
11667
4167
12083
14167
4333
11250
3375
12750
11166
5208
12833
3708
12333
4125
13334
5625
12667
5375
12833
9916
9292
4959
13416
4167
14500
4167
14292
6877375
8417
5375
11375
4334
10042
4125
10042
2958
9958
4291
13375
4208
10958
8041
3792
11167
8000
3792
10917
107758250
3573459
32126000
222275250
1500584
12041
5208
11292
6667
13000
0
15292
4792
12166
5583
17666
4417
13792
5500
13458
9958
5166
13458
9959
5166
13458
10459
9916
5291
13208
9834
5166
13291
10041
5250
14000
5583
14917
9875
5292
13292
9958
5375
13417
9875
5333
13625
10042
10375
5417
13625
9750
5292
13583
9917
9834
15133834
10334
11708
125
11084
10042
9917
3334
12333
4792
11750
10875
9166
3667
12375
4833
12125
9167
4750
12291
18233833
11917
11292
3875
13666
9792
4958
12709
10000
9709
5083
16542
9958
5167
13583
9917
5083
5540000
5750
13959
4375
13125
10125
11750
5125
12041
123254833
686330500
9667
254226250
11417
411524833
1092952250
41
14916
9083
13791
4375
12458
5750
12917
4458
196264334
13209
5541
12209
1259375
296180667
310669042
11333
37250
8666
25333
4583
11417
13375
5292
11833
11458
21042
9875
5041
13125
10125
5000
13208
10667
4292
13458
6250
15125
6500
13333
12000
4583
12750
10584
5042
13458
10209
10292
11166
9708
10750
9083
6125
13125
9792
8958
13250
10667
6167
16000
8291
9292
9542
11167
10334
9125
4667
13125
10083
9917
11834
9875
5916
13583
12542
10041
5916
13042
10291
9041
9125
10458
6416
13500
10125
9083
9791
10458
3833
12792
6125
12792
12208
9833
4459
11458
10458
9792
10291
9833
18875
5000
1554871959
11568708
602958
812208
9966333
607750
361874041
12916
34136000
989651625
13084
26916
14667
26709
21750
20166
21625
410557875
21916
105160709
13042
331536833
53431041
22125
23208
4674583
56884791
22209
5272916
11542
2264792
8108834
173099792
283072750
11387417
23375
23625
21042
21500
21375
21375
21334
22166
22750
27458
30125
23125
23375
22709
23459
23541
22958
25375
23417
25042
22917
28667
24000
34584
19667
22708
21959
22584
22834
23709
23458
24375
28583
24583
23083
24459
17917
32542
33041
19958
21291
24500
23959
29583
23042
25375
25167
24417
23208
25500
20333
25375
30333
31667
28500
24792
23917
35416
23209
36500
22833
24917
23709
30416
23416
28375
23875
23875
23750
24000
23541
23125
23333
22792
26000
24667
17125
14167
13666
14334
14000
14458
13916
120022042
530167
2972375
270446083
818017541
307051833
105675459
12875
67750042
90437709
12500
31875
21584
20833
22083
22208
23125
22125
23625
23291
34917
24167
24416
23417
24958
23084
23625
23875
24542
23000
34458
26791
23166
22875
24208
451502292
19536959
131173833
30779041
740609208
408763000
15667
1126238584
307098083
511921209
511900458
35989208
358052416
731926041
12084
27041
308903250
12584
29084
11834
28375
20792
13000
27750
20709
22084
21291
34000
25416
13167
29500
37292
21875
22208
18333
27500
21209
21834
21291
22583
21500
22458
26666
22458
22083
22584
22167
23041
22125
21750
22292
21416
22000
38000
23792
12250
23958
20417
20083
20375
19584
21625
13209
13250
17417
13250
13250
9125
17042
13375
19292
11541
12584
12666
9333
20708
18417
11041
13458
12500
12750
21416
12500
125
23750
15625
12792
8792
18291
12875
12833
12667
12667
17084
84
21541
12750
25250
16292
18500
10458
16708
7666
6873208
10583
29208
21125
21750
21750
21292
20709
21541
21833
21375
26625
22417
21459
21208
21250
21750
21000
20417
20958
21750
20916
26833
22125
22250
21875
24125
25500
21084
21333
22917
21958
28581000
11083
29541
21333
21375
21209
1085047000
13250
25917
12791
27292
11042
28000
11041
28083
22666
21416
32167
21792
22083
21458
22000
21125
22292
21792
23750
21250
21708
32834
1125252375
511929542
409524792
409459916
32053791
191178791
290239459
18167
83
15334
7042
18167
13875
8875
17708
8750
18166
22458
14000
14292
13875
14500
13375
21041
84
19041
14500
13916
17292
13417
15542
13625
14458
13292
14375
13833
13959
13958
14833
16167
23625
14000
15958
13459
21709
13167
14583
13375
14875
13958
26667
13709
14959
13084
11292
18542
15667
26625
66166
16750
13333
12959
14750
13667
14625
9958
20416
13667
15000
16875
14750
14000
21083
13250
15625
13167
15291
13834
14709
13709
25125
13917
14208
13875
14833
22917
15250
14500
12917
13792
14708
25250
20083
13666
16375
13125
14625
13875
14458
13125
21541
13542
17208
13834
14083
13250
14417
13708
14834
13416
14709
13459
15167
16000
14958
13375
21041
13458
14625
13292
14750
13625
14416
13458
17000
7792
26375
13417
14917
18125
11333
14417
13250
14083
14334
16083
14417
13500
16416
12000
13500
11667
12958
11500
12625
11584
12666
13125
20584
7875
16375
12750
13583
14000
9917
11583
13375
12209
13833
11750
14334
7833
17208
11542
12708
16500
15000
12125
15416
5417
4432791
4669667
13109708
11883292
471606916
288630417
65911875
972797291
8657083
10024542
157903792
15209
6417
14750
125
19583
5667
16250
5917
16375
6333
21417
7458
17542
7583
17000
7416
17208
7291
18083
7625
17250
13667
8334
18292
7625
17250
12875
7125
17125
13000
7417
18083
13542
7250
18458
7541
17792
12958
7625
17209
12708
7250
17541
13208
12834
7333
17625
12583
7333
17584
12750
7417
17375
12791
13667
12875
16458
8583
9023125
7667
7250
2292
8041
2000
8709
9750
2791
8875
2042
11208
2000
8708
42
9333
2666
8209
1917
8000
1135708
7584
2667
7459
2417
8416
2708
3255167
4708
2958
11209
6083
5167
9167
2666
7833
4959
84
4667
3334
7459
3958
7000
4625
3542
7000
4917
3250
459041
7667
3083
5458
7875
12667
1175500
7083
13916
5583
14709
5334
15959
5792
825500
4167
15333
6083
15583
5166
17167
6166
15125
5791
15667
11250
11125
6083
20750
5372292
4916
14459
16791
6666
14958
11083
6084
15041
11000
6083
16750
11125
6250
21334
17833
13166
20209
4416
15709
18459
5916
19834
4292
23000
6834
15083
11042
5250
15459
6208
15041
6250
19666
7667
4958
16334
14792
15792
5917
15541
5917
15042
18250
122042
5917
14458
5917
16375
14458
9458
22458
4208
15750
4416
19917
4625
15208
6208
15250
6375
15125
11125
5917
1822792
9000
13292
2440042
5000
14625
11334
6125
15458
12459
5541
12958
2002125
6625
15125
6542
15042
6334
14625
11459
4667
15625
6250
17167
11041
6250
14875
11000
5958
14875
11250
6042
14791
6416
16500
11208
6042
14792
11083
6125
14791
6292
18000
4917
14125
76501667
17625
8792
59327334
167
7334
11167
10000
13667
83
7375
13417
83
17541
21333
7625
15666
6041
18209
11292
17792
14667
6292
13208
6625
32971625
16750
241840250
407171917
811232541
726688833
125
7708
14000
7166
17083
6791
15708
5958
14500
16000
10750
16084
12041
8125
25250
13458
17250
6834
13667
7709
17000
8125
22000
53937667
354845208
13750
25083
22334
23291
21500
11416
27084
13458
30041
13333
40666
21125
13834
28375
13209
30750
10958
26458
24375
20125
26916
36000
12291
44958
13333
26625
13667
31333
25000
32791
25250
14875
28542
22250
17958
10584
11834
28584
20917
20291
21417
15250
28667
33959
25959
33671833
193132542
108816333
212649792
12709
453038417
61477291
1699253709
15125
25916
52530667
355029167
8853708
98919416
15166
710675125
128127917
18651834
185466875
14000
26625
12542
25875
20625
10750
26500
10209
26084
488306042
42
56518750
248416166
69720084
442224750
219318917
160970500
950579625
22292
150242708
12542
106821500
1073885583
436954292
689237375
716675083
68663125
103875666
594890750
267887291
12875
24750
125
29292
13208
23375
11666
29540708
24042
13125
25250
621001500
13458
23750
28458
13333
22875
53559125
26083
26250
167
23791
10500
24583
10375
24542
10875
26084
24791
10792
26791
10750
26333
13792
26083
10167
27167
13292
26583
21833
20250
10083
26042
13292
26333
10583
27625
20292
20292
13833
30708
13750
26416
13334
25417
10583
26500
13666
26250
20250
12375
31250
13875
25334
24917
13791
25542
8000
15750
7625
15958
6042
17750
5958
15959
5959
15584
6000
16250
5917
15958
5875
16292
13166
7417
16041
7167
16083
6084
16166
6125
15667
5916
16125
13208
8000
16416
5917
13416
6541
15458
7875
16208
6541
17250
16125
12792
10605250
863643208
33391916
625180542
23417
30459
11959
23416
13625
25959
13791
27709
13083
617379083
13000
34666
25416
3919208
12291
26167
10167
28750
20875
21916
21750
21292
21417
21875
20315833
116463041
17027833
247314084
514018959
12583
28000
21459
12083
27209
9959
24208
13333
29167
20709
33625
21875
21000
20500
19958
20709
20917
21333
21083
21625
34500
21750
20834
22167
20625
21041
20958
21041
20875
20834
20791
24833
21542
20958
22125
20792
21583
11250
31292
25250
11708
23833
25791
20875
20667
21083
24917
22250
12708
7708
16416
12917
8500
19625
12792
12833
12625
12750
12750
7958
17125
12917
7917
17208
14042
12833
7791
17000
12708
12625
12667
12541
12625
7875
17334
14209
12750
12666
12792
12667
12708
5791
17416
12500
12875
12792
14167
13000
7792
17541
13958
13167
12833
12750
12916
13000
20792
8034042
10709958
872230459
316948542
792750
167
25500
365338250
21958
21833
11667
27375
11042
26167
132487208
89705583
451435875
12417
26916
13333
26625
13416
26833
10583
29458
21667
21125
33708
22208
16000
27833
29292
510849333
1023975250
13708
30208
10875
24792
13667
27834
22334
412377500
23125
27917
15500
26958
15291
29916
21041
13750
28334
21416
32542
21583
20875
21417
20667
21875
21417
21250
20708
22875
20291
26125
20833
21584
21875
22500
14334
25792
25250
20500
20000
21916
26875
22583
21042
22041
496718083
15750
35166
21459
20041
20375
21292
13208
27583
15667
29959
44709
21041
22083
23625
21333
22750
22417
23083
22833
24333
22083
28416
22959
23167
22750
23166
23333
24416
22208
30042
21167
23916
26750
24333
22792
23750
22583
23459
23250
23625
22500
22250
23125
26834
23417
22834
22041
23375
21958
24458
22583
23875
22666
24334
26042
24417
28000
21667
17000
36083
12000
26584
13334
14000
13042
20250
13000
14292
13209
13417
13375
14708
13125
14772292
13667
29916
15209
28000
21959
22792
22917
22541
20209
22042
30958
23291
22542
21792
22625
22500
23000
27125
21958
23000
23084
28667
22000
22541
22000
22250
22625
23375
24250
22500
23958
22750
27834
22708
23875
22000
32416
19708
8458
29333
20750
22625
29875
27375
23208
22541
23959
21875
24041
23417
24834
58583
24916
23000
23584
23458
23166
22667
24167
21875
66561208
124990750
9792833
17625
18625
16083
16875
5820375
56231042
34941417
13875
28875
13583
29875
13583
31583
23542
22792
16250
32667
33209
22584
22667
24083
46291209
629029250
25707208
369960750
109238125
9497333
753618125
309828500
509040334
30334
125
30833
12875
24541
13292
24250
12708
29625
21791
32125
20833
22333
21958
21459
716652000
613884125
58316791
12875
5234666
17214416
60845416
8919250
37195083
97022334
80347084
23041
22000
20750
14208
28250
20584
22959
20625
22750
26542
28250
21625
23458
22250
23709
22666
17958
25583
23250
19292
21458
27417
31500
20333
20750
22208
24125
23125
23875
23167
24375
27917
22584
21792
22500
22000
24083
31792
19458
20208
23209
22417
22666
27917
23792
22750
23334
23334
23500
22667
24208
23625
22792
21416
28209
23416
23458
23000
22500
24167
23917
21625
23125
21583
23958
26125
23000
22000
23667
22833
23959
22833
21667
21833
24042
23291
25834
23583
23500
22500
18834
34084
13708
13209
14375
13166
14083
13125
16208
13083
14458
13666
14458
13291
13875
13334
14291
12584
14209
16583
46671625
149884750
765045042
511861084
511706834
309142250
24500
15083
23625
10625
21667
10666
24542
10792
41000
25417
33500
18542
167
23791
10750
26375
10333
25875
10250
25667
13750
30292
13084
22791
19625
11250
24375
11666
25542
11583
26917
16000
31208
23084
11291
19083
26792
12916
26542
12708
25875
13167
26750
21792
12958
26500
10458
26334
16625
125
30916
18042
10458
24000
22625
13333
26583
12792
26375
10250
25834
12666
26250
20333
10375
32375
12667
27333
13583
27250
12791
26916
12375
28208
12250
164958750
241388708
13416
25333
11458
22250
11125
23250
10583
23958
10375
25000
26167
10250
25584
11084
25417
11208
27000
12042
25125
12916
26708
22625
22667
25542
26541
26292
23833
10667
25542
10416
25584
10333
32334
20125
14333
35292
10667
26208
10625
27375
10083
27625
12250
31584
10458
25375
10125
26166
13542
543602167
14625
22958
168449958
22750
615167625
67751583
177987459
777831625
165255667
114979417
436398792
409179125
717271542
13584
26125
11042
26333
21167
20375
20959
1078084
21667
12209
27083
15083
27791
21250
15458
29834
14959
29750
20417
25959
20833
21000
21042
21333
20875
21209
21000
21750
21500
21250
24000
21584
20875
21500
21000
21833
21167
21959
20875
21375
20875
24416
21167
22708
21250
22542
20792
21959
20792
35292
20708
21167
20833
24708
16250
15500
8167
1430065667
12833
26416
14000
27458
20417
12750
28500
11417
718212416
12959
25792
11708
25833
11666
27875
20833
20958
13667
407310834
131602208
687248125
409744583
414798750
713061500
22208
25416
13958
20667
28875
20250
10500
23458
21500
21792
20333
29916
20833
20667
20709
21625
15375
29417
10750
32083
25166
11625
28375
21208
10542
27750
20500
19833
22541
23625
22833
34125
18959
38375
19792
10458
25750
14334
28917
21500
21792
20375
21875
20375
30500
18208
20625
20875
15250
29000
21292
20875
21292
20750
15500
40791
125
33584
20666
20958
20500
21208
20792
21417
20708
22167
29000
5958
16875
13250
12875
12709
12875
12667
12667
12917
8083
24542
11584
12667
12708
12583
12416
13833
12584
12834
12583
12792
16250
12917
12750
12583
23750
12500
12459
12750
12667
12708
12458
12833
12666
13417
12834
15292
12875
12959
12500
13583
12916
20459
11333
5791
16875
12583
40250
12625
12792
12833
12875
13291
12875
12709
12375
13625
15458
13250
12708
12833
15500
13459
12583
13750
12333
14000
12584
12833
12416
18750
8958
20042
7792
17292
12833
12833
12917
9958
13334
18791
15708
21125
11000
9958
11958
11625
6667
15334
10958
11125
11250
11375
11458
11958
11125
11333
11167
11667
11125
11000
11084
10917
11250
12667
11292
11500
11167
11500
11084
14417
5084
16542
11125
6667
17000
11292
11042
6791
14750
11209
11083
11000
11042
10959
13667
15834
11917
11291
11958
11250
11167
11166
11333
11584
11167
11167
12500
12208
11167
11083
6541
15042
11125
11000
6625
15083
10875
12250
11292
11083
10958
6458
15083
11167
16084
12167
5083
14792
11875
11250
11167
24125
11250
6583
15333
11167
11000
11042
11042
11334
11125
12083
12667
11458
11250
11584
11000
11667
14333
6041
12333
18125
84
19875
10708
11167
13208
11209
11000
10959
11292
6375
16167
12958
11417
6625
16000
11042
11667
11208
11083
6792
15917
11167
13125
11333
15125
11166
11000
11250
6667
14875
11041
11041
6458
15166
11041
11666
11333
11083
11167
7250
15292
11083
10875
11291
6542
14750
12250
10833
11042
6625
15333
11000
6750
18000
11167
12209
16250
11166
10917
11000
10917
6625
15041
10750
11000
10958
11042
11708
11125
11042
6709
13084
12125
13541
6583
14791
11291
6208
16417
11125
11125
11000
6750
14834
5208
15125
11292
11042
11084
11625
7334
15084
11167
11000
11041
11000
11000
11000
10958
11250
11875
13625
14084
11125
11041
11000
6625
15042
34666
13375
11167
6750
14458
11083
6583
15000
11167
6625
14917
12500
11500
6584
15042
11458
11041
6666
15500
11167
6750
15208
12500
11083
11084
6667
14834
10917
11166
11083
6708
15167
11334
11791
11250
6666
14917
11084
13000
11167
6667
15084
11084
10875
6625
14792
11042
10875
11000
11958
11208
13792
14000
11208
11084
6792
14917
11000
11333
11083
6708
15041
11125
12083
11250
11000
11000
6500
15000
11166
6291
15584
11125
6625
18750
14042
11208
11250
11000
11042
11000
11042
6500
14708
10833
11250
11458
11334
15208
10167
6625
15083
6417
14375
16292
9959
11167
11083
10917
12333
11291
23041875
24333
22416
20459
10500
27333
21000
21125
20750
21250
21208
27458
21292
15291
23584
25584
20750
21167
22000
186333
20750
21042
20875
20833
21625
20917
20958
20583
21375
21042
26208
7538291
21000
25875
23000
20416
20208
21250
21083
20500
20834
20875
24875
21666
20708
21500
21375
20584
21083
21375
21083
21542
20875
25208
20625
21208
4735792
2892000
11291
28667
22458
21041
21459
21542
21625
21417
21917
21875
35875
11209
32208
18583
10666
28875
60167
22750
16584
29834
21666
22750
22167
22792
22041
21958
21625
26375
29833
17000
22083
21416
21375
21875
21917
26333
22000
21834
25542
937500
20375
20958
22584
28542
22375
21250
21375
20916
21375
22167
24416
21917
21750
22208
19208
21292
21292
21666
22125
22000
21666
26042
21375
21417
21916
21625
16771167
59295708
584081375
16041
411270000
16000
42833
22459
12750
23125
12375
25791
13209
27417
21750
15375
28333
28333
21209
20417
20709
21709
21250
20542
20583
21375
21500
22334
25125
35833
20167
20458
21042
15750
28375
21458
20291
22458
20500
27292
34292
23083
30500
11000
23875
13208
26625
21208
21667
21541
27709
21542
21541
20917
21292
21083
20916
21500
21542
20792
21458
25792
22708
21625
21542
20792
34750
20958
22042
20916
22500
20875
21208
21709
21917
21334
22167
25292
22583
24542
17875
12625
13125
13041
13875
12834
14000
12583
16042
12375
12541
12792
13125
12709
13292
13584
13625
16500
13791
97795791
22875
23333
20542
20375
27125
16000
30500
21000
20333
21125
26458
22000
21250
15833
35125
22625
30667
21292
21084
21500
21166
28167
31917
166
10292
29708
21083
21000
21750
21000
21167
21459
25791
22041
21458
22000
21417
22834
21541
21125
21292
21958
20542
26958
21791
21292
21250
22583
21750
27417
22042
27292
19708
21375
27375
21083
22667
20833
17667
35042
125
30125
16958
20208
13208
12750
13875
12583
12959
12750
13666
12875
13000
9065750
26750
19250
10625
28542
22500
20833
21513458
174363875
303296125
370250
11667
24958
10583
27834
20834
21833
21792
30065375
11708
28875
21333
20834
20625
20750
21125
20750
32418333
23792
23792
20791
21500
21000
21417
21584
22167
21666
21417
27625
22250
20375
22792
20917
21792
21500
22375
21708
21458
22042
27417
21250
22417
22083
21333
21125
21500
22292
20830250
106915708
319367375
717974375
12708
26958
10458
27875
20875
13958
28333
20375
20875
21709
30417
21583
22667
16458
29208
22500
21167
21292
22167
20458
21042
29417
509750041
3533625
48199042
7000
13666
1178402792
22917
84
31500
11000
25875
21166
45958
28584
13459
27916
20583
21250
29792
612180750
104032667
1337250
83
31542
13666
27875
20750
406083583
13625
35125
29625
11583
25084
10459
30875
23208
48750
20250
35750
12291
26916
49250
24125
83
29375
24625
14542
29750
15375
83417
25218667
383219458
1331344500
1125959667
12750
254450584
46812833
8612708
89115333
12667
31958
20833
21750
20250
21250
21500
22750
21416
22792
32334
22417
22916
21584
29292
21625
22500
21250
62376916
15250
566708
36735208
14125
28166
22208
21500
20958
21000
13208
28292
20584
21375
29959
23375
21000
23000
23167
21625
22583
21250
20791
22375
21042
31042
22916
21250
21291
20375
25459
16417
29708
28667
21083
22042
27541
22542
21958
2866083
23375
20667
21250
709292
3847709
15166
26750
21208
12834
27458
21875
22000
22042
21583
22708
26667
22458
21292
22541
21125
23334
22250
22625
21708
25458
21375
26792
21625
22750
21334
22250
21250
22000
23625
20042
22500
26083
28333
22958
21708
22041
15667
33334
21959
30375
26250
21958
20958
25208
23208
22291
29208
22333
22250
22667
22500
22875
21667
29333
25959
29084
21417
21583
22500
29250
21584
29125
21625
35291
21375
26708
21250
34708
14666
32334
21125
21541
28917
21833
28583
22459
26833
22042
23791
14583
17291
12792
12833
8958
17958
13000
12958
14875
12584
13375
12834
12750
12667
12833
12666
12500
12750
13000
15125
12958
12917
12458
12875
12834
13083
13792
12750
17375
1255083
12119292
200304708
556166
10053250
56063458
272109500
356823500
21500
13792
29875
22541
21833
20750
3393084
144331125
30675250
652395417
12209
512102375
205265667
48489041
1178450166
114510167
499715167
256433875
665207500
306907000
495503833
835151541
283185042
