627104375
2195375
5291
25959
28625
38583
41041
46916
54709
60291
66333
74292
80667
86833
93875
99833
100083
108375
115000
130333
122958
130125
142958
157000
146958
153250
169125
170750
174584
176500
192042
189541
199666
198083
217250
210459
228167
227292
201709
212125
213833
224750
236500
233625
232750
244292
248750
249750
255334
261250
277209
286375
300417
285708
287250
72185750
322167
377458
373084
372625
448208
424000
416500
418542
421084
428250
456875
418959
399875
48309167
648959
641083
632792
575292
555209
591584
596708
673125
599750
611000
625584
605917
630083
626583
636167
615958
568625
570166
584000
591291
595541
610833
571375
545750
542000
630708
780500
798208
798708
806958
783958
701208
699292
707750
724625
731584
664625
632375
640291
655667
656458
661333
664959
670584
672583
694125
686709
689125
621375
629500
639167
637208
642917
644417
602209
583417
608292
599208
602250
620166
635750
631208
624167
624041
631000
638375
631417
585792
596333
599541
604708
623709
617666
613958
619666
633834
599458
585291
589625
598458
593417
599125
608500
620209
611208
618542
595041
620791
591625
596042
596458
677667
607291
614625
614750
621083
587083
596041
605166
602208
606208
609583
610625
615459
619291
604083
594375
598625
609333
603875
624042
612917
609667
634041
637417
603042
613000
611791
609792
615708
619958
626959
6733709
632792
642167
643291
641875
653375
646959
648041
678667
678625
644583
646542
642708
648791
650208
658625
651167
648667
657083
669750
667291
667416
659000
663375
664417
655750
663500
671125
672667
676500
683542
669875
674125
704166
698958
685209
691417
686709
688916
698542
694917
699666
707000
709458
739292
661875
664083
668041
668375
669458
676875
679000
675584
683250
690209
685833
689042
726041
709250
699792
702042
700917
707625
709375
710000
716083
719250
739083
767041
741208
730333
727708
731834
739042
740500
750750
742042
756166
748500
760667
782417
758583
764292
766000
766833
765500
774083
776541
779750
819250
791750
803667
791292
790417
811959
798916
801000
800459
808750
818916
811709
848667
823500
822042
10111875
843750
4031833
905167
334219250
5757667
15186500
36452042
452317708
2252667
2268792
2203625
2083625
314039416
140770375
120964750
339168042
82942166
228662458
2321125
2367292
163056333
1056225792
612816541
2606958
2410125
610939916
408099417
2644750
185136125
878165000
880974417
23789209
204339667
27976750
37618917
2624166
2482583
415324959
2307807334
1787301500
30324792
7414333
353364292
2470833
420587042
2186458
2248541
2248917
2269625
2397417
2241750
2059875
2797416
2594542
395253375
2777917
199731042
613528000
409866833
2789875
454631000
875455500
412946708
85087417
188877541
554938375
397388875
2205416
2981209
561456708
926385667
972598125
400649792
2451750
2287334
36830500
40213542
328170291
2797958
2823375
2659833
2452583
2241959
3032375
2738250
2599334
2457709
2303584
2267083
2051959
2014500
2027542
1843000
1821750
1826208
1717125
1682458
1680083
1687375
1568500
1590916
1572958
1538750
1481417
1478875
1500958
1492083
1488500
1424750
1431042
1412083
1384500
1395125
1387333
1377458
1342084
1342666
1350292
1346541
1333833
1314667
1313334
1307875
1318709
1300333
1295333
1305500
1287708
1273791
1279875
1281792
1281375
1281500
1279166
1291167
1287042
1324167
1253583
1203709
1208666
1218375
1212458
1215417
1216125
1216958
1228000
1226625
1230291
1231459
1234250
1258208
1238083
1240750
1249292
1247917
1263875
1253583
1255542
1256542
1262458
1265500
1271084
1270958
1290000
1275250
1277167
1277000
1303000
1282667
1287959
1292292
1295708
1313458
1302417
1302250
1306083
1329834
1302666
1310125
1313209
1314875
1321541
1324792
1326250
1334833
1332250
1330709
1340417
1340291
1361250
1350750
1360000
1357666
1350958
1351625
1361917
1365625
1362500
1370292
1371292
1376917
1416625
1378750
1379042
1388375
1388291
1387583
1393209
1396875
1393250
1404583
1404417
1407583
1435250
1412792
1416417
1412292
1421167
1423292
1426667
1431584
1433875
1436916
1437000
1456708
1447791
1446375
1445750
1451917
1452208
1457333
1462458
1468583
1473416
1469209
1475042
1495750
1486042
1480666
1475334
1486666
1486750
1488500
1489208
1498250
1498791
1500334
1516958
1549792
1549000
1586292
1548250
1548333
1550000
1577416
1560000
1567666
1599500
1580709
1578791
1585084
1603834
1573917
1606500
1591500
1601333
1614333
1589042
1627209
1608667
1614000
1644000
1607208
1647041
1646667
1610583
1649583
1640625
1638500
1650042
1662458
1639458
1675042
1661250
1648459
1688666
1679542
1654209
1702375
1692500
1656458
1686625
1702000
1669792
1689875
1711166
1687083
1699833
1715250
1716833
1699333
1721792
1718334
1711750
1719834
1741250
1736167
1722959
1731916
1750333
1750500
1737042
1746292
1749041
1753709
1752042
1755875
1769125
1781500
1762000
1761500
1785042
1784708
1780250
1771708
1783333
1796500
1803084
1790834
1798250
1798584
1809542
1810750
1810125
1800791
1802917
1825417
1823875
1829959
1828000
1820417
1827750
1840375
1842875
1843917
1837958
1839083
1842208
1856042
1870542
1857458
1881292
1856334
1871291
1869208
1872375
1895792
1875042
1891000
1923334
1908208
1883667
1885750
1893042
1940750
1903000
1919583
1972042
1908292
1909958
1924416
1942417
1949000
1937958
1935833
179652500
5054958
4497125
3957459
3659500
3521084
3175041
3144708
2903208
2888542
2680292
2713292
2551125
2524500
2552708
2450500
2415083
2329666
2315375
2288166
2240916
2257417
2197916
2190000
2163833
2136166
2126500
2095542
2096458
2111583
2084875
1241142583
191996000
290705792
508985250
722431750
9873459
4505500
4028875
3707750
3423083
45547042
3659000
3346958
3417458
3112208
3066625
2884291
2834625
2750292
7053917
2707708
2637125
2556084
2558833
2458167
2453750
2419334
2381167
2363708
2393708
2320250
2254042
2242084
2222584
2281750
2194833
2219375
2301667
2123458
2045542
2067958
2079666
2160167
2057166
2114250
2194291
2063833
2080125
2080208
2136917
2131542
2078917
2180541
2206792
2088375
2097000
2097667
2170666
2145042
2116166
2333583
2118709
2111291
2121917
2125125
2218459
2133583
2128000
2337709
2127875
2144709
2169625
2207666
2213125
2202250
2267375
2306167
2205875
2230292
2224042
2287583
2236542
2250334
2322583
2170708
2192083
2187583
2235250
2239459
2185083
2297833
2335167
2227292
2216084
2195667
2308167
2202958
2314459
2345000
2206167
2227250
2261500
2247167
2263708
2231292
2424917
2228541
2234833
2296916
2264750
2288666
2252458
2350542
2372500
2263500
2311084
2283291
2314375
2272250
2394000
2400000
2313708
2339458
2295667
2359334
2302000
2422750
2429125
2294500
2355458
2290917
2381583
2310750
2419125
2421167
2311291
28663125
176534500
8011708
4384792
233239500
6178500
29064291
5140042
4718250
4369083
3968875
3722916
3609541
3374083
3304458
3183250
3178208
3018959
2986334
2892375
2832875
2805459
2745459
2756708
2738000
2649542
2616167
2622667
2594917
2580959
2628167
2470333
2396250
2457875
2404916
2452750
2418542
2623000
2427709
2432792
2478250
2477250
2464208
2540709
2591542
2432458
2487750
2470542
2450833
2443541
2531334
2451291
2454084
2514875
2465834
2507167
2525250
2687708
2479416
2480417
2562291
2492542
2493875
2576625
2488042
2495041
2547625
2513167
2501709
2544750
2530958
2508792
2519417
2561916
2531167
2519625
2580208
2520042
2531958
2584167
2527750
2535666
2646416
2578792
2595958
2605625
2593958
2555833
2565125
2640333
2562875
2572167
2614708
2597375
2576042
2627959
2618333
2585833
2623625
2650542
2656542
2677125
2643084
2593209
2620583
2609583
2604666
2732833
2626208
2774250
2613833
2619750
2651792
2668375
2673709
2747875
2710875
2730750
2723167
2728792
2721625
2743792
2652125
2657500
2651542
2692417
2668583
2720083
2666750
2662709
2747791
2731083
2714792
2814125
2724500
2773667
2779875
2773625
2752333
2796458
2798042
2772959
2813375
2787500
2781625
311458292
6381917
7329416
5903542
5448333
4763792
4622667
4222833
4074667
3891166
3690708
3576458
3582292
3374125
3350416
3250958
3208292
3157667
3082083
3026875
3020292
2988375
3006875
2978458
2790208
2788958
2786000
2786250
2789708
2806667
2794666
2796709
2802750
2805792
2816167
2825084
2814458
2822542
2853625
2826334
2834292
2830500
2828792
2852459
2829750
2866417
2879959
2865583
2870458
2902583
2906750
2933292
2898416
2911084
2900250
2923750
2927125
2934083
2901666
2871250
2876000
2884458
2946542
2954292
2979833
2976167
2989417
2990500
3013625
2996375
2898833
2904875
2905709
2915792
2910666
2934834
2918250
2922084
2951167
2958292
2979583
2988583
3000250
2995250
2993709
3035750
3016958
2947750
2980958
2959792
2961000
3033459
3000083
3006833
2966333
2980291
3039584
3025125
3045333
3062666
3089167
3056416
3095625
3100042
3106417
3104083
3100375
3119959
3121209
3155625
3107000
3112833
3197250
3112458
3033417
3101709
3055625
3080709
3117583
3075666
3143042
3104792
3111834
3151500
3266667
3179083
3148625
3179041
3216542
3248625
3127250
3064583
3072541
3154792
3179875
677528917
328109917
29796083
999157542
6728834
5911875
5476916
4863334
4623541
4444208
4167375
4003500
3940708
3829917
3721917
3650375
3603667
3485250
3508500
3408042
3393500
3423916
3171375
3206583
3151334
3151916
3194417
3163958
3186375
3195000
3222084
3284959
3277084
3261375
3376167
3290834
3325334
3278458
3305958
3238042
3190709
3218000
3227875
3198916
3248375
3213750
3208083
3280375
3213833
3285125
3254708
3219375
3264917
3226125
3340792
3252208
3238667
3291333
3244083
3340334
3245125
3251792
3289542
3302708
3382750
3377916
3359417
3430625
3401333
3445875
3269167
3279916
3316084
3273000
3347416
3293750
3295791
3336208
3294042
3361583
3304167
3304375
3356916
3315041
3360834
3379583
3323209
3326250
3316584
3458250
3327125
3337000
3355417
3345375
3509959
3346792
3347000
3388709
3410250
3483333
3448959
3491375
3486417
3450708
3456875
3365333
3374084
3378625
3417625
3491709
3472208
3498125
3529250
3538208
3392917
3395791
3441083
3487917
3530083
3413750
3415583
3452000
3440708
3476125
3422459
3429000
3545542
3515917
3531666
3436542
3501834
3550291
3549167
3510208
3448541
3486000
3461666
3545500
3542000
3547792
3614083
3556833
3618417
3476792
3481000
3508083
3571959
3547791
3498875
3512667
3548625
3611792
3517917
3498458
3580291
3604417
3644083
3518917
3518333
3605417
3581958
3931459
3526416
3566958
3626250
3669916
3532833
3573542
3579709
3634708
3673584
3569541
3595625
3673417
3712708
3647458
3561083
3648500
3688375
3687667
3575125
3582750
3650417
3670959
3646708
3603250
3673542
3716208
3714167
3599791
3667916
3768916
3769667
3692583
3613125
3672625
3698542
3730125
3638917
3631750
3744125
3722375
3730333
3651459
3692708
3748833
3780584
3646791
3702458
3786458
3818833
3724583
3661375
4061042
3757292
3772375
3672666
3683417
3787125
3803500
3716958
3686875
3830209
3816875
3803875
3721500
3731541
3828583
3850292
3705583
3771958
3874083
3871583
3799875
3874500
3947333
3926583
3895291
3743667
3782083
3826667
4170000
3772958
3758084
3888291
3865458
3862417
3792083
3924959
3899917
3879042
3769167
3920250
3908000
3938667
3785750
3786542
3867334
3888416
3850750
3789958
3965083
3896417
3878334
3804958
3942500
3936583
3941291
3818250
3946416
4018000
3997583
3827625
3911791
4004459
4023125
3897292
3837750
3898167
3951458
3944292
3878292
3945334
4011792
4024333
3863667
3971959
4017833
4057583
4059750
4049292
4126375
4096750
4085042
4089750
4105833
4121292
3895334
3900083
3977458
4011125
4012083
3909792
4032875
4026750
4018292
3935541
3995000
4073666
4071041
4001625
4042417
4082125
4073125
3943000
3950500
4086709
4074542
4079458
4131791
4136042
4127542
4174792
4146500
4182833
4126834
4008833
4102917
4096250
4138542
4014917
4130958
4204875
4209250
3994875
4086583
4168250
4194750
4006667
4133042
4214917
4214125
4024041
4128375
4252625
4241625
4037042
4166042
4213667
4257500
4042375
4157667
4242042
4265667
4064542
4055333
4093541
4277084
4181375
4244625
4217000
4266833
1848699166
611657500
8382125
180426500
936618167
10230250
245760250
10140792
9166625
7592667
6906541
6293458
5831292
5495500
5238250
5047625
4899459
4763541
4611542
4530875
4468667
418796208
468398208
8073458
7010375
6311333
5846583
5546875
5355583
5061209
4919750
4794500
4666708
4584000
4497916
4500541
4213333
4178292
4182417
4187208
4191292
4188750
4191875
4192125
4202000
4194208
4205042
4201709
4204041
4208167
4232250
4254959
4272625
4250667
4297667
213841708
101570708
10184750
9347750
7730583
6854750
6431209
5947750
5608709
5380958
5177000
4976166
4850125
4739666
4653708
4610208
4557416
4328625
4275667
4276917
4316792
4349375
4292208
4285583
4291125
4302875
4292000
4310541
4360792
4320666
4344459
4344542
4365916
4367583
4399000
4376208
4377958
4405625
4412083
4409875
4420875
4459583
4447000
4438875
4439167
4437750
4386708
4379666
4359125
4373625
4377167
4421000
4424834
4460917
4455000
4467291
4479916
4498791
4465833
4522791
4505291
4521334
4509167
4525875
4534083
4523917
4544917
4535542
4547292
4557625
438545166
45233208
161396541
303364791
10278291
8437375
7277417
6760917
6257583
5875625
5629583
5342000
5180125
5032459
4928417
4802250
4861666
4647250
4469750
4464958
4489417
4472125
4472250
4530167
4490292
4491250
4484750
4509458
4488250
4498042
4531375
4564792
4537083
4546667
4575084
4572709
4604542
4584083
4626375
4630792
4610875
4617500
4634167
4646291
4667167
4639791
4650667
4658708
4663000
4677292
4661584
4678958
4684916
4689167
4686416
4725125
356048834
10216125
504235459
10994833
9765708
8161750
7233000
6730083
6264083
5917791
5652750
5411458
5234834
5142500
5021959
4997250
4875375
4627000
4656125
4624834
4621000
4652792
4636708
4683042
4658958
4652542
4647125
4644625
4676792
4661875
4710542
4680792
4731125
4734583
4735958
4717916
4764208
4734584
4770583
4747084
4793958
4767000
4796458
4797583
4792792
4803000
4802791
4820917
4815458
4845291
4843250
4830875
4829500
4837500
4853166
4862834
4844916
4871167
4858667
4901792
4739500
4743750
4760667
4790125
4746000
4874542
4749083
4798458
4837916
4900541
4842208
4763709
4786625
4857792
4931209
4925666
4928625
4981834
4958041
4966000
4988958
4977333
5028375
5000708
5010208
5002000
5006875
5024375
69081167
6280625
185842125
316412833
12067958
9740875
8315917
7466709
6844708
6423834
6096666
5844625
5675500
5475125
5330500
5264542
5228959
4859875
4859750
4874250
4878250
4870625
4870666
4924292
4911583
4883167
4959083
4934375
4941917
4986125
4951208
4978250
4982750
4996666
5000709
5007459
4995541
5019208
5039708
5038292
5044917
5057250
5048958
5064917
5074625
5083750
5076583
5134625
5080958
5095625
5080667
5113417
5116375
5138083
5095917
5179250
5106583
5122583
5102750
5158875
5118708
5131000
5137709
5137541
5130291
5125041
5049125
5000542
5002958
5015167
5008250
5039083
5090375
5100000
5117500
5121209
5138042
5148250
5177959
5177500
5172458
5191708
5196417
5203834
5205750
5227375
5230875
5204958
5217791
5212375
5206500
5234042
5229459
5221833
5231625
5261708
5243875
5235333
5244291
5248041
5268208
5258000
5250667
5268667
5316458
5267708
5292958
5301833
5304958
5277917
5310291
5291500
5384416
5301500
5291875
5340333
5322041
5294166
5167209
5266459
5353959
5363333
5396583
5429708
5436834
5462125
5439916
5427042
5445209
5454583
5454416
5449542
5462750
5460500
5457166
5475167
5491167
5482750
5490625
5481292
5477834
5488417
5487792
5498917
5506709
5520959
5498667
5520417
5501625
5513917
5548083
5524291
5547292
5573709
5562167
5551209
5565792
5553709
5535458
5559458
5562542
5558208
5575416
5563292
5593916
5586167
5470459
5273208
5285916
5318666
5371709
5414333
5452875
5433792
5454917
5479708
5472292
5546083
5507917
5491750
5507875
5575375
5501417
5546459
5529125
5532083
5536708
5537333
5538166
5549584
5588583
5551167
5569209
5591041
5546125
5604667
5577333
5592542
5609042
5598084
5613917
5603542
5625792
5602334
5617041
5658083
5655667
5630291
5619250
5643167
5652542
5639042
5628125
5651667
5664542
5650125
5649750
5663875
5699417
5669750
5681209
5680084
5688208
5683125
5691541
5681125
5698500
5699625
5703084
5700583
5794500
5711375
5709334
5726416
5718167
5726750
5726625
5727125
5738958
5764625
5758834
5743375
5751375
5787500
5747500
5767750
5771833
5762083
5753292
5501542
5508125
5552709
5661584
5692208
5700459
5701083
5705667
5729833
5710792
5739625
5737541
5771333
5759167
5769250
5750833
5790250
5813958
5788375
5774208
5804292
5793792
5779833
5827791
5822208
5824417
5840292
5809458
5849750
5816292
5846041
5833416
5865833
5841209
5869542
5868083
5850875
5862750
5848084
5828375
5745709
5809583
5920500
5933417
5942625
5957208
5976708
5790292
5649709
5690959
5778500
5815334
5752125
5667500
5773459
5810625
5830833
5853917
5884083
5903833
5905375
5952417
5932375
5978333
6001666
5996084
6049542
6043458
6033541
6052250
6097042
6141084
6162667
6172792
6193250
6194084
6148917
6109916
6155708
6146667
6142209
6212166
6219834
6220958
6200500
6093667
6113625
6140333
6217208
6253708
6258250
6278916
6272875
6300000
6312708
6307917
6323250
6328000
6329208
6324917
6284000
6027833
6172125
6192458
6268041
6269000
6269000
6299000
6317875
6302875
6303584
6317541
6320375
6313958
6330625
6316250
6331834
6321917
6396375
6342833
6418000
6370625
6330917
6361958
6378833
6365583
6359792
6384125
6378917
6370208
6361916
6410667
6381584
6397125
6384292
6391167
6394209
6399791
6409958
6416125
6403667
6408750
6411959
6358750
6363667
6376708
6428000
6474208
6480750
6508625
6511791
6537000
6523583
6548916
6562416
6331125
6313375
6272167
6498541
6484958
6513375
6520083
6534208
6579292
6535042
6541542
6552250
6555333
6590500
6555250
6569083
6582000
6567416
6569417
6590167
6590167
6595916
6587667
6606250
545519500
336986000
481041708
6949125
435537833
7258583
6525750
6527083
6503833
6483166
6565583
6400459
6490666
110268959
6494791
309684875
177682416
7251000
6651416
6689625
6712334
6710250
6735542
295444666
7277416
6585958
6565875
6579875
6588583
6596542
6648750
6568042
6606000
6568375
6476834
6604459
6586708
6590333
6634542
6620250
6644709
6688708
6678125
6689208
6709000
6687042
6740292
6707959
6715625
6734667
6722042
6739250
6726417
6778625
6756125
6806083
6837833
6815708
6838292
6822125
6832167
6844625
6834083
6851125
6838250
6843250
6866291
6855667
6860167
6856334
6861667
6876334
6865125
6880542
6885834
6890042
6880834
6872875
6893375
6884917
6909125
6899875
6891125
6918458
6901208
6925667
6923875
6613083
6798667
6835209
6843500
6864709
6852166
6868959
6867500
6865125
6868208
6870792
6866459
6892541
6879709
6883709
6905667
6894791
6803833
6784875
6684792
6879042
6940375
6931666
6959292
6958792
7026042
7013583
7014166
6996500
7011333
7009917
7021917
6842750
6916125
6913583
7015042
7039959
7029083
7050916
7083208
7048833
7034792
7047708
7053958
7110750
7082750
7069042
7083875
7070583
7060209
7080708
7076042
7130084
7084584
7128458
7089625
7103334
7097916
7095833
7096541
7111833
7104417
7123458
7118292
7113750
7125250
7135500
7124041
7131333
7138167
7124375
7144833
7135958
7147584
7159125
7144209
7154667
7142375
7159250
7171666
7155083
7175958
327223667
409396750
6781083
6916667
7002583
7050333
7038208
7079833
7053292
7086292
7094083
7083125
7096333
7121459
7138875
1854336792
52307750
7160250
7184583
7179708
7191750
7186625
7215584
7193708
7214583
7039792
6984875
7100333
7159167
7192542
7226292
7240459
7276292
7270042
7279625
7264084
7295958
7277291
6951959
6094541
5330041
7173708
7171833
7199708
7156666
7259333
7308959
7313333
7315000
7307667
7319166
7334667
7325416
7345125
7325958
7339708
7331333
7346500
7345041
7362250
7369875
7297875
7081583
7206208
7299000
7739708
7121542
7163833
7330625
7367500
7357916
7320584
7325625
7370791
7339916
7355833
7364375
7368458
7387791
7391459
7320875
7311792
7404416
7418959
7401250
7321625
151198333
191640709
93249083
193582334
863467583
7318917
7307500
7300875
7300833
7314000
7324834
7345791
7324000
7357542
7399250
7366000
7392708
7390791
7403375
7411625
7424917
7418792
7427375
7439583
7430833
7446500
7457417
7455792
7458041
7395583
111727667
727339167
7345709
7350958
7384625
7404917
7390584
7392417
7407041
7447542
7447208
7467583
7492417
7487125
7466500
7504167
7564416
7559375
7581417
7579291
7578458
7580417
7605417
7594792
7593334
7598375
7599875
7618250
7600958
7604084
16598166
7626917
7622750
7640375
7625584
7632250
7638417
7648584
7628042
7708458
47909666
7497708
7601208
768211333
7553000
7483583
600062417
306881917
7657500
7690166
7681167
7674750
7670458
7691041
7682166
7689500
7693167
7710792
7702792
7720583
7700208
309830167
803456583
178133417
554119291
7605416
7668083
7700792
7699291
7693500
7732375
7720542
7702708
7684750
7697042
7696583
324840042
7667417
402338292
166295458
138271084
619245583
174189625
20682250
519640500
2128544667
534031625
91412542
7638875
8264208
7649167
293221833
50728375
7860041
7813709
7820250
7827667
7826042
7812375
7825000
7835792
7643708
7565042
7580167
7785042
7839125
7826833
7858916
7859458
7856417
7856792
7860167
7870250
7862834
7870167
7872625
7872958
7891959
7885792
7895125
7947542
7903333
7898500
7908375
7900917
7917000
7901917
7899875
7916250
7934792
7942458
7926000
7938125
7939667
7930292
7937917
7941750
7919583
7929125
7952458
7956208
7949375
7957791
7956208
7958917
7972500
7962958
7988333
7980917
7997917
7946583
7968334
7987125
7988709
7996542
8004166
7999250
7999667
7997666
8013584
8006208
8018834
8017416
8023166
8025709
8034166
8035792
8036292
8046875
8033125
8049334
8044000
8025084
8015250
8050209
8048833
8072791
8062542
8060958
8065833
8091750
8080375
8084375
8140083
8101792
7910041
8095459
8053208
8108208
8107334
8103833
8118666
8111875
8109542
8121250
8096167
8092250
8147167
8135083
8134291
8155542
8146084
8151667
8160083
8155917
8150666
8154458
8172083
8159000
8177584
8165375
8167708
8173125
8184208
8182417
8190917
8191125
8184625
8194500
8189333
8198541
8206458
8203208
8200583
8217916
8213917
8225834
8216916
8226750
8233250
8241292
8235000
8267000
8186375
8233792
8251625
8257458
8248458
8248458
8258375
8252791
8259291
8258625
8272333
8343167
8277375
8275375
8299875
8288625
8280292
8320166
8292792
8321208
8307750
8319209
8319209
8307792
8314083
8311417
8321791
8322000
8330959
8268542
8286250
8336625
8358500
8359625
8336625
8342917
8354166
8355500
8357875
8361583
8359917
8363792
8372083
8380125
8383167
8387083
8384167
8382042
8379625
8386542
8384875
8397375
8457417
8385792
8390708
8410542
8403958
8418708
8411666
8422000
8447917
8438542
8441250
8432208
8425750
8440208
8438083
8453959
8452500
8462500
8526208
8365208
8478792
8468667
8457958
8471834
8472542
8477958
8472375
8497209
8483250
8485167
8483500
8478708
8496208
8503625
8552834
8509458
8510500
8504125
8507834
8521625
8506041
8528958
8518792
8520875
8532875
8538042
8537375
8548208
8553500
8544334
8554208
8549416
8542834
8565792
8562333
8571500
8561958
8569959
8587334
8600541
8585625
8579916
8599958
8582291
8589208
8598250
8591167
8599667
8610166
8612541
8765875
8613250
8617792
8609500
8621125
8619459
8630125
8611500
8635250
8648750
8667625
8648834
8646542
8681083
8665459
8660708
8678500
8669208
8676167
8662417
8671834
8672125
8696791
8685208
8719542
8696417
8688334
8689042
8715375
8695875
8723833
8698875
8712875
8708083
8712292
8722709
8729292
8727833
8726875
8752708
8741000
8726542
8754291
8753625
8733417
8751083
8744916
8767583
8748292
8759917
8762584
8772458
8767833
8770625
8787542
8804708
8777417
8783083
8777708
8785875
8804333
8804583
8802333
8817417
8862958
8797917
8825625
8813459
8814375
8825625
8853333
8816417
8808667
8790250
8842125
8832625
8850458
8833709
8838708
8842417
8858958
8862583
8861250
8865542
8862084
8873291
8867500
8906500
8888916
8883125
8886250
8895000
8882958
8906041
8921791
8934625
8906958
8920833
8902000
8920333
8942583
8925292
8934042
8921208
8929958
8932500
8930833
8948167
8940541
8958084
8957792
8951750
8954750
8951833
8962000
8950375
8979084
8965000
8975750
8972167
9039417
8991125
9133542
8992417
8990375
9061875
8997292
9023083
9001459
9015000
9010208
9008416
9008042
9008667
9032000
9026375
9021375
9061083
9036000
9042833
9042000
9046792
9063916
9042375
9056667
9055459
9059333
9053083
9085584
9057833
9080667
9078375
9077083
9077291
9085250
9086417
9083208
9100333
9084667
9088500
9099666
9102375
9148458
9099834
9117500
9113792
9114209
9115959
9131667
9123250
9144625
9128666
9140292
9133500
9134000
9198583
9155333
9169084
9148209
9184417
9154500
9168292
9164959
9180666
9162000
9198500
9176750
9196584
9197042
9180000
9185917
9189750
9204917
9200250
9226000
9215958
9209000
9209708
9229584
9217416
9234041
9222625
9217875
9240875
9233333
9251000
9244083
9256500
9268125
9261709
9266875
9264792
9259584
9252500
9263750
9274709
9266917
9265917
9282375
9277292
9315709
9284125
9290458
9291500
9291375
9291083
9289292
9306542
9290667
9306708
9441708
9320375
9323334
9318791
9320458
9326500
9333792
9326750
9333625
9337833
9345292
9339500
9350292
9364333
9366250
9358459
9362375
9360542
9375750
9379083
9384250
9383458
9367500
9388083
9396833
9389417
9390792
9396167
9400250
9406542
9404708
9412708
9403667
9405250
9427667
9406250
9422916
9443750
9430458
10172291
9431250
9433792
9449875
9440042
9452292
9462708
9460333
9462416
9455125
9452459
9466292
9474708
9471667
9544166
9479209
9498083
9482167
9495500
9510042
9487541
9501917
9505833
9503167
9502542
9514375
9509667
9516916
9524458
9517500
9539292
9534416
9559750
9540458
9543833
9551000
9564375
9551625
9536375
9559750
9544417
9566208
9559500
9565333
9571000
9567250
9579958
9584583
9578167
9606083
9576083
9593333
9588917
9605833
9599250
9598875
9593875
9621584
9616875
9606541
9613166
9621000
9630583
9616125
9630291
10384083
9656125
9655792
9664167
9666292
9643250
9682458
9661083
9654750
9652750
9666042
9671250
9690083
9696083
9669625
9678542
9698333
9709375
9687917
9688375
9706041
9693542
9715000
9717291
9704375
9728292
9713542
9715750
9715125
9716459
9735583
9727833
9735500
9734167
9757083
9750292
9751959
9759625
9758916
9742417
9766416
9771667
9769709
9757542
9758042
9766042
9778667
9777125
9784875
9779500
9778583
9790208
9829417
9823750
9851833
9798542
9810250
9821041
9778500
9819041
9825250
9870250
9841250
9828833
9828791
9844375
9840125
9832584
9852166
9840125
9865708
9839500
9863959
9864000
9874292
9889125
9870584
9880208
9872458
9872459
9870208
9885750
9896209
9878916
9892875
9915084
9898083
9897083
9905625
9895291
9910709
207078958
9939958
300081000
800321458
9929959
9922834
9928250
9936875
9935542
9958583
9929375
9946958
9949208
9945375
9955458
9951292
9956667
9953916
9967958
9970959
9971417
9979375
9965458
9979708
9995042
9979417
9991458
9983917
9998459
9987917
10001584
10002250
10008292
10011209
10155500
10029875
208394708
10029291
10038000
10036833
10037542
10030458
10044500
10036875
10053000
10040541
10057375
10057292
10064833
10067416
10077416
10066792
10072375
10084250
10070000
10086125
10078708
10084916
10103500
10094458
10088041
10090542
10099500
10097625
10136458
10105625
10140167
10126083
10116167
10134375
10119167
10132917
10134042
10129084
10134083
10149125
10136458
418435417
122712750
389700041
1231075750
611799625
260375000
1071205041
10177625
10252083
10169750
10189958
10171792
10171208
10184333
10198625
10188542
10205167
10190917
10207792
10216541
10211833
10244917
10218000
10218125
10217875
10224625
10225625
10224125
187616542
425900958
10234250
10213167
10248584
10286458
10269250
10265209
10262542
10278084
10316708
10197666
10270584
10280292
276726500
10034792
10247667
59767083
150064083
384143959
32761875
376633834
9895667
1320947458
10295542
10327083
1004763292
512971000
10278625
10301208
10313458
10335916
10327750
10324917
10341500
10353250
10326750
10341959
10347792
10340416
10348375
10344625
10259625
10215166
10341833
10369583
10395583
10377833
10386792
10378208
10380125
10387167
10387959
10396333
10384375
10402083
10407292
10419375
10427458
10466000
10434500
10415500
10421625
10422167
10415625
10427792
10432584
10472416
10558542
10431166
10447458
10456292
10445041
10452250
10478292
10459916
10465917
10460584
10474375
10465667
10478583
10484667
10483375
10492083
10518083
10497833
10497750
10493542
10505417
10494917
10525375
10508541
10520834
10528125
10517958
10490250
10541583
10530833
10532750
10558334
10535542
10547667
10531084
10546500
10547125
10566792
10562000
10554750
10555541
10582250
10586958
10594958
10587667
10583625
10591542
10587042
10591500
10592000
10606875
10580167
10602125
10603625
10611417
10607500
10636458
10606334
10612709
10607500
10630167
10631416
10647834
10646125
10647125
10641542
10641083
10633750
10642500
10697417
10649292
10716250
10670541
10658250
10675333
10671875
726391792
10697042
10681083
1002525500
10681666
579154125
1498116458
203556542
473164667
514687625
10679625
401112375
19234750
172792542
10713459
10724834
10738584
10745416
10729500
10738625
1689350208
10667791
10716166
10709750
668558875
10696875
10746042
38742291
10763083
10758667
122998542
420866458
10766291
10778917
10771833
10519709
10689500
10770542
10793833
10785625
10796083
10793084
10790708
10810375
10816791
10794125
10809375
10812416
10816625
10818041
10825416
10843916
900230666
570984584
258198916
307945416
10539375
10784750
10832250
10857416
10704792
10686667
10842042
10875833
10858541
10891208
10889584
10798166
10936500
10891750
10885375
10893041
236348166
338127959
252547208
534492333
140311291
371898167
58266500
10963084
1156063958
402396375
502236791
335847041
18489417
14715333
12646833
11652333
10941167
10494584
10144583
10276166
10416709
10415667
10399667
10406666
10414334
10432583
10474833
10470458
10486334
10526917
10526708
10533875
10517000
10590708
10564000
10548541
10557000
10576750
10650291
10630416
10601500
10643541
10609584
10614042
10619917
10060916
10311709
10457917
10473667
10540292
10557042
10582000
10603875
10476791
10582833
10716917
10750666
10782708
10267375
10452959
10566792
10661875
10679917
10700084
10719167
10760500
10718542
10756958
10721209
10736708
10766000
10728500
10760209
10740250
10751375
10764875
10816000
10790834
10782166
10793250
10786625
10796167
10782500
10787458
10827958
10786583
10830625
10308459
10546667
10630625
10722250
10733167
10773167
10777375
10804875
10837916
10822916
10820250
10809792
10843416
10605667
10895542
10946583
10987416
11001084
11009417
11033958
11025416
11043500
11052250
11054875
11053375
11038084
11068917
11075166
11083375
11041625
11063667
11083583
11075125
11073125
11072209
11080042
11086834
11093459
11087833
11107042
11101750
11100125
11096459
11098208
11105750
11090709
11149416
11133000
11120417
11119750
11146500
11126667
10919208
10431917
10743584
10810583
10847250
10905667
10791583
10567583
10808209
10876125
10953459
10727666
10788250
11008792
11001333
11001917
11027333
11019667
11034500
11034209
11064708
11043916
11050750
11048916
11066500
11066000
11057500
11090792
11064541
11090709
11081333
11099000
11094708
11089291
11097833
11088250
11102667
11105125
11129000
11122792
10653292
10887125
11007750
11073041
11075209
11076208
11121250
11109875
11126834
11156584
11145917
10967709
10703667
11134458
11147875
11157083
11209625
11204250
11206500
11213416
11201583
11208583
11203416
11205875
11211500
10973250
11107250
11167041
11210625
11215042
11216542
11224416
11233709
11224042
11256250
11231917
11237500
11242250
11260958
11239000
11265208
11325916
11283583
11311541
11311917
11311834
11304083
11289000
11281125
11281166
11280833
11279959
11295042
11317708
11316625
11323875
10848333
11048458
11228959
11304958
11347916
11369917
11422416
11423083
11427666
11458917
11446083
11458625
11461459
11501000
11463083
11477250
11495292
11474917
11501041
11483416
11486750
11477958
11492667
11501666
11540750
11511292
11517250
11506208
11509209
10943208
11138917
11277083
11313292
11325542
11356167
11368375
11385041
11387083
11397000
11394292
11404041
11414625
11428833
11434875
11475834
11457750
11457417
11450875
11448000
11455875
11471084
10925000
11195750
11323208
11380625
11381875
11380500
11446125
11433709
11442666
11456958
11350625
11006375
11323250
11424583
11446292
11473791
11485208
11473917
11502584
11496292
11520417
11503791
11522166
11521292
11590334
11552667
11568916
11599292
11551833
11642500
11547916
11426625
11261417
11571041
11172958
11040208
11389125
11340708
11302666
11555041
11201167
11388500
11371583
11134292
11710042
11639792
11209167
11312708
11480875
11318750
11279417
11564666
11286750
11408667
11710583
11795417
11419833
11336916
11698333
11185666
11724917
11710500
11597042
11323000
11484500
11490459
11273708
11418791
11754125
11443458
11525500
11331333
11452458
11454084
11582791
11733833
11755083
11491958
11256000
11386833
11475750
11547000
11380000
11792417
11821667
11335417
11344875
11638500
11718542
11375000
11464917
11528583
11372459
11757125
11856750
11867333
11883375
11914792
11891167
11904125
11880334
11906125
11882750
11914875
11895792
11744500
11571625
11419083
11602667
11714167
11796292
11804250
11796459
11843459
11844292
11827667
11824250
11861625
11851125
11839541
11844833
11710833
11675041
11622250
11330042
11619875
11751500
11593542
11524292
11819000
11903625
11709708
11787166
12010750
12074458
11597875
11804750
11818542
11585500
11744792
11837625
11671125
11728000
12089416
11849208
11830875
11656000
11747208
11698750
11788500
11846375
11500083
11790458
11818792
11500917
11938667
11687084
11685166
11786042
11801334
11704292
11662584
11642958
11778375
11890833
11694375
11833292
12163042
12136792
12232458
12106917
12111875
12161916
12111417
12162875
11836958
11961584
11919334
12123709
12164833
12167416
11836458
11773625
11910500
12023833
11679333
11841833
11875750
11823000
12059875
11979958
12143250
11993125
12069125
11962167
12043166
11969708
12036584
12050500
11923375
11984000
12008125
11809292
11860875
11942750
11970584
11844041
11864375
11942625
11804459
11781917
12112209
12190500
11890750
11935000
12120250
11810667
11861250
11987417
12083500
12274375
11950833
12100000
12112458
11821042
11903667
12179875
11912917
12048833
12009791
11983375
12094667
11890959
12276250
13220209
12055916
12240750
12404083
11896167
12353958
12149334
12088334
12078750
12229500
11942959
12203458
11846834
12181875
11996083
12064833
12000792
12108292
12166666
11950792
12238875
12348958
12349958
11930833
12013708
12255125
11896958
12041083
12117042
12244792
12424833
11940917
12220833
12037625
12230042
12107750
12352167
12135959
12173666
12316375
12341750
12132458
12115791
12532292
12492291
12003917
12096000
12369917
12167541
12146833
12099875
12281666
12134750
12228916
12213084
12457458
12075375
12484375
12257041
12048208
12157792
12220250
12206000
12340792
12643084
12419791
12687292
12383375
12362000
12360167
12620500
12601458
12446417
12563917
12584625
12478542
12569125
12213250
12340167
12367500
12240375
12535875
12453209
12252834
12249958
12304709
12521417
12349208
12360209
12229208
12335667
12210833
12527875
12446042
12123875
12211042
12215000
12328958
12117459
12312500
12397125
12177792
12190584
12408708
12174042
12560208
12611666
12528791
12131750
12369875
12374792
12376667
12195125
12598167
12267458
12325958
12481875
12351084
12574417
12692000
12450750
12296584
12216208
12727625
12489042
12187458
12149959
12697500
12825250
12787083
12334458
12379792
12460250
12261875
12382875
12529583
12227250
12313042
12681792
12509417
12402333
12595500
12386375
12478708
12531333
12531083
12626375
12405583
12372375
12633958
12633125
12565292
12627667
12388625
12638750
12536917
12599250
12863125
12775208
12854708
12841250
12718042
12256792
12186125
12481709
12795541
12821750
12496542
12696041
12893042
12422833
12645667
12932250
12740541
12718875
12307833
12632250
12905750
12915833
12407209
12811209
12596417
12656833
12381834
12548833
12490792
12653792
12542292
12531666
12456208
12507208
12882208
12649000
12687542
12976500
12891583
12985708
12924292
12950042
12908291
12966708
12919875
12902375
12925209
12903833
12950667
12934500
13061042
13088042
12967958
12973667
12940792
12966958
12932250
12971417
12677583
12651333
12591292
12779584
12613709
12920958
12962292
12948167
12506708
12685250
12802083
12891792
12920000
12922875
12969333
12952791
12971292
13015333
12985166
12977209
13006791
12964291
12997417
13198958
13104041
13007209
13013584
13023042
12969375
12988667
12712166
12570000
12795292
12862875
12913708
12924833
13006167
12991000
12982000
12641209
12907125
13036000
13164292
13015209
13061333
12968917
12659959
12833458
12651500
12767209
13218375
12549042
12818958
12722167
13048167
13180541
13090583
12910584
12493500
12825250
12738000
13020541
13128583
12979167
12757500
13065833
13166875
13114834
13137208
13197417
12773083
12639083
12923708
13037166
12797750
12744833
12731875
12954583
13067792
12880834
12799667
12755833
12904042
12740917
12943833
13130334
13097000
13151209
13157542
13199792
12967667
12845166
13112125
12859250
12945917
13155500
13226958
13245250
13241958
13048250
13043500
12709917
12848000
12860958
12970708
13140000
12845917
12841750
12973625
13001209
13152166
12960333
13191959
13146250
13120750
13404208
13090333
12913333
12977875
12952000
12880417
13146209
13038125
13014958
12851542
12974000
13255875
13208541
12905750
12930041
13317792
13158833
13050416
13188917
12890500
12916833
13150750
13075125
12962958
12908917
13055917
13056500
13122000
12980084
12990375
13290000
13325625
13048625
13321667
12996750
12974000
13145292
13309084
13368916
13035042
12933083
13192875
13407500
13434709
13156333
13112583
13316875
13412750
13427084
13421125
13298875
13172167
12918084
12954875
13094667
13478750
13470083
13461167
13510000
13529000
13297667
13336875
13459000
13513583
13482375
13292125
13230917
13323083
13371792
13405500
13403917
13085875
13408667
13330334
13459041
13398125
13280125
13460208
13141792
13209875
13242000
13313292
13253459
13499291
13214958
13286500
13464041
13313708
13169458
13326875
13369042
13341334
13668833
13431167
13407916
13506208
13134500
13134084
13140750
13289833
13508209
13196208
13302208
13307542
13347542
13382583
13388958
13213542
13208708
13352959
13292625
13441750
13374083
13253333
13328125
13465875
13460084
13242125
13586625
13440583
13713958
13798917
13368209
13491959
26391083
16326416
13743292
13541792
13597000
13511417
13837042
13617250
13321334
13369542
13655292
13481083
13495791
13525167
13395334
13656125
13724792
13798375
13750875
13687542
13277291
13592916
13511500
13473917
13585500
13496625
13597584
13431958
13551792
13576709
13357917
13614625
13414833
13521834
13624875
13503375
13452833
13285875
13461750
13714833
13495708
13549750
13612084
13792666
13410167
13626375
13591583
13831041
13502625
13757167
13629459
13851709
13969000
13484833
13524458
13819750
13792875
13640667
13887375
13960458
13679334
13579500
13687458
13408291
13578875
13851250
13880916
13807542
13874083
14120666
13930000
13943542
14004250
13811833
14073916
13796042
13817459
13996833
13822000
13818875
13968166
13914959
13776375
13871208
13996333
14028666
13841334
13712500
13874625
13952291
13939958
13931042
14014750
13982542
13747666
13854708
13554667
13735584
13748541
13982250
14130417
14025542
14097584
13824958
13885292
14271292
13810875
14134334
14053542
14028917
13945375
14035750
13793750
13992292
13915458
14088458
14847875
27340334
14324958
14278583
14223125
14150083
14102459
13987167
14006959
14069708
14147875
14162167
14123459
14171083
14010208
14039125
14127375
13902917
14074875
13937833
14085000
14148917
13794459
13829500
13945584
13915125
13884916
13884375
14126291
13917084
13801167
13867041
13874083
14183708
14239709
14253875
14182042
14038250
13892000
13957875
13854459
14115708
14210917
14221625
14181083
14154000
14211084
14229833
14181458
14202917
14218375
14218917
14318667
14128250
13893459
14097666
14000292
14243917
13985625
14230667
14070875
14189459
14023042
14263292
14224541
14154583
14119083
14113250
14038708
14144833
13983833
14154084
14011959
14262542
14194500
14281334
14063417
13939583
14123416
14009458
14056209
14312792
14075167
13954458
14186583
13904042
14104042
14242375
14251875
14249334
14285750
14034209
14218167
14216125
14306916
14295292
14530583
14380917
14380416
14108625
14151417
14000208
14000166
14398458
14415417
14357667
13931167
14047458
14270167
14076041
14337375
14325500
14032542
14056500
14082791
14043000
14063291
14081584
14131916
14347416
14373208
13995667
14208375
14183208
14244542
14177125
14308250
14091625
14006959
14606583
14390125
14559667
14487917
14347292
14150833
14287458
14322292
14142792
14370083
14284459
14304000
14196166
14195042
14437333
14526542
14370416
14125667
14181708
14177375
14208458
14206042
14296125
14122500
14213667
14297250
14417750
14261291
14403250
14322125
14357167
14333083
14190000
14246250
14446000
14555167
14258708
14566834
14473584
14580709
14170750
14344667
14673084
14675334
14197542
14453417
14405334
14354291
14214584
14285000
14358250
14281583
14477375
14514000
14187708
14374875
16797375
30966250
18077167
14658750
15019917
14654250
14669666
14400375
14506959
14672666
15036542
14997666
14918542
15353334
15118291
14818750
14699375
14630542
14663416
14393375
14581542
14750083
14587958
14481125
14746583
14315834
14591125
14540125
14576667
14492042
14711333
14748792
14429709
14705125
14885000
14645416
14433083
14594583
14408708
14455250
14674792
14720083
14757125
14427416
14478167
14799375
14674500
14649917
14676208
14480416
14514167
14314166
14765709
14585916
14777166
14627541
14454833
14756292
14528000
14599000
14479458
14609500
14590125
14609833
14334792
14742583
14572833
14380625
14563500
14694708
14634667
14681750
14717667
14889334
17979083
32144958
14971875
14953166
15001542
14624542
14823750
14762250
14875458
14874542
14741625
14792791
14505541
14595958
14889166
14934167
14791458
14604084
14811417
14962125
14836125
14751708
14815041
14609208
14697292
14630958
14900917
14817666
14748583
14659542
14743792
14696625
14808875
15048292
14810208
15058875
14942958
14940000
14659125
15060791
14645125
14644667
14821833
14752125
15034041
15078458
14977084
14724500
14832375
14903083
14647542
14702167
14780500
14970875
14922833
14796375
14744958
14573625
14796125
15065292
14708334
14931625
14874542
14918417
14840500
14979375
14987292
14752542
14978667
14975666
14779209
14726500
14978583
14886334
14982583
15145750
14483542
15008333
15165166
15090500
15211917
15179625
14913875
14888292
15125625
15245667
14648875
15205708
15217042
14770042
14815042
15010375
15151334
14922583
14749375
15039625
14791500
14924209
14853208
14836791
14895666
14685917
14846125
14852958
14949083
14836834
14838542
14872625
15157250
15296250
14978417
14860916
15006375
15056875
15129417
15207375
15238834
14797625
14902333
15206125
15053792
14809667
14920875
14875000
15073292
14858166
15175375
15311458
15331000
15259834
15418166
15501959
15464542
15472375
15597834
15102208
15443542
15477125
15319166
15378375
15430625
15266333
15545333
15568750
15361334
15277083
15448625
15506708
15417083
16489875
15307084
16818625
15419459
15137541
15372958
15266792
15355167
15337250
15304584
15573542
15491791
15373625
15381625
15166709
15260833
15247708
15340417
15098708
15364500
15112833
15436500
16637917
15030042
16541083
15043625
15246375
15239208
15239416
15649416
15516792
15809958
16057167
15814750
15643166
15601000
15542708
15494166
15528125
15536167
15611667
15496292
15506250
15558792
15533167
15367667
15385333
15485583
15672209
15515708
15782125
15625833
15624708
15619958
15562625
15574416
15541208
15623084
15665958
15633333
15456708
15559959
15639292
15594291
15558208
15843875
15669875
15785750
15642375
15415333
15528834
15412584
15763750
15381292
15625417
15564584
15543125
15414459
15597708
15512459
15599125
15662416
15534250
15657750
15370917
15704833
15697834
15457334
15714833
15690333
15672208
15549500
15423167
15748000
15709292
15477459
15518208
15694416
15597500
15584959
15677250
15544209
15512625
15640750
15651666
15637708
15695584
15639292
15569625
15487750
15666833
15587709
15673917
15893542
15902375
15597250
15633000
15746500
15514958
15692166
15452834
15427667
15451416
15588542
15750917
15632791
15265875
15435833
15301042
15707208
15255875
15704708
15483209
15817459
15787375
15493041
15681708
15723750
15709875
15933833
15573125
15829583
29914375
16155916
15976750
15624625
15558000
15495625
15706459
15622000
15570125
15765417
15706458
15686042
15676000
15680417
15686000
15782292
15490416
15534125
15777250
15716791
15399292
15565166
15435625
15420292
15696375
15496042
15413916
15502834
15559541
15762083
15714667
15422375
15943583
15907166
15467916
15843958
15799875
15457541
15601750
15750750
15677125
15735500
15814584
15807375
15610167
15884167
15421333
15788667
15508792
15734292
15591917
15479208
15795666
15884333
15657375
15601958
15905500
15725167
15324083
15663333
15656417
15503792
15705709
15617125
15693417
15651792
15834334
17326208
25180208
23152542
16090000
15933875
15991083
16027458
15976750
15745709
16460916
16225583
16200583
16677125
16181292
16162083
15929666
15764667
16016541
15951791
16000708
15860459
15655459
15925250
15817125
15706291
15836292
16091541
15955416
16005958
15907833
15776917
15791458
15858791
15859042
15941292
15854916
16024750
15828291
15744250
15869875
15904625
15865708
15741542
16026875
15851958
16066250
16086792
16037916
15678625
16056167
15905167
15836500
15295833
16090333
16098916
15709375
15977084
15895250
15933458
15995541
15854042
15828750
15872125
15873709
15940750
15834417
15896625
15979250
15921625
16123166
15695083
15850000
15934625
15805458
15800584
16163917
16028917
16141875
15846583
15848416
15810500
15903333
15939375
15905625
16045209
16178083
16061750
16064916
16072958
15997125
16201166
16187750
15884000
15879792
16095875
16034583
16011625
16180500
13792416
15876417
16140792
15779542
16124708
15849584
15855042
15844417
16139292
15874250
15870667
15855792
16164667
15988458
15877834
15930417
15817125
15908834
16071166
16247792
16426417
16372209
16206250
16199375
16220125
16196625
16204792
16240125
15919417
16229459
15869250
16197542
16263125
15881042
15900292
15927333
15966041
16199666
16032708
16228000
16170666
16029750
16073542
16253000
16059500
15907000
16066625
16159959
15929125
16038000
16123000
16395167
16297084
16329166
16199375
15896709
16232292
16299208
16415125
16252750
15893750
16133042
15955250
15966417
15958458
15977792
16019583
16052625
15959583
16005834
16083417
16125834
16339250
16164916
15781375
16105375
16208125
16231458
17686167
16258125
16230125
16153208
16413125
16378625
16393834
16225083
16182584
16386042
16388083
16311000
16167041
15937958
16137750
16416500
16453458
16446375
16429625
16444625
16204500
16339042
16224458
16323250
16068041
16134084
16108584
16115625
16054958
16420667
16147666
16136584
15967541
16123125
16378000
16656000
16466875
16481542
16467250
16519958
16482541
16492625
16303750
16390542
16314417
16229459
15943125
16341083
16407125
16051791
16427500
16255000
16373208
16101417
16503375
16533875
16080292
16219458
16564166
16279084
16556042
16053292
16441500
16531500
16407958
16733292
16571625
16579125
16568917
16587917
16567667
16587667
16634083
16142208
16262875
16555583
16277750
16567833
16608417
16172666
16427333
16265000
16264208
16271500
16253958
16279292
16334833
16584125
16465459
16260916
16151334
16546416
16654542
16478875
16406375
16880083
16897000
16113500
16491417
16628125
16668833
16671334
16700500
16108125
16447583
16363250
16578583
16497709
16454584
16694459
16290875
16561875
16336292
16508083
16139416
16432459
16142708
16567500
16729000
16747833
16735708
16755167
16735791
16620625
16126834
16856375
16939792
16751375
16749500
16744417
16739917
16769250
16780250
16526875
16412959
16702875
16646625
16276791
16374125
16420583
16690250
16529291
16728667
16364875
16423625
16538834
16551750
16385667
16661791
16412958
16411041
16411833
16499125
16365709
16460625
16826333
16984166
16974250
16838708
16872167
16842584
16842875
16860625
16857083
16552667
16520875
16472167
16765042
16746333
16822833
16412667
16557042
16478666
16518250
16551625
16588833
16647458
16666292
16382792
16820167
16497416
16585208
16680000
16678875
16732625
16931084
16981208
17072083
16932250
16930042
16998666
16925375
16949667
16770584
16750792
16620208
16501375
16419583
16798041
16866833
16985333
16843791
16691167
16745250
16665083
16817583
16768917
16845292
16813625
16914667
16956542
16838708
16621333
16419208
16965167
17057375
17232084
17170000
17022541
17103666
17052166
17059334
17026291
17032875
16722667
16829625
16793375
17109542
16680791
16945666
17112791
17071417
16687292
16936333
17032625
17083000
17071916
16570959
16910792
17086583
17100625
16641250
16933750
16682958
17050625
17111667
17110667
17342666
17327333
17116875
17132125
17114250
16945959
16880833
16824833
16708209
16798083
17018291
16681916
16730208
16785833
16680750
16795042
16724792
16973417
17191500
17160542
16996708
16869542
343800917
23860416
792697083
120333417
903713459
139393792
475029750
1027759125
608393834
21305292
18200500
16647625
16027500
15983375
16181875
16486666
16252958
16519458
16276458
16356750
16610583
16664334
16692208
16744125
16748458
16809792
16234708
16400250
16670292
16378000
16316375
16477208
16453250
16840042
16653625
16439291
16292792
16461583
16538291
16667917
16786292
16942083
16929750
16985083
16604042
16390291
16522375
16803334
17011708
17016333
17025583
17012750
17015625
17030083
17060958
17047541
16727875
16737958
16674208
16727166
16833167
16798250
16858917
17336875
17352416
16579458
16600459
17034333
16702167
18561917
17240834
16776541
17100042
16509709
16955834
16643208
16637708
17096916
17113500
17108667
17122042
17158708
17162541
17155084
17147792
17315541
17249541
17052250
16876167
16618375
16885625
16662125
16991791
16876917
16695917
17134500
16984458
16922375
17138083
17028292
16837042
17075083
16866458
16795709
16824125
16923792
16950625
17287250
17313833
17310791
17305084
17347750
17347542
17378250
17147500
17082209
16731208
17050834
17288416
17366583
16712750
17165083
16792208
17258541
17249209
16745417
16700666
17143750
17259042
17431542
17199125
16774583
16917750
16862958
17007333
17046708
17329458
17392250
16799125
17238083
17348458
17410291
17436500
16845250
17352458
17000291
16781667
17579625
17699500
16999833
17126625
16995917
17252625
16794625
17235000
16863334
17591292
17623084
16904166
17292334
17670375
17293458
17410291
17212500
17072459
17402791
18961625
18874458
17544042
17533416
17551208
17573708
17528917
17104458
17659917
16963709
17027958
17307166
17627125
16991333
17205833
17053459
17246375
17350250
17320583
17294083
17157875
17321125
17349459
16923250
17524167
17696542
17117500
17362792
17574750
17583125
17614791
17656000
17635875
17637084
17656542
17433500
17227125
17171167
17135084
17317084
17353250
17199208
17098292
17502709
17305375
17157250
17323167
17555666
17419333
17652125
17404042
17667792
17129042
17241125
17398666
17446000
17258083
17796000
17862750
17847500
17869250
17866042
17861958
17868083
17578209
17634416
17266958
17216875
17626875
17209833
17263666
17447458
17922042
17895375
17220666
17618667
17241583
17192750
17244417
17407375
17599334
17621625
17446333
17579167
17512042
17883541
17994291
17804750
17832416
17849875
17880583
17847042
17654292
17498250
17442875
17574625
17312250
17360792
17377458
17642208
17631666
17358084
17413042
17410750
17331250
17359125
17399292
17359167
18013458
17820916
17873125
17323750
17705875
17643875
18034041
18116750
18173125
18021875
18043625
18043042
18086750
17510333
17494709
17763542
17334208
17523916
17390875
17815042
17458875
17868875
19137458
17442917
17648916
17582709
17518792
18050708
17585375
17855959
17491083
17862084
17510875
17905417
17975125
18022541
18025750
18280125
18259292
18052833
18053042
17585959
17699667
17857167
17943791
17838500
17763500
17908500
18168250
17909167
17426166
17683125
17553542
17653166
17588334
17500917
17573792
17921792
17831125
17810250
17920666
17625542
17930583
18022792
18084625
18104625
18097459
18136208
18379541
17798959
17751125
18064333
17549875
17699209
18006084
18042666
17544166
17807250
17789125
17776666
17903708
18000375
17898708
18082667
17648167
18072375
18259042
18288500
17548500
17919667
18276583
18276708
18272459
18298000
18268209
18285625
18302542
17916791
17687041
18113917
17758958
18124292
17576916
17749833
17842792
17668250
18099584
17867500
18106750
17762958
17780333
17884917
17772000
18283291
17559750
17751416
17775042
18179042
18349666
18023292
18123208
18219291
18287416
18272916
18261959
17758166
17992459
17704208
18248750
18368625
18274042
18307166
17819792
18000416
18311250
18320958
17992208
18274750
18334875
18347500
18374041
17954833
17730291
18141542
17795417
18069125
18270334
18335584
18386459
18389667
17871583
18094417
17832625
17939333
17618250
18302416
18054791
17982042
18410375
17836916
18143084
17572209
17954042
18419792
18150375
17638459
18100833
18532083
18527875
17804625
18216500
18157250
18324250
18517417
18520042
18522959
18540000
18514167
18567667
18630250
18645708
17577750
18220625
17586625
17890667
17743375
18203750
17866583
18089625
18225417
18136625
17801000
17964250
17845666
18001792
18162708
18492500
18207791
17986291
18094083
18196000
18526000
18559875
18592916
18602750
18600834
18579375
18084792
18150500
18559792
18636125
18046666
18343250
18449250
18529750
18414750
18274584
18564708
18593334
18745334
18206625
18354583
17904875
18404666
18323708
18185875
18242166
18389625
18538875
18580125
18609666
18346291
18288792
18512791
18296917
18064000
18279292
18351625
18231208
18138000
18131791
18187000
18317333
18563250
18021209
18514167
18470709
18342542
18773583
18387958
18873792
18203875
18330708
18131916
18382708
18613041
18675709
18782458
20582000
19386959
19886292
19997625
21471125
18852250
18666750
18491375
18567208
18699042
18523209
18583667
18565958
18390292
19261250
18600625
18851666
18683542
18449250
18512625
18557166
18740292
19063167
18978167
18866000
18844834
18868084
18876958
18883584
18932375
18798125
18321542
18355833
18303166
18559416
18484500
18326083
18739709
18395875
18458125
18838334
18688792
18297167
18431583
18756292
18414500
18805791
18467541
18451417
18944333
18934334
18931750
18929792
19240834
19189292
18961000
19016375
19000250
18682125
18371292
19003209
18443625
18415750
18490208
18441417
18806000
18889750
18801375
18651875
18944542
18408333
18441334
18899042
18944125
18991625
18647667
18630958
18837500
18946041
18994667
18976292
18986375
18999458
19033167
18889458
18433750
18502292
18538708
18572083
18529417
18378541
18629750
18896083
19055375
19056000
19100792
18364125
18600500
18520041
18635708
18839625
18621958
19111375
19101125
19083417
19091709
19081209
19114833
18974292
18864667
18524500
18731666
18659666
18886334
19183750
19097916
18787584
19009041
19113375
18461375
18894000
19019625
19330833
18629792
18627709
18993958
19091791
19135959
19168625
19245000
19204000
19169917
19167792
19165959
19171792
19210375
18588750
18842833
18979334
19087333
19096291
18587292
18726791
18597583
18780666
19122708
19131791
18645333
18708708
18580500
18763958
18767083
18689542
18790208
19144708
19251000
19222125
19242292
19245041
19268333
19273666
19265916
19441959
19341417
19040541
19098084
18672250
18967875
19084625
18632750
18708916
18680500
18884209
18715125
19260625
19057542
18663917
18991208
19151625
19027792
19225375
18773833
19088042
19288166
19023000
18635791
19095833
19401666
19467458
18529458
19050000
19387000
19370958
19448791
19360917
19365875
19402833
18938667
19331125
19376666
19083750
18786208
19037541
18941458
19421583
19180917
19264958
19332042
19432791
19405458
19396416
19411792
19447334
19415167
19509833
18849750
18689958
19028083
19108042
19425417
19421000
19446959
19466083
19227709
19055875
19138083
19239583
18944583
18999250
19411334
19180625
18843250
18832709
19008334
19005333
19606666
19658375
19422208
19425042
19462083
19443750
19445666
19146000
19098917
18818625
19052541
18972291
19371541
18946792
19288125
18997291
19113208
18788834
19051917
18976416
19181500
19454709
19224666
18888708
19056750
19256583
19584959
19552042
19565208
19567625
19831667
19800000
20661625
19378750
19551958
19360958
19488083
18952375
19231500
19635667
19268417
19096000
19440375
19500583
19571959
19453208
19502708
19567750
19613958
19036875
19561000
19639000
19720875
19667833
19646333
19645167
19655416
19755375
19734708
18737083
19170750
19171750
19126333
19051958
19086584
19174375
19496833
19202292
19300959
19466458
18843167
19204792
19107500
19253875
19423208
19388084
19084667
19545958
19646084
19670042
19723041
19700708
19718333
19623709
19780542
19727667
19164042
19334250
19591833
19676833
19704458
19883542
19877916
19767416
19775458
19774291
19799250
19392750
18972542
19107666
19137166
19631834
19788500
19768792
19790625
19789709
19820250
19839250
19746666
19368667
19401333
19472334
19266083
19789125
19836000
19389917
19173291
19419417
19319500
19344917
19608250
19869750
19535958
19395250
19230334
19516417
19788542
19279542
19475542
19731583
19786125
19794125
19841875
19835458
19472708
19461667
19355084
19404333
19483834
19323500
19322500
19275542
19362083
19376834
19831417
19256292
19626542
19652250
19387375
19470750
19377458
19872291
20164041
19993916
19959375
19961875
19971459
19952750
19986833
20071667
20186750
20010084
19623083
19611208
19447459
19454208
19920541
19794000
19586833
19489708
565410042
473192750
24107958
984966167
20627000
20464750
20519000
20373334
48289958
379430625
1236469125
190752417
146349750
816515958
68588542
214815334
63413458
20337833
20164167
20491917
20454375
20396625
20437459
20389500
20409584
20430375
20453042
20448833
20631834
501852708
1126431500
20721041
20899208
20586750
20521458
20563709
20881875
20627208
20671208
20630791
20725000
20574833
20783250
20601084
20562167
20489667
20582791
20536208
20577500
20600125
20657333
20928125
1051467542
20853000
20960750
20799167
20954000
20926875
20820084
20828959
21001625
21181958
20915708
20825916
20789333
20995000
20789583
20797500
20819667
21115500
20880459
20928125
20929208
20967208
20819250
20857666
20884042
21143292
20814042
20852375
21019291
21121625
20964584
20917167
20960958
20996042
20857625
21001292
21085375
21182958
20897667
21021916
21164250
20994042
20899167
20897042
21151250
20976250
20945459
20991583
21042000
20980167
21011000
21042916
21229666
20927583
21035208
21157334
20926959
20932208
20941250
21111333
20735459
20952667
20980791
21248541
20986709
35214250
22454625
21214958
21123792
21109709
21094125
21190042
20742833
20721500
20740333
20730958
20730500
20718375
20711875
20711083
20746834
20943417
20909959
20815292
20773250
20782875
21118625
21020709
21060708
20805125
21130708
21270167
21059542
21099167
21241459
21125416
21118667
21155416
21273958
20852042
20805333
20823084
20857166
20825625
20802917
20808375
20832958
20833666
20831042
20840750
20840125
20990667
20977583
20861875
21012375
20836833
20845167
20845666
20856166
20838584
20858833
20867125
20884250
20859667
20866666
20895833
20883166
20892333
20855666
20873708
20860791
20936333
20930500
20898375
20890000
20870875
20890292
20894791
20905167
20900333
20913417
20909125
21054459
21090292
20933459
20906750
20929000
20931875
20936292
20942375
20930625
20942750
20927459
20930042
20951041
21082250
21134208
20998416
20976959
20961875
20964917
20955250
20991209
20979083
20999833
20983333
20973667
20995500
20986958
20969292
21004625
21039334
21287042
21250375
21004125
21000541
21006125
21029125
21051459
21035417
21047208
21032166
21021375
21025792
21055167
21030458
21045458
21050458
21058917
21045334
21070375
21062417
21071000
21074042
21062417
21080708
21108875
21099333
21108250
21081125
21295042
21157917
21436166
21347625
21216125
21504417
21243042
21233792
21199792
21301291
21385708
21253334
21191708
21369833
21173541
21230333
21218250
21259458
21272458
21319375
21340167
21292125
21325833
21309167
21337333
21361792
21255459
21288625
21218250
21191958
21191083
21209666
21185542
21372792
21337708
21254416
21318834
21263917
21389042
21356084
21404709
21387625
21526041
21312084
21557500
21407875
21334875
21332333
21522375
21570166
21333333
21402500
21556208
21385917
21399542
21290917
21284041
21385125
21339625
21732833
24102375
38235458
21679125
21821042
21529833
21600791
21990833
21915208
22217042
22455500
21670583
21491334
21395167
21374708
21434750
21379958
21409250
21449042
21373292
21464750
21391458
21401083
21441958
21451041
21501834
21527834
21466416
21457542
21390375
21424583
21438250
21470791
21489500
21562083
21564250
21536375
21570875
21461541
21433792
21488083
21467167
21472792
21515833
21504292
21510541
21500542
21493542
21598709
21516250
21504375
21485959
21523042
21499541
21485583
21487333
21549208
21540958
21521917
21500959
21601791
21558500
21493208
21476208
21544459
21599375
21699334
21583500
21564041
21587750
21578166
21685958
21549417
21499750
21511583
21514334
21497875
21519917
21525833
21525208
21535500
21517041
21542958
21503958
21549209
21538292
21600375
21546625
21560875
21530542
21525792
21542042
21565875
21578000
21651458
21799166
21719458
21611125
21559084
21585583
21562208
21610875
21632584
21568583
21562500
21598375
21583459
21601958
21603792
21602542
21624416
21699084
21591167
21662917
21626125
21612292
21623292
21765458
21646708
21655334
21677125
21630208
21657584
21647166
21644708
21644958
21869042
21802792
21659042
21677083
21663542
21659583
21708709
21665416
21707125
21656500
21667333
21672458
21756500
21691583
21984333
21779125
21714083
21764042
21713000
21729250
21725666
21706208
21735458
21732167
21740750
21729916
21744250
21783250
21775083
21782625
21782416
22033083
22016542
21754375
21746959
22227125
21750500
21918667
21795250
21768167
21771542
21786000
21799208
21777416
21818000
21793208
21789541
21830167
21816584
21798208
21818209
21840333
21827292
21860208
21825667
21800334
21947625
21882834
21844709
21862750
22031750
22067000
22003042
21908667
21904875
21913208
21866791
21893459
21865083
21877917
21909708
21901834
21868916
21865375
21894083
21892792
21920917
21884166
21887917
21874000
21916417
21893209
22058792
21895708
21894333
21901584
21899042
21901542
21914584
21979125
21945334
21916166
22099833
22076625
21927125
21936791
21923333
21943583
21946250
22011417
21939416
21947083
21971250
22013750
21971334
22254875
22066708
22052916
22006250
22016083
21982917
22005167
21997875
22009250
21987375
22041375
22032083
22024917
22033459
21999708
22028167
22035084
22266000
22319542
22033791
22029959
22025042
22035625
22265708
22086459
22074166
22058833
22051917
22056042
22088958
22075250
22071000
23805667
22052792
23798708
22091000
22059958
22073291
22089792
22138875
22089875
22083375
22084917
22136417
22118208
22226541
22155583
22132291
22248000
22291458
22123166
22129542
22170917
22129042
22135750
22159000
22138750
22154667
22136625
22152583
22157458
22197083
22178667
22185292
22156125
22186209
22148000
22189667
22372791
22253125
22193583
22207917
22187083
22202208
22211000
22220000
22210667
22236625
22427459
22299292
22221500
22205208
22213125
22224500
22284375
22247083
22223250
22230500
22244292
22313875
22370792
22297625
22379000
22265375
22276375
22305458
22274917
22358042
22267625
22260625
22278167
22320250
22304125
22280458
22271542
22326084
22300375
22340083
22322958
22658542
22459875
22315041
22292166
22517250
22401667
22330500
22324250
22304291
22347500
22329000
22344625
22330458
22353292
22353875
22374583
22377917
22371250
22372084
22356708
22412250
22379334
22348917
22367708
22417041
22371250
22568334
22475000
22389417
22409959
22389375
22554708
22526583
22409334
22416917
22440208
22908959
22429083
22423166
22424208
22420833
22416500
22515250
22434084
22443042
22427375
22436334
22426083
22622917
22507333
22511458
22492666
22481833
22458750
22505125
22473417
22459959
22515916
22463292
22491500
22527166
22834459
22616125
22489750
22886667
22500667
22494875
22505083
22498125
22496333
22694291
22576375
22557167
22526375
22540208
22538333
22504542
22538834
22602708
22552417
22570667
22614375
22545291
22569500
22548500
22603333
22577334
22569833
22577916
22580500
22565833
22717500
22781166
22855708
22657791
22621958
22622250
22577583
22589458
22692709
22622375
22672416
22602167
22612000
22617750
22601792
22602791
22631042
22636834
22641000
22629042
22624042
22624625
22674000
22629333
22794917
22701583
22692000
22664958
22709292
22659292
22652250
22869375
22899708
22702291
22696875
22696917
22706583
22706958
22685709
22719084
22711333
22681458
22702667
22731916
22698125
22697000
22932250
22779625
22731500
22785708
22740333
22747917
22743875
22748375
22747042
22783750
22761416
22767500
22780334
22780750
22761250
22939875
22921167
22760375
22768750
22768542
22779875
22778000
22992084
22817833
22821000
22805250
22811417
22827625
22852333
22824833
22877167
23134125
22837708
22817166
22840125
22851417
22848333
22846834
22883750
23179917
22829791
22836458
22868792
23007958
22937792
23037375
23026834
22910541
22874708
22893333
22881667
22897625
22893042
22875209
22877458
22896125
22929000
22886625
22926791
22919125
22922167
22878042
22894375
22919416
22921667
23088583
22954875
22958417
22967333
22942083
22937250
22933583
22936167
22944834
22958542
22968500
23214041
23066250
22976459
22967875
22941000
22980708
22950041
22781625
22638916
22660541
22673417
22790541
22727667
22698542
22692542
22704875
22664292
22660625
22667958
22682917
22652083
22639500
22647333
22715000
22731084
22679708
22675875
22751250
22702291
22682583
23014583
22969500
22683875
22791292
22709958
22722916
22652750
22776333
22717792
22713541
22709500
22757667
22755417
22692250
22637292
22716334
22736458
22713583
22722833
22818209
22734625
22860042
22775042
22740833
23560667
22883000
22809458
22791792
22683834
22761417
22880833
22890292
22728208
22702083
22776959
22712292
22767916
22782250
22782291
22737750
22696709
22686875
22804584
22866834
22854292
22850917
22825042
22993125
22893166
22731875
22762792
22845458
22690625
22827125
22806375
22728875
22866750
22782750
22735250
22860167
22795958
23043459
23083416
22909625
22935708
22892834
22886208
22964042
22935875
22940917
22906875
22785416
22886291
22823125
22805292
22867209
22782167
22764125
22807792
22933958
22894125
22883125
22746375
22831542
22861917
22910125
22857708
22936375
22924958
22947750
22957792
23239792
23041292
22936667
23001042
22898291
22940250
22938416
22931875
22910083
22888791
22883166
22872833
22925041
22920000
22954417
22951292
23044625
23043625
23034584
23007500
23012125
23127292
23112333
23037375
22991125
22845458
22992667
22967083
22973334
22936250
22906166
23028459
23212833
22816666
23074417
23114500
23015875
23025209
23073666
23058166
23094708
23091459
23076292
23150500
23209416
22942875
23123542
23141584
23128542
23082917
23135167
23113334
22935000
23176334
22744834
23128500
23197125
23191125
23124667
22916500
23308417
23402792
23330459
23201708
23137917
23324167
23261000
23010917
23161042
23009791
23026750
23207083
23076083
23054000
23086833
23054791
23099750
23244333
23173875
23104083
23150416
23204917
23420083
23382250
23192458
23162000
23279292
23186375
23269667
23308166
23197541
23363583
23246000
23316167
23405042
23555667
32524167
33004083
23514584
23710083
23404083
23485625
23221167
23374833
23381709
23413250
23520083
23370292
23358292
23723458
23721958
23758167
23723792
23798625
23756750
23685625
23841208
23796250
23752125
23764500
23817750
23784958
23971292
23976750
23798042
23763250
23770500
23805459
23772833
23849958
23786417
23830917
23769958
23745416
23822041
23777917
23839750
23841334
24053791
23876583
23985583
23975959
23984750
23927791
23968250
23906708
23877125
23844333
25765792
23794833
23831625
23829250
23967833
23982625
23886917
23838500
23911291
23862584
23875416
23935250
23904833
23912708
23908083
23843708
23897708
23970709
23937667
23848500
23898834
23926833
23916041
23842292
23965041
23943916
23932042
23992459
23887583
23869208
23888208
23916708
23980041
23874792
24055791
24018792
23887292
23899833
23905333
23927000
23915750
23924958
23917000
23913375
23925917
23938291
23925583
23914125
23933041
23936000
23936292
23949416
24043334
23986000
23933833
23945334
23927708
23945834
23939167
23945333
23970584
23952667
23972542
23958125
23977666
24464833
24154917
23974917
23975583
23979000
23991750
23996125
23973458
24108292
24001917
24040083
24023000
24013666
24008167
24003542
24008042
24027042
24048916
24034334
24027625
24044792
24066834
24048375
24027417
24047583
24059500
24079625
24024000
24037958
24124334
24194208
24218708
24070917
24081333
24089833
24089625
24074042
24103542
24080208
24109875
24094292
24078667
24105167
24134333
24123416
24102500
24152708
24138750
24106583
24118958
24170750
24164375
24134042
24124583
24132375
24166375
24147833
24146000
24143792
24168584
24504625
24359500
24135500
24176209
24161125
24170833
24181292
24170917
24208292
24187375
24224250
24240500
24205709
24204666
24193958
24220000
24188542
24193666
24193125
24214542
24196916
24209916
24225416
24216709
24212084
24251875
24248667
24226083
24229625
24234208
24252417
24620875
24474375
24337875
24273875
24249417
24255500
24263291
24270917
24300459
24290792
24296208
24300584
24274167
24311167
24286250
24299625
24310584
24307792
24307500
24310042
24312000
24367750
24343333
24349875
24329291
24331709
24343292
24357042
24325500
24322875
24540208
24507292
24359041
24343000
24359459
24357875
24354458
24353083
24368000
24361417
24360125
24397292
24360792
24399250
24406667
24382500
24383917
24442917
24487709
24406750
24409208
24410041
25178333
24405375
24428959
24414958
24414166
24421167
24423750
24417542
24588667
24663625
24563166
24458958
24437041
24446292
24433208
24439625
24471750
24459458
24449459
24820709
24577500
24490417
24514667
24499375
24492333
24486750
24494417
24497541
24474500
24489292
24560708
24530542
24518333
24523917
24515917
24517292
24533916
24530000
24530833
24737708
24714250
24536667
24533250
24553417
24568250
24542958
24580208
24560291
24556458
24552708
24624125
24587959
24569875
24567000
24578833
24566833
24564917
24609542
24584458
24569584
24572667
24595917
24620667
24621042
24602625
24609458
24633125
24594166
24652417
24777459
24765625
24656417
24653625
24654583
24640458
24646333
24626375
24654416
24695417
24696458
24656416
24650417
24647917
24644542
24670167
24646916
24654292
24659625
24665292
24690833
24673292
24761250
24730416
24710709
24691042
24699042
24718125
24701542
24731125
25070417
24942333
24718542
24715292
24707541
24721000
24731792
24744167
24730125
24739084
24755750
24730334
24830708
24748750
24778375
24775708
24746000
24761041
24750042
24777416
24778083
24762333
24778917
24792209
24790583
24808000
24803708
24802958
24838875
24786875
24845292
25191750
25093042
24830458
24815333
24834958
24826250
24829416
24829917
24828834
24836708
24839291
24844208
24852584
24849458
24868459
24857833
24852625
24853125
24859458
24859791
24866167
24937834
24904375
24904375
26854958
24883917
24886000
24912500
24877125
24919833
25421584
25055625
24894125
24914500
24935250
24896500
24917125
24910125
24909625
24924666
24948416
24993250
24950125
24972625
24958542
24942333
24947375
24958708
24951250
24953209
24924916
24953542
24962959
24949833
24967334
24965375
24979041
24969833
24981708
24980959
25339917
25306708
25006708
25016750
25047667
25019958
25005208
25055458
25017125
25035083
25018708
25030416
25053625
25035208
25076042
25036750
25050875
25072417
25046000
25037209
25047667
25128666
25064375
25055458
25062541
25075167
25058333
25098750
25075250
25089750
25067834
25287000
25246750
25096666
25091375
25123083
25079583
25132750
25074167
25102375
25100917
25141041
25112875
25115750
25128375
25134750
25139417
25128042
27132459
25156333
25132667
25263333
25148041
25161625
25193917
25155500
25169208
25174833
25178916
25155125
25173042
25459833
25329000
25177250
25181125
25184792
25197916
25204125
25204708
25222250
25196542
25201125
25211708
25249791
25241666
25202208
25218708
25267834
25252375
25219583
25226500
25267292
25258250
25250333
25250542
25268333
25253333
25246834
25287708
25264042
25259250
25656500
25441750
25334333
25266250
25263875
25261292
25260250
25271416
25264458
25291250
25357125
25367250
25717709
25303750
25313041
25306958
25328917
25322417
25309334
25322417
25324958
25342209
25327125
25345791
25342709
25355375
25363667
25437750
25349500
25472084
25398292
25568458
25484417
25356750
25400959
25393916
25375417
25400042
25371208
25380916
25421000
27050667
26779708
25046875
25039167
25045292
25070125
25106916
25060916
25121916
25118875
25063792
25035125
25070875
25079625
25081750
25061958
25082542
25087083
25073333
25100250
25061875
25522584
25310750
25058042
25124875
25090875
25087583
25065625
25175250
25095292
25134333
25103666
25111750
25115291
25148125
25126459
25103083
25141125
25106625
25125500
25136375
25188625
25133334
25133583
25127542
25138292
25121583
25147500
25191667
25214083
25164834
25292125
25268875
25183041
25204041
25178417
25160625
25196917
25183500
25172708
25225125
25173333
25201625
25174666
25213541
25173208
25216209
25191083
25308458
25203292
25216458
25233792
25232125
25280000
25283000
25231833
25236250
25230125
25247042
26099250
25253833
25257083
25408875
25394750
25272625
25240375
25242375
25302667
25316125
25283083
25282709
25292500
25295416
25284417
25286833
25288417
25288333
25283667
25455500
25336417
25289583
25375458
25309167
25339292
25292417
25300750
25309500
25379000
25220875
25357625
25325708
25353959
25559375
25594375
25348167
25415916
25354000
25341500
25361334
25364667
25410708
25362708
25262959
25385958
25369625
25361000
25362333
25334083
25455417
25310791
25404541
25399042
25440792
25421167
25398708
25392917
25440667
25414333
25426584
25484375
25437875
25435250
25403041
25761417
25740250
25330792
25453917
25485250
25468084
25470083
25454500
25468125
25513209
25481584
25463666
25474708
25463708
25441167
25473084
25483542
25501792
25488167
25490875
25474667
25484708
25493500
25566333
25382500
25517208
25469167
25490042
25562750
25549375
25801375
25648833
25522458
25520583
25548708
25512667
25544875
25530958
25555292
25538250
25548000
25552125
25522917
25645125
25591625
25623708
25620459
25608875
25634959
25674417
25611542
25591625
25611625
25664291
25565458
25562208
25657542
25631750
25627709
25601791
25651417
25964666
25853250
25539667
25542375
25620625
25659833
25648417
25670042
25583541
25681625
25679292
25694209
25669167
25645709
25674333
25700708
25674542
25637208
25679791
25675917
25660875
25417833
25651584
25705792
25713875
25706250
25720959
25743667
25712542
25694167
25618083
25990000
26051792
25706375
25745917
25749917
25716667
25692542
25724042
25720125
25579584
25762083
25768500
25760416
25754083
25780291
25785708
25776542
25600708
25772666
25786792
25786500
25813875
25742125
25807250
25775084
25788875
25778500
25815792
25809209
25809208
26070208
26043917
25826792
25794375
25871833
25842000
25863667
25816125
25814416
25808917
25724750
25842959
25823167
25847125
25862292
25827292
25830000
25830750
25728541
25645250
25700458
25899000
25906458
25865792
25888250
25882375
25887458
25929583
25991542
26036625
25912208
26047708
26025833
26244583
25986666
25971667
25723375
26095750
26224166
25860334
26039042
25871792
25906792
25994875
25963583
25911375
25968083
25962541
25780208
25894084
26024625
26093708
26062167
26978083
41041958
28692209
26398083
26161333
26099584
26659375
26920916
27348083
26585541
26218000
26254042
26257208
26188459
26137417
26261167
25847333
26128583
26221375
26414542
26339500
44279125
28115583
26505250
26275375
26269125
26224875
26093375
26183041
26196167
26222750
26113750
26074042
26180125
26157291
26180000
26107625
26110333
26129458
26140000
26256292
26291458
26252625
26081583
26196958
26183042
26222667
26368667
26198958
26344834
26282792
26466750
26300875
26467083
26183041
26266458
26284792
26266917
26299584
26206375
26300792
26204125
26374750
26356334
26323250
26166375
26180833
26302167
26341250
26483209
26537542
26292958
26508584
26310000
26171541
26331834
26459375
26400250
26253750
26102416
26478500
26340334
26715708
26301334
26305084
26429834
25974666
26170750
26243375
26051708
26314375
26315417
26245792
26359166
26385084
26368458
26114625
26566000
26003792
26249875
26315667
26326208
26228250
26259000
26224542
26134750
26239458
26093125
26113667
26281208
26191167
26363042
26358208
26262666
26226333
26243958
26307417
26205542
26477083
26308208
26280125
26238291
26201333
26289625
339890333
