972041
20875
83417
57375
98250
86875
51125
26917
34250
36583
15208
27292
43958
24250
25250
25791
24541
23542
23459
28625
18500
24583
27208
22000
25209
24959
24041
23500
23375
23375
23167
25875
24417
23333
27208
25375
24833
26125
18792
23500
23167
22917
23209
23167
23292
23167
23166
23917
28333
25333
28875
20333
25125
18292
23583
23334
23625
23375
23917
23584
24042
21250
31458
46334
31708
24333
23625
24875
19625
24000
21500
24125
26792
25250
17750
23333
23250
22916
22833
22750
23542
23084
23459
22708
22916
22583
25458
23375
17833
13709
14167
13833
14250
13833
13959
13875
17083
14042
14000
14042
13834
13917
14041
14042
13875
13959
13875
13958
13917
14000
11250
13875
13750
13833
14250
14000
13833
11375
13875
13833
13792
18042
14500
14000
13959
14042
13875
13958
13834
14167
13833
13958
14084
13875
14125
13917
13917
13833
14000
13833
13875
13667
13875
14000
14000
13875
13875
13875
13916
13833
14125
14459
13875
13834
13750
13792
13833
14042
13750
13750
13875
14041
14041
14000
15333
12083
12084
12000
8833
12250
12125
11958
11875
12292
12291
11917
11833
12000
12083
13167
12250
12042
12041
12084
12250
9417
12042
12041
12209
11958
12125
12000
12209
17291
6584
12250
11959
12083
12042
12083
12041
12042
12000
11750
12084
12125
12167
12042
12083
12084
12083
12041
12084
12584
8625
12000
12042
12209
11958
12084
12084
12000
12125
12125
12042
12000
12000
12125
12250
12042
12125
12000
12042
11917
12083
12167
12250
41041
27084
46000
96584
41916
39709
78958
71083
56083
42875
26042
36250
54500
92042
75375
48875
26292
17958
22417
16375
22084
23250
21666
29083
17542
22417
23375
21833
21750
21500
22333
21500
21916
21834
21708
21459
22000
21458
21625
21292
21875
22000
21500
21500
21541
21458
22083
21666
23667
19583
22334
21625
21542
18250
18250
21708
21667
21583
21500
21584
21416
21375
21583
21292
21625
21250
21625
21375
21667
21792
21500
21375
21833
21375
21833
28041
33625
15959
22292
16167
16625
22208
21708
22291
21333
21875
21875
21834
21459
21834
21417
18583
21500
26375
23708
27792
17292
21500
21875
21417
21791
21291
21375
21417
21541
21250
21625
53833
36084
41250
21167
22500
16834
21875
21833
22209
21500
22250
21334
22042
22625
21875
21958
21667
21500
21541
38167
36750
29917
10292
22084
15417
52041
46875
53458
68500
46083
19833
24125
24083
23708
23167
25792
23667
23083
23667
24709
11375
23584
23125
23000
23125
23875
23083
23708
22958
23292
22959
22917
22834
22958
22875
22834
22875
22917
22459
22708
22750
23125
22708
22833
22667
22750
22667
22750
22792
22875
22709
23209
23416
22916
22709
22792
22916
22750
23000
22459
22625
23209
23375
21875
25667
23375
17958
13791
13958
13917
13792
13917
13792
17041
14000
17167
54916
80000
56000
39291
52125
31417
12000
22292
16916
62083
51417
42250
53792
53708
55542
80792
59291
35292
57708
92542
70292
42500
16458
23625
23875
23750
23708
24917
23125
24459
23083
22708
22792
22625
22917
23083
22750
22959
23000
22958
23166
23084
23084
22917
22959
22917
17667
26084
18500
23333
23125
23375
22750
22917
22958
22792
24000
25042
22917
23000
23416
23166
23291
23041
22875
22959
23334
22791
22709
24834
26583
13792
13709
14000
14083
14125
13791
13750
13750
13959
14000
13833
13958
13750
14167
13875
13791
13833
13958
13791
13916
13833
13833
13917
13875
14042
14250
14042
13875
13916
13833
13625
13833
13833
13666
13709
13708
13958
13792
13833
13750
13875
13917
13834
13958
13833
13875
13917
14083
13875
13791
13875
13916
13791
13917
14000
13875
13959
13666
14125
13792
13875
13833
13833
13959
13875
18291
14209
14000
13958
14041
13708
13750
13792
13792
13875
13833
14167
14166
14042
13792
14208
14292
11917
12166
12042
12083
12125
12375
12125
12167
12041
12042
12083
12250
12041
12125
12125
12042
12125
12250
12125
11958
12042
12125
12292
11958
12125
12083
12042
12000
12250
12125
12250
12083
12208
12042
12084
12042
12000
12000
12083
12208
12042
12042
12250
12083
12084
12375
8542
8750
12750
8459
12208
12000
12042
12041
12208
12041
12000
12125
12250
12125
12125
12333
5167
10583
12125
12000
12000
12125
12125
12042
12000
12041
12291
12083
12125
12042
11959
11958
12208
12084
12083
11958
12042
12291
12125
11958
12000
12042
11958
12125
51959
132041
47375
58417
53167
57792
84667
54375
38500
53958
78208
56334
29708
27542
16875
23208
23625
24375
23041
23083
23625
23334
24209
23375
22750
22959
47917
45166
47625
42083
28625
43584
45000
48958
37041
46834
53541
68459
58250
54958
41709
31792
10166
52666
39291
35584
51333
51291
54709
37792
53584
41917
52084
48584
44209
39583
33334
27875
54708
52125
50916
54791
73959
51292
85917
52208
46417
37583
50834
42375
47625
34500
53333
38792
37000
17041
23833
18541
24041
16583
23333
19042
40000
50416
91583
72375
49792
29459
13209
24834
18584
23208
16750
23208
23750
24625
16250
23000
16334
23041
47875
80458
64833
52458
42416
54917
65750
45625
23334
17875
24125
16458
23167
16875
22917
16625
23750
18542
23083
18167
23083
24250
16209
22959
22959
23875
23917
23125
23166
24125
23333
23500
23042
23500
23000
23166
23042
23250
22917
23042
23083
23125
22917
30000
25291
13625
23417
18417
24041
16625
14167
18083
14292
9667
13875
10708
13834
15166
9458
13791
14208
14875
30917
26541
26208
25750
18750
23542
25541
49500
71500
54042
40125
22416
18500
24209
19208
23125
18500
23333
24250
17917
23125
23416
23375
23750
18083
22875
24209
17042
23000
24375
18541
22917
23333
17916
25917
13625
23083
34334
22041
17791
24208
18292
23583
16583
23500
24542
25541
17833
23542
24583
24625
17709
22709
18333
23041
24583
17834
23167
23417
23167
23375
23875
23334
18458
18333
23250
24500
24500
23833
24000
23500
23959
23834
24000
28000
18041
23500
18708
21208
26917
17875
23042
24084
24042
24125
23625
23625
23625
23625
24292
24459
23834
24250
23375
23250
23625
23250
23583
23125
24042
23833
23292
24333
23667
23500
23917
23833
23417
23250
23667
23167
23292
23500
24417
23958
23958
24292
23667
26250
8541
16042
10958
14500
9583
14167
16791
26250
43916
50083
36333
44667
52167
36417
44292
38958
50625
53750
98958
79041
54833
52958
92583
76709
53208
25416
18750
23875
16709
23375
18500
23375
23875
24250
18167
28500
24750
10708
24041
16459
23000
23208
23834
23416
23459
23250
17625
23250
24458
23375
41042
35792
24667
27666
15417
23541
19875
25458
19041
22917
18250
21042
26583
30042
18333
22708
24250
23333
24208
26375
24917
20625
25167
19084
24333
16750
23208
23750
16792
23041
24666
23583
24208
21417
23750
23792
9959
22792
23250
23542
23375
23792
23291
24125
23375
23750
23250
17625
30000
27500
24292
18000
28208
23042
24916
25417
18167
22750
22833
19208
9916
14000
10333
14167
13958
14042
14750
15125
10583
13875
10708
13750
10708
14000
9416
14041
15291
14792
10584
14042
10541
16000
15458
14917
10459
16583
9333
13875
10666
13916
10542
14167
14042
14167
15042
15167
10500
13792
9750
13875
10667
13916
15208
14000
14958
14041
10334
14083
15083
14833
10750
14125
15084
14750
14042
14209
10459
26000
44542
49417
42083
39000
27209
32959
28375
26500
48958
52542
83416
70708
49958
27541
20417
23917
17625
23583
24000
24667
23250
18000
22875
18041
23250
23834
28125
22917
44209
51583
88708
72500
49958
30667
11792
24500
18083
23416
18333
23083
24041
18416
23708
16833
20542
23417
19333
23083
23959
23667
23500
24250
24125
22917
24125
23541
23291
23417
17833
23167
23500
22666
23542
23042
16167
23042
24125
23458
23500
24000
23500
23833
18000
22917
24083
23750
18083
23334
18209
22875
17792
22709
23792
23208
23417
23000
28625
18750
23709
17709
22959
23167
23416
23958
23000
23916
23375
23750
23500
23375
23375
23916
23416
23125
22792
24167
23000
24084
24125
19542
14167
14916
14625
15166
10500
13875
14000
52458
38333
41750
56084
54958
52292
45917
43000
34000
37625
35042
41042
25875
38208
42792
50542
30375
46500
30709
54500
55792
42333
27416
21250
25458
28958
39291
17916
23500
19417
36750
26458
23500
34875
14708
50792
31375
49916
98625
84209
63292
43875
26917
19958
22792
17584
22084
37750
42708
20792
17250
22208
16959
21750
22500
22000
15042
21625
15084
21333
15083
21459
16584
21333
14833
21500
21875
16625
21583
14791
21500
16333
21500
22000
22042
16125
28500
26833
12291
21834
16666
21583
16708
21833
16333
32334
25416
9500
22250
15875
22084
15667
20000
18583
21875
14917
16459
21459
16792
21500
14667
21708
23167
16791
21250
29041
11750
22542
15459
21417
16750
19000
22542
16708
21875
14500
21167
17000
21625
16750
11667
21250
21833
21375
21541
21250
21250
21667
21666
21708
21500
21708
21416
21334
21583
21166
21459
22292
25250
15084
23125
17125
22666
21542
21959
21584
21709
21583
21375
21417
21625
21666
21625
21583
21166
21375
28083
21083
21416
21791
21500
21500
21750
24084
22708
22667
13042
14875
14208
13958
9417
12875
13709
14250
15583
8583
13042
13458
13291
13791
14083
14125
9709
13125
13875
13833
13833
13792
13709
13541
13250
13291
13750
13750
13959
14042
9625
16959
25833
17583
21959
22750
22042
21917
20375
21792
21875
21750
21625
22041
21583
21875
17958
19625
22417
25292
17083
21792
22708
23125
22417
26875
29209
16583
21625
21833
21667
22417
21792
25333
25125
15334
22500
22583
22000
21667
22083
26708
16333
25542
15417
22208
22750
22375
23709
43459
23583
22333
21833
21625
21916
21500
22083
21708
21709
21583
21500
23208
22083
23208
22292
21666
21417
21791
21792
23250
21959
21416
21709
21458
21708
21875
22042
17125
21500
21417
21834
21709
21500
22000
21500
20458
23125
14750
13083
13917
14292
13292
13917
14084
14208
14167
14291
14334
9791
13083
13125
13000
13334
13292
13417
13708
14041
14208
14167
13959
14166
13917
14125
13208
14125
11958
14791
32333
27333
9917
22416
22417
21958
21667
21625
21334
29375
22333
22375
19166
21959
25250
23750
22583
22000
21541
21667
21625
21458
21917
21458
21750
21833
21708
18084
23209
16958
21708
21584
21542
21834
21333
21625
22875
21750
21750
21459
21625
21167
22375
22083
22083
22833
27875
18417
21250
21541
22125
16416
24292
24500
16292
21708
21708
22125
21709
21917
21458
21458
21459
21833
21458
22125
21500
28625
23291
16959
21542
21875
21875
21542
21625
21583
21292
21667
21625
21583
21416
22041
21250
21500
21333
21584
21458
21750
21833
22291
25667
14250
8709
13083
14000
14208
13250
14167
14167
27833
11959
21916
22333
22458
22875
22875
16916
22625
22917
21750
21792
21792
21625
21709
21459
21833
23333
21833
21833
21709
21625
21916
21250
22291
23916
25375
14625
21417
21750
21958
28875
43167
36292
14291
23584
31666
26875
26958
27584
50042
75416
53667
28959
18083
23625
23375
23166
23291
17042
36583
39042
55334
87167
67042
44666
15709
52125
47792
76208
59542
38375
19041
23541
16833
21750
15250
21834
16292
52459
55167
39459
48666
45167
80167
58208
45209
68708
51833
29959
10209
50083
41875
62583
46667
26916
8417
22666
17208
17292
17500
22708
23458
25000
13250
22166
15208
21625
16666
44250
59000
40000
18417
23667
17250
23709
16334
22875
24166
44917
42584
38416
42333
49583
48083
46792
54958
50542
51959
81250
52875
50750
71291
52792
32708
14458
54875
52333
37958
29458
25875
38791
42916
39417
52584
55500
49042
50833
53291
34667
33208
28250
51125
93500
77625
56292
35667
17166
53542
70209
52708
88584
71125
48167
25792
19083
24209
17541
25458
18792
23375
17916
23417
23250
23459
23916
23458
24167
23000
24417
17791
22833
23333
23459
23458
24208
23334
55750
53208
55833
71042
50417
27334
18750
24083
16708
24584
24625
23750
23458
23500
23042
24041
16542
23000
18083
22750
22959
24250
23250
18125
23792
24166
23250
23541
23458
23458
34750
32416
22417
24125
16667
23334
18583
23166
23459
23333
23625
18625
23583
23208
23500
24000
23833
34000
57375
48500
55458
115250
96875
75083
55042
35000
17000
23750
17875
23167
24791
23500
18125
23042
18083
22958
27333
27041
11542
22750
23791
24709
23208
23875
10042
25750
28833
19084
22875
14083
22750
22541
19334
23750
17500
22625
23208
23958
25208
15875
22416
22875
23041
22250
21000
29583
11958
23084
23042
23250
23291
22708
22792
22750
23791
23125
23750
22917
24250
23125
22875
22917
23250
22500
23208
22541
23375
22750
22625
22750
23042
22875
23625
28000
18417
22625
23000
23041
22959
22750
18500
17750
22958
23083
23125
24833
17958
19000
14625
20292
5792
14209
10208
13792
13791
13958
10083
13833
13875
14958
14500
15042
13875
14542
14000
14584
14084
14584
14458
14833
13917
15042
14500
7500
19250
7708
13833
13792
13750
14875
13542
14584
13833
15084
13791
14708
14042
14708
14000
13916
13750
14417
9833
13750
13958
14458
13708
14958
15125
14375
13917
10334
14000
14375
13833
14541
13875
14417
13750
14292
13833
13792
13792
10208
13750
14042
14500
9916
13917
14916
14500
10333
13917
14917
14708
32375
13083
12917
12334
12292
12333
12250
12416
12125
11958
12000
8584
12167
11917
12000
12166
11916
12250
12208
12291
12000
12042
11875
11833
11917
12083
11917
11959
12250
11959
11959
9375
12375
13250
12875
12042
12125
11917
12042
12208
12042
12042
11959
12750
11917
12041
12000
11958
11917
9417
12292
12041
7875
8708
12042
12500
8875
12959
10500
11958
8709
12167
11958
12000
12000
12084
11958
12000
12000
8875
12042
11916
12250
12125
8584
13666
11666
8916
50209
98417
79000
51083
20250
23375
23167
24542
23709
23625
22834
23333
23000
22917
22958
22834
22708
17458
54292
30084
14042
37833
34250
28917
25458
23917
27125
26584
27334
24417
23375
23083
22667
23375
23500
23166
29792
18792
23333
23417
23083
23084
23125
23167
22834
22792
22917
23334
23000
23083
22625
22458
22958
23000
23083
22792
22625
22958
23000
22792
22708
34250
18000
23375
23375
23000
22917
22959
23042
23125
23041
23000
23083
22708
23000
23125
28000
20125
23333
22959
23083
25125
27167
18542
13917
13875
13791
13833
13708
13875
14791
14125
13875
13916
13792
13959
33000
16667
24291
24167
23459
24042
23375
23250
23000
23000
17792
23708
23750
23083
23917
23500
24209
17416
23292
22625
23042
23500
26000
20458
23500
24917
23791
22875
22709
22791
22833
22833
22667
23333
23000
22708
23167
22792
30792
26042
24375
22792
22958
22709
23334
22792
23209
23375
22750
20333
23709
35250
44709
25417
14584
17917
17292
17500
17917
13125
17083
17000
17375
17375
17000
17083
17417
16958
19375
16708
17166
18084
18292
18083
17291
17292
17125
17083
17125
16875
17042
31583
30042
19125
23791
52458
44375
55833
51917
52792
83166
60875
35834
13083
24625
18834
23125
23291
22959
22875
23542
22916
22667
22750
22417
23167
23000
23875
22791
22833
25208
24584
23584
22667
23166
23084
36958
21250
31792
18542
27750
25791
19875
23833
24041
23875
23000
18791
23958
23792
23042
17792
20250
24333
23125
22583
22584
22875
23500
23083
22625
22958
23000
23000
22750
25625
29083
21917
22916
23209
22958
22834
22875
23208
23125
22792
17500
23250
23833
22459
23042
22667
22875
22792
22791
22708
22708
22666
22750
22667
22417
24500
22792
26375
19750
23417
56916
44042
27209
26959
20500
24541
17875
23291
24208
25416
21958
11125
23541
23708
23083
23125
23042
22792
23167
32000
21792
24916
22958
24292
22583
22750
23000
22792
23083
23167
22791
22834
22958
23084
44000
27417
17833
23042
23583
23166
23042
23416
22750
22959
22667
24000
23541
22917
22709
22542
22542
23041
22542
22792
22417
22583
22458
23167
23209
22958
22834
22500
22958
22625
16708
26292
15208
23125
23084
23000
22875
23209
22875
22833
22750
22875
22500
22542
22625
25667
19833
25375
24667
22792
22958
22875
23083
22625
22584
22875
22875
22834
22625
22875
22708
22959
17916
21334
23208
23125
23000
22750
22750
23916
22750
22542
23000
22583
22667
22541
22792
26250
23334
23417
23167
24958
22458
22958
22625
22708
23000
24167
23250
22500
23209
22666
23000
22708
22875
22625
22500
23000
22875
22958
22667
22833
22875
22875
22875
22958
22583
22792
22834
22417
23083
22708
22708
23000
22833
22708
22917
30416
23792
22833
22667
22833
22625
22625
23042
22833
22667
22542
22917
22750
23041
25000
23458
21084
14500
13958
13916
13750
13875
13833
11916
13875
13792
13958
13875
13916
13708
13792
13792
13750
13875
7916
13833
13792
14000
13916
13875
13708
13750
13875
13958
13667
13625
13750
13708
13791
13916
13666
13791
13792
13709
13834
13750
13750
13792
13959
13708
14083
13791
13750
13625
13833
13792
13917
13833
13833
13875
13917
11042
10709
23375
6500
14166
13792
13875
14333
13917
13917
13959
13833
13833
13834
13792
13958
13875
14208
16792
30542
21667
30667
25709
23541
23417
24000
24250
32000
13500
23750
24333
24292
23250
23208
22958
22959
22833
22917
23500
22875
22833
23083
23125
22708
22917
23167
28375
29667
27542
50000
77875
42208
15917
27666
26125
25125
24292
23416
23416
25209
23666
22917
27958
32292
15083
23250
23292
23209
35792
10958
23000
23375
23625
22959
22583
22875
22459
22709
22792
23209
22917
23125
23166
22917
22875
23125
29625
41334
53583
45208
25125
18417
23875
17958
23166
23208
23042
23250
23541
27375
26167
26834
17000
20833
39542
33166
51209
39958
24917
25542
19000
23334
24167
44250
20416
23166
22958
22708
23625
23042
23125
22875
22750
23000
28167
23167
23208
23125
22875
22916
23333
23125
23292
22875
21292
39750
16708
24084
18541
25125
13125
23500
30000
14250
23875
23834
23833
23333
22916
23000
22833
24708
25000
19667
23292
22791
23250
23792
23042
22916
22667
22792
22875
22916
22750
22792
22750
22875
23083
22792
22792
27958
25666
22750
22709
22792
22458
22666
22791
23583
22834
25000
26250
13833
13916
18750
16959
14500
13959
13917
13917
26459
12208
17834
13792
17375
13333
17167
13250
17333
17083
17375
17250
17250
17125
16833
18125
18084
17209
17166
17208
17084
16958
17375
18750
17334
17083
17542
13334
17083
16833
16959
17000
16875
17250
17083
16834
17167
16959
16917
14917
17167
16958
17083
17125
17375
17125
17042
16875
18542
27084
22334
23750
23125
22958
22833
23166
22542
22708
24208
24458
24458
23208
23292
22959
22917
22750
23166
22584
22917
22750
22584
22959
22666
22375
22792
22459
22459
23500
23083
25375
15583
13791
14708
13709
13708
13958
13875
13833
13875
14042
13875
13750
14000
13792
13791
13833
13750
13750
13791
13875
14041
13917
13833
21833
13459
17208
17250
16875
17208
17083
12541
17250
53125
56542
82250
59042
33917
10875
24375
24250
23375
23084
22875
23250
24417
22791
23083
23167
22917
23792
23042
22917
22667
23042
23041
17459
24292
23667
31708
23084
24417
23708
26083
12625
23292
23166
23125
22833
22875
24542
22708
25000
24542
22542
22834
22708
22584
22834
23000
22791
22709
22625
22791
23167
22750
22875
22458
22667
22334
22750
23125
22625
22833
22333
22875
22583
22583
22875
22667
22750
22917
22583
22708
22208
22625
22834
22417
22750
22541
22834
22625
22875
22750
22667
22625
22625
22875
24667
20792
14333
13750
13666
13709
13708
10208
13792
13666
14000
13709
13875
14625
13916
13791
13792
13792
13792
13500
9417
14041
14459
13792
9209
13583
14000
14667
9542
13833
16834
14625
14792
14625
14000
13916
13833
13875
13625
13667
13750
14041
13666
13875
13834
13916
13791
13666
13292
48833
54292
52500
70542
45959
39583
75875
64500
48542
53458
50916
54916
62333
99167
57209
11250
26125
15625
24375
21500
28208
21291
24083
23125
23791
23083
24333
18125
24834
24833
18500
23541
23208
23375
23333
23416
24083
23916
10459
23291
23750
24917
30084
9875
24209
23875
23375
29750
26791
24209
25125
17625
25250
20625
24291
23666
23167
23000
23166
25083
23167
23333
23250
23459
22916
23250
23125
23083
23417
23083
26208
26750
15042
14792
15625
14583
17083
14208
13959
14084
13958
14208
14083
14209
14084
14125
14167
14292
14083
14167
13959
14042
13917
14208
14167
14000
14125
14083
14250
14209
14167
14000
14000
14166
13875
14000
14042
14000
14250
15375
16667
17167
13833
15667
15709
15875
14000
13875
13958
13875
14041
14000
14042
13875
13958
14000
14042
13958
13958
13958
14208
14125
14042
14167
13916
13833
14167
13834
13917
14042
13959
14000
14125
13917
14042
13959
13916
13917
13916
15084
16417
15291
15166
15500
15083
12750
12208
12042
12125
12084
12125
12125
12083
12000
12250
12291
12250
12333
12042
12208
12250
12166
12125
12083
12209
12166
12500
12125
12166
12333
18500
9083
13958
9416
13417
17750
5625
13834
13792
12291
12167
12250
12292
12334
12208
12208
12250
12250
12125
12458
12250
12166
12125
12375
12250
12042
12250
12333
12125
12084
12250
12375
12083
12250
12208
12125
14500
13750
13959
12250
12167
12583
12375
12167
12083
12208
12125
12125
12125
12000
12125
12542
12208
16542
12292
12125
12208
12041
12083
12167
12083
13542
14667
14708
14000
12125
12250
12125
12125
12209
12083
12250
12083
12166
12000
12125
12125
12208
12083
12167
12250
12125
13625
13542
12125
12250
12333
12166
12083
12125
12041
12167
12167
11959
12125
12167
12167
12208
12250
12209
12084
12167
12167
12125
19833
7708
13959
9250
14792
9375
12500
9208
13416
14125
14541
12375
12417
16250
9708
13875
9208
13417
9916
12459
12375
12166
12083
12083
12084
12167
12333
12167
12042
13250
13959
13000
14666
13583
12541
12250
12166
12208
12542
12125
12500
12375
12333
12375
12125
12167
12792
12125
12000
12125
12000
12166
12750
11333
13250
10667
18208
8792
12625
9375
14417
13167
8667
12166
12167
12125
8542
12416
12083
12083
12167
12375
8959
12250
12791
9083
12250
8958
20708
8667
12250
12083
12250
13000
11958
12208
16917
5083
13917
12417
12084
12208
12042
12042
12209
11959
11917
12083
12042
12041
12250
12042
12000
11917
12166
12042
12083
11958
8792
8875
15625
10083
12958
8625
12042
12084
12000
12083
11916
12125
13334
12125
12291
12167
12042
12083
12208
11917
12000
14041
13166
12209
12250
12167
15333
9458
12542
12458
12375
11958
9666
9375
15084
13125
12625
12583
12458
12459
13833
22083
34042
21708
18167
28750
14625
23208
23542
22917
23250
29125
18416
18708
23792
23500
23375
23208
23375
23209
23292
23125
29916
12375
23000
23208
23250
23042
23083
23417
23208
23042
22875
23750
23166
23375
25667
27000
21167
25917
26916
14916
14417
11208
17167
8625
16625
11416
14000
8834
12416
13125
15250
9708
12333
12625
13125
9000
12375
12292
12291
12208
12334
12375
12459
28792
18458
23333
18792
19958
31417
17458
18875
30625
14875
23708
23708
23292
18458
23125
23500
22791
22750
25334
32250
23625
23125
22958
25125
23833
23084
22958
23209
23125
22958
23459
23041
23083
22750
22750
23042
22958
23000
23209
22625
22916
23500
23125
23167
33583
14708
27667
27750
24125
28625
26542
39958
23166
18333
22125
23958
23375
27584
28667
17625
26208
13958
23791
23792
23375
23166
23500
22833
23167
30875
24167
16041
19417
26292
21375
26042
29041
30666
15291
23666
27375
26709
21291
26542
23959
27708
18083
48792
48042
40125
52833
39375
45041
51291
38625
53542
27083
23375
26208
12333
25125
27084
11166
22917
18084
23500
23333
23625
23458
24292
17375
23083
16333
16083
22666
23750
24292
17959
23375
23208
22834
23541
22959
27500
21542
23459
23750
27666
24709
23875
23250
24209
24291
18000
23000
23000
22666
23042
23500
23167
23042
29083
28667
16417
22916
23833
22792
23167
22833
23333
23042
23209
23000
23334
22750
23167
22792
9875
18833
22875
23416
22833
23208
22792
25167
23583
23167
22750
23334
23375
23000
22958
23000
22708
23083
22916
22750
22708
22791
22667
22833
22917
23042
22625
16959
22959
23458
17084
22709
22958
22625
17375
22000
23875
18459
23375
24458
23666
23416
22916
23125
22917
23083
22958
23084
22916
23417
22834
23209
22792
22959
22917
25666
25709
13958
13875
10250
13958
14542
10500
14042
13792
14834
13958
14750
13792
14792
13916
13959
55375
100542
51541
92750
37625
50708
51625
51834
50583
54541
105750
52875
41167
50625
51041
32709
53167
55375
45292
25167
24500
18083
23000
23375
24750
18125
22958
23250
16250
22625
23042
23000
23042
23000
22666
22750
22708
23209
22875
17958
22875
23208
23167
24042
22625
22833
24375
22875
22958
26125
17959
23000
22875
23084
22625
9875
22916
24541
22875
22542
23041
22417
22917
22666
22959
22583
22833
22625
23041
23000
23000
22500
22875
23291
23292
22792
22833
22416
22959
22708
23042
22542
22834
22584
23167
22459
22791
22792
22917
23333
22958
22750
23333
23042
22959
23166
22916
22917
26958
26667
16708
14042
14791
14041
14500
13792
10791
13834
14292
13917
14500
13875
14709
13875
14417
13875
14500
13875
14584
14667
14458
14042
14083
13916
13834
13792
14500
13875
14708
14583
14375
13917
14709
13958
14667
13875
14708
10334
14000
13667
10334
13875
14750
13834
14000
13875
14583
14208
14875
13750
14458
13792
9916
10209
19375
15917
5791
14083
15292
14208
14667
14125
14500
13833
14542
13708
14666
13916
14542
13792
14250
14042
14417
13875
10250
13708
14667
10792
13042
12167
12750
11958
8583
11125
13041
13459
8083
12250
12917
8875
12000
11958
12584
12750
8833
12000
12625
12000
12125
9125
12000
12041
14292
8084
12458
8458
12000
8917
12083
12667
12542
11125
12042
12125
12250
12375
12042
12833
12000
12750
12041
12667
8583
12083
8791
12084
12750
13417
13208
8959
12208
13000
12667
8917
12250
9292
12250
11125
12208
12708
12958
10000
12084
8083
12125
8750
12250
13208
8750
12000
12750
13167
8958
12084
8084
11917
12042
12291
12125
12750
9042
12041
12125
12750
12084
12834
12000
12958
12208
12917
8875
12958
9042
12166
12916
9000
12000
12042
13000
12208
12750
12834
13292
13083
8625
12000
12292
8584
12166
13041
12292
13208
23708
11292
14792
8125
12458
8542
12334
8917
12292
13417
9000
12500
13250
9042
8959
12125
13083
8917
12250
8709
12125
12958
12166
20125
12959
9084
12042
13083
9083
12125
12958
9000
12208
12333
12458
20291
8458
12083
12083
12083
12125
12125
12833
12042
10000
8750
9500
9167
12250
11875
13666
11875
12500
12250
12083
13000
11958
12042
8500
12000
12042
12125
12083
12083
12083
8500
12125
12125
12083
12000
11834
12000
11958
12167
11917
12041
12000
12209
12084
12125
12042
12416
17333
9459
12834
12334
12041
12083
8625
12167
11875
12042
12083
12209
12125
12125
12042
12083
12083
12000
12250
12084
12083
12084
12042
11959
12125
12083
12084
11958
33417
30000
26458
31958
54334
54209
33958
10834
26500
14875
26250
21667
23417
23708
23791
22958
25000
23583
23500
22709
22667
23458
22875
17708
22958
24334
23167
23166
23083
22917
24375
11834
22792
22875
22750
22792
22417
17208
22959
22834
23000
22625
22791
22417
22625
23333
24750
23750
22917
25791
23583
18833
13667
13750
14000
13792
13708
10000
14000
13625
14083
13833
13792
13875
13666
13833
14042
22958
13791
14292
19250
16625
16542
16708
16542
42708
58625
91167
70625
51917
18834
25208
57834
91875
70709
44500
19166
24833
23958
11083
43292
20792
27125
11958
27708
18583
24542
18500
23042
22709
23000
23458
23041
22958
23417
23500
20708
22958
22833
22958
22875
23167
23166
22958
22834
22584
22959
23084
23875
32666
24458
18208
23541
23292
22875
22875
22875
23000
22875
23084
22917
51708
52500
46833
50250
50291
53541
38916
60083
68916
43834
37667
37416
56667
41292
57417
31792
53250
90125
69083
42083
13708
23958
23625
23792
22875
23042
23000
23500
18667
23333
23292
23083
23084
22792
23084
22958
23041
22875
23000
23250
22875
22958
22959
23166
22916
22917
23042
22750
22833
23583
33458
17625
23250
23000
22667
22916
22792
22833
22917
22625
23334
30625
14250
23917
23083
23125
23000
24542
23292
22791
23542
22958
22917
22875
23208
22875
23042
22708
23209
22875
23166
23167
22917
23042
22667
22834
22875
22875
23042
23208
22875
22875
19416
23167
30292
19292
23333
18000
23834
19833
26500
17500
11500
11750
13875
9042
14208
14667
14167
14208
13958
15583
15500
14375
14209
14042
13917
14042
14000
14083
14167
14167
14125
14125
14375
16834
15333
15333
14958
14084
14459
14000
14000
15917
13834
14083
14042
14333
14166
16250
14083
13958
13750
14000
13916
13750
14000
13791
14542
14292
13875
13791
13959
13833
13792
13875
13792
13833
13625
13792
14166
13833
13666
13875
13791
13791
13667
13791
10125
13875
13750
14083
13750
13750
13959
13875
13959
13875
13750
13750
16833
18083
12958
12209
12250
12167
12042
12166
12041
12125
12000
11833
12000
12208
12083
11916
12125
11792
12083
12166
12042
12042
11917
12166
12208
12125
11959
11917
11875
12000
12042
8625
12125
12417
12000
12083
12042
12042
11917
11959
11875
12041
12083
12042
14583
13708
12750
8958
12167
12042
11917
12000
12083
8500
11875
12166
12041
12083
12250
12000
11917
12042
12333
12083
12000
8500
12250
12083
12250
12000
12042
12042
12083
12208
11875
9875
12084
12084
9500
12125
9416
12042
7833
12166
8458
12000
8625
12000
12375
12125
12167
14250
12167
12042
12083
12083
12000
11959
12000
12250
12166
8541
12083
12083
12083
12042
12000
11917
8459
11916
12208
12041
12000
11917
12042
11917
12334
12500
12333
33416
28000
29291
29209
34709
52500
57125
67750
35792
52333
36708
19583
19792
39333
33875
28292
40459
27500
17875
29125
26833
18458
23375
22916
22750
23750
23541
22916
22958
23000
25625
23417
23375
23166
22750
22875
22750
22959
22958
29959
23125
27833
26667
23667
23000
18875
23583
23667
19125
23208
22625
22750
22875
23042
22833
22834
22958
24500
19750
23041
22750
22542
22750
22416
23042
22791
22917
22709
22583
22417
22959
22542
22875
16416
22875
25125
23084
22709
22959
23125
23000
22583
22834
22917
20167
25875
23125
22666
22875
22500
22500
22792
29750
14708
23792
24333
23541
23167
23125
22875
22959
23000
23250
23584
27042
17417
21584
10958
23334
18583
23125
23083
23084
23250
23458
23125
23167
24041
23250
22584
23042
22792
22708
22625
22875
23375
22834
23042
22875
22500
23041
22583
31541
25500
23125
22916
23458
22750
25417
23292
23208
13750
13917
13958
14041
13833
13959
14125
14041
14000
13917
13917
13833
14000
13917
13959
9875
50583
46292
51667
41667
50250
53917
37625
56375
43584
59625
33417
50916
39958
48417
49333
58542
36583
11833
23875
24500
23417
23000
22917
24250
33500
24125
22750
23042
22917
22792
22709
22709
23958
23625
22750
23625
23458
22709
23208
22791
23375
22708
22625
22833
22625
22958
22416
23000
22791
23084
22625
31917
19167
23333
22917
24750
23833
22958
22833
22917
22583
22708
22750
22792
22625
22542
22500
22417
22708
23041
22750
22958
22666
23042
22959
22667
18583
22708
28750
17833
23208
23084
22667
22750
22542
22375
22625
22375
17000
22917
22958
22833
23167
22583
22791
22875
22583
22667
22667
22292
22417
22875
22917
23125
25000
23125
13792
13833
13833
13959
13792
13791
13834
13792
14125
13959
13834
13833
13750
13791
13792
13833
13584
13833
13917
13917
13917
13583
13834
13917
13583
13750
19666
14125
13833
14042
13917
13791
13750
13958
13792
13708
13750
14000
13792
13625
13875
13792
13750
9875
13875
13625
13750
13958
13916
13916
13917
13750
14125
13792
13917
13917
13750
13834
13792
13833
13833
13833
13916
13875
13834
13833
13708
13750
13792
13709
13750
14083
13750
13917
13875
13833
14667
14125
14000
13500
11917
12167
12292
12000
11958
12000
12083
12041
12000
12083
12166
12041
12000
12125
12166
12000
5917
10167
12250
12167
12000
12125
11917
11959
12250
12167
11958
9375
54083
83125
62583
37583
14292
23875
23750
23167
23292
22916
23041
23458
23375
22750
23083
22750
22792
23042
23042
22958
23042
22667
23333
22708
23000
22708
23125
22791
22583
23167
22833
22750
23000
23416
22792
23125
22583
25000
32083
13375
23708
22750
23000
22959
23209
22958
22708
22917
22666
22666
22958
22833
22792
22625
22709
23292
17208
17625
27333
11334
24375
14000
18459
23667
22833
22875
23167
22500
22875
22250
22750
22959
22625
22709
22458
23750
17708
23333
22958
17417
22750
22916
18584
23125
16042
22666
23666
20875
19333
16500
17166
45542
43375
35916
35834
46625
50584
73583
50125
23583
24209
23666
24333
23125
23167
23958
23167
23583
22834
22875
22625
23292
27417
28000
27041
25666
23417
22666
42666
28042
28083
47000
62542
35709
51750
71958
29333
44375
34208
21208
8209
12708
8792
12125
9000
12167
13125
8834
9208
18125
16125
5584
12416
12250
12333
12333
12291
8792
12541
12167
13750
18667
15583
11000
16291
6125
12542
8916
12250
12375
12417
12083
12875
12041
12000
12125
12125
11958
11916
12125
13542
12083
12167
12042
12166
12209
12125
12292
13250
24833
38583
29084
18041
5042
12708
17250
8042
14917
12875
17041
10375
12292
13208
12542
14583
15833
6833
11500
12458
12458
14417
15208
7917
12542
8667
12417
8791
12125
13125
8917
12250
13875
12334
12042
12209
12125
12208
12208
12125
15250
9416
13458
14459
12417
12083
14750
14458
12625
12500
14667
15417
16458
5667
13625
13584
14208
12208
12208
13750
14625
12791
14417
13625
12166
12292
12500
14375
13667
12166
12166
12375
12125
12208
13000
12250
12041
12958
16334
9875
12417
12916
13084
12291
8666
12125
12208
12208
12875
12291
19042
6792
12167
13000
11417
13833
12291
58208
71750
47333
21125
30417
17166
24875
47292
31375
27542
30583
49083
84750
66333
42875
18500
22583
23583
21958
21834
21334
21458
22209
21667
22250
21916
22458
21583
22541
21500
21500
21500
21292
21625
21541
21334
21458
21625
21375
21167
21584
15833
21458
21250
21667
21375
15542
21334
21250
33166
15667
17292
29500
21750
27125
29667
26584
17125
22041
16584
24167
17292
21834
16708
21333
21625
21375
21375
21541
21333
21458
22000
21583
21625
23250
22083
18625
21375
27583
17000
22333
21875
22125
21959
21792
22750
21709
21625
21792
22042
21875
16458
37167
19667
22250
18083
30250
23375
21875
21458
21875
21584
21583
21584
21542
16542
21375
21875
21583
21500
23833
23541
22000
22125
21417
21458
15708
21667
21542
21333
21542
16916
21750
21458
21500
21458
44542
48708
26166
23875
23334
16583
27250
13417
22500
22792
21542
24542
22542
21875
21417
22541
21416
22041
21583
21542
21500
21625
21750
29000
12042
23125
16375
21208
22292
21542
21291
21791
21750
21459
15791
21208
21292
21500
21250
21459
15667
21208
21208
21292
21875
21083
21250
21334
21333
21084
29500
16334
21666
21375
15833
24209
21084
21458
15667
21083
21667
22083
21625
21208
21459
21334
21292
27541
27083
30083
38041
52667
84333
65000
40792
13000
22041
16750
21792
21708
22458
22208
22416
21583
21791
21375
21625
30167
29708
10875
21958
22084
21958
21917
21667
45750
30250
17041
21416
22041
21750
21625
21291
23542
23667
16833
22083
21625
21375
21709
21708
21042
21417
21459
21334
21292
21708
22375
9375
21083
21667
21625
21583
21500
21458
21292
21500
21250
21083
16792
21542
21125
21667
21292
21333
21291
21208
21167
21083
21167
21459
21166
21000
21583
27833
25584
14916
21584
21208
21125
48792
30208
54917
73958
48792
39250
53666
55500
53000
44542
59167
51833
50792
44916
50750
41083
32917
30875
29375
32083
31041
32042
12709
23708
23416
22958
22750
23208
22792
23084
22708
23125
23542
22875
22750
22958
22958
22958
22833
33084
27333
19042
23875
23333
23375
23291
23167
23250
23167
22500
22917
23500
22875
22958
22708
24958
22750
22792
27083
47042
52583
43583
49500
48709
52250
47958
33000
52750
71667
40375
51958
30583
18750
34083
18334
23917
23875
23917
27792
18750
23041
23458
22916
23000
24500
24208
17750
23083
22750
22917
23125
22709
25000
23125
23000
23500
22958
23458
17958
23042
22959
22833
22750
22958
22958
22917
23166
16583
23166
22792
22709
22750
25458
25833
22792
22750
23084
23000
22833
22792
23041
23250
35833
24208
24709
24625
23250
25625
24167
23083
24667
23166
22833
23458
22958
23292
23083
35000
10375
23334
27917
11958
23625
22875
23042
23000
22875
23250
27458
23250
23209
22792
22666
23042
22708
23125
22625
22959
22791
23292
22958
22917
24708
23958
23000
23084
22833
22875
22958
22875
23500
23250
29833
56083
80666
42833
86708
77333
64166
51708
40583
21500
10292
12667
13541
10083
12583
12583
13375
18542
9291
13458
12916
14667
12334
12083
12208
12500
12125
12125
12334
12083
9792
12042
12167
12084
12125
12084
12250
12041
12000
12042
11916
12167
12084
11958
12208
12125
12125
12292
8625
12167
12041
12083
21542
10333
12083
12083
12250
11958
12417
12250
12166
12125
8667
12250
12167
12250
12084
12125
8625
12375
12167
12041
8750
12125
12041
12250
12750
12000
12083
12000
12167
12167
12125
5792
12209
12125
14292
12041
12084
12000
10250
12042
14583
12042
12125
12209
11959
12042
10250
13625
12250
17250
6417
12208
12792
13375
28125
26709
24042
23292
23375
23250
23208
23208
31000
15208
23750
25459
24208
23542
23667
23833
22875
22917
23375
23666
23041
23208
29875
26250
27834
18709
24041
23708
23417
22750
23333
22791
23083
22750
23083
23333
22958
22875
22958
22583
22708
22875
22833
22792
22584
23000
23375
22875
23000
22542
22875
22875
23083
22708
22833
22500
22583
23459
22750
22792
22709
25083
24208
23667
23208
23208
23542
23042
23000
22708
23000
22625
22791
22709
22833
22625
22625
22750
22792
23333
22708
22875
22750
23125
27000
22958
23583
22584
23084
22583
23084
22917
23208
22959
23292
42083
54792
31041
18916
25750
23875
23959
23042
23000
23000
23375
23625
22791
23667
23083
23208
23042
22959
23042
22667
22916
22625
24958
31375
40791
52375
36625
49917
52667
53250
53125
43625
50709
39458
29709
12334
31083
14417
23042
16417
23166
24583
24375
24125
23375
23584
23083
23541
23042
23083
22916
23625
23417
17791
33250
29375
11625
23458
23208
23708
24000
23792
22708
23250
25500
24375
31167
13958
28792
54291
86083
50667
51458
34917
24250
29542
33333
56583
95333
64250
50750
29166
17334
25375
18292
23250
16417
23458
17250
23709
24084
22833
23791
23083
17917
22834
23792
23041
23542
23250
23209
23166
18042
23042
23292
22959
23041
23209
22917
23167
23125
25208
24333
22625
22916
23125
23042
23333
23208
13833
23125
23334
22792
22583
22708
23125
22750
23083
22875
23042
22625
23208
22833
22875
22750
22875
23000
22917
22875
22834
23166
22792
23250
22958
22834
23041
22583
22792
22792
23209
22542
22959
23084
23000
22709
18125
22708
22833
23125
24875
21042
14416
14625
15500
14083
14584
15083
15041
14042
15250
13542
57875
102916
84583
61125
38208
17500
23916
18500
23458
18000
23000
23333
23083
23084
30292
16000
23542
38209
50375
49875
59208
82250
64041
42875
22625
27417
20083
23834
16875
25083
16250
23625
23042
18083
23417
24041
24916
26083
19542
20958
23792
23584
24583
23959
22916
23208
22833
22917
18291
23417
23625
23667
23791
23166
22833
23167
22666
17042
22833
22958
22792
22917
22708
23292
23458
23542
23000
22833
22750
23208
22708
22916
22917
23166
22750
24416
23125
23041
24750
18167
16542
51750
35625
40708
50708
56000
51167
48667
50667
39708
54666
46375
38875
36750
45792
52416
54125
48708
51667
52292
63666
47250
44875
54834
52083
52750
53709
70333
53791
58292
53334
43000
20833
24000
23667
23250
23333
23584
23459
23250
45250
40833
36709
54125
44875
50167
76833
39541
13958
24250
23875
24417
23042
23084
22958
22875
22833
23459
23375
22875
22917
22833
22708
22875
22500
22959
22833
22917
23000
23167
22750
23250
22875
22750
22583
22708
22916
22833
24750
23083
24041
26042
17917
23250
23250
22791
28250
22875
23166
22917
23041
25875
25042
23375
23000
25875
27208
23792
23417
23250
22750
22917
22833
22583
22875
23125
23167
23166
22833
23000
23250
22875
22708
54042
55041
50750
41750
51500
53334
76667
52542
26959
18209
23917
23541
23083
23292
24209
22917
24500
22917
23041
22917
22750
23000
22958
23041
23250
22667
23125
30333
20709
24791
12417
24958
20625
13375
24500
23250
23208
23250
23875
23000
23125
27209
25458
24625
27500
23834
22917
22875
22750
24166
22791
22500
22750
22667
22667
22833
22708
22708
22708
22667
23166
22792
22792
22375
22791
22916
23875
23166
23417
19542
23125
23333
22958
22708
20042
22584
22500
22625
22667
17375
22584
22708
24000
22875
22875
22917
22750
23125
22834
33875
18000
23292
23084
23209
23042
22500
24250
26625
24541
23125
23583
23125
23208
22833
23000
23000
22583
22917
22833
23083
22875
23750
33458
25417
23250
23208
22708
23291
23041
23291
23000
23042
23459
22917
22875
22916
22833
22709
23000
23083
22833
22875
22791
32083
20334
15625
14000
13791
14083
13792
13959
13833
13875
13833
14000
13834
13833
13708
13875
13917
14000
13917
13959
13750
13625
14084
14000
13875
13917
13792
13958
13792
14417
13959
13917
14000
16916
14958
14000
13875
13959
13958
13958
13917
14166
13917
13750
14125
14083
13917
13833
13875
13917
14041
13958
13958
15209
14000
14125
13917
13959
13625
13917
13917
13917
13750
13959
13833
14042
13959
14000
13875
13958
13792
14000
13958
13958
13917
13791
13917
14084
13875
13750
13834
13792
14000
14292
18334
14667
27125
10875
18542
18125
26792
17458
17750
17250
13208
17084
17250
13500
16083
18000
22500
21459
18125
20292
13292
14125
17958
17125
17583
16875
17167
17083
17209
17000
18916
24333
23125
23041
22875
23708
23166
23375
23000
22792
22625
23083
22750
22750
22791
22917
23292
22834
22875
22750
23167
22625
22792
30500
24625
22916
22958
23167
22959
55500
81667
58250
33250
11083
23875
23875
23333
22916
23042
23250
23584
23250
24375
23042
22792
22875
22958
22833
23000
23125
22958
23166
22917
23291
22792
23042
22875
22792
22916
22833
23208
22750
23042
22792
23250
22834
22833
22916
22750
22958
32125
11209
23708
22792
23000
23375
22833
22792
24833
25292
13750
14000
13833
13834
13792
13958
13916
13958
13834
13917
13917
13792
13834
13833
13833
13792
14000
14000
13959
13792
13667
13833
13875
13875
13709
13875
13792
13958
14166
13875
13958
13792
13958
13958
7250
15292
13834
15416
13708
13917
13750
13959
13875
9875
13833
13792
13750
14042
14000
13875
10167
13792
13958
14000
14083
14208
13875
13584
14000
14417
14333
30041
41000
50917
52750
26500
12584
22792
26416
15834
22416
17375
18416
22250
21625
20334
22084
15458
22375
22125
15791
25792
13709
16333
21792
21667
10250
18875
9375
31375
29834
18292
21667
21583
22375
21667
22042
21917
21916
21666
21709
21959
22333
21583
21500
21584
21791
21917
21583
21625
28209
26875
22958
21750
21708
21667
21708
21917
21667
21792
21542
21708
21584
21708
21500
21375
21709
22041
21625
22000
21708
22041
22083
25750
23000
14709
14000
13583
13792
14000
14292
13834
14208
13875
14292
13416
13250
13333
13375
29416
15708
21792
21792
21583
21875
21625
16333
25958
19625
15834
19708
22166
21583
21625
21416
21208
16500
21292
21166
21250
21583
21583
21625
21333
21167
21041
21084
21500
21458
21083
21250
21333
21625
21666
21417
21375
21917
21584
16750
21458
21542
21416
21333
21542
21417
21416
21292
21625
21458
21000
21458
21417
21375
15875
21458
21167
21333
21584
21417
15416
24334
16667
16000
13708
13750
13291
13250
13792
13750
13833
14000
13042
13500
13667
13834
13208
38875
49167
29250
15875
22542
16916
22208
23417
16875
23750
26458
22125
21667
21875
21583
21791
21334
21375
21417
28625
22875
22500
36542
14667
21584
21250
21542
21500
21333
21333
24875
16791
21458
21833
21333
21792
21250
21583
21583
21375
21375
21625
21416
18250
21667
21667
21458
21541
21375
28750
27625
8875
19625
23375
18792
29875
14541
13583
13916
13917
13750
13083
13625
13084
13375
17250
47375
50166
53333
52583
29584
30583
31208
51958
48875
43916
50125
53667
79542
51000
84000
63375
37375
14875
22459
23208
16583
22000
22375
22584
22208
22458
22250
16417
21541
21708
21917
21625
21583
21375
21541
21916
15833
21625
8875
21625
21417
21291
15417
35333
23000
21875
21875
21625
21417
21125
21458
21166
21500
24792
22958
33583
17250
21875
21459
21541
22625
16375
21208
21125
21375
21083
21292
21292
22958
21375
52042
41250
50125
53250
29583
12542
22750
27959
20458
22542
16708
22208
37625
51000
66875
47292
24125
29333
10083
22167
23375
16542
31458
33125
22416
16667
22416
28166
21375
30084
9667
22333
15167
21584
22792
14834
21375
21500
21916
22042
24334
16500
21458
22542
22375
22917
26584
26500
47000
29875
42250
31500
53625
53375
22750
15250
26000
33958
52833
34750
26084
53792
35000
49375
53708
51916
48209
53166
56208
57000
26791
55167
36417
29042
19125
27250
37958
34083
28708
16584
31292
29541
11667
23416
17417
22917
24375
17500
22792
18208
23041
23125
23458
23416
23500
39416
27209
36833
41000
52833
53583
95833
77584
55250
34416
35500
24917
17834
23541
18125
23083
23375
18125
22875
22708
22917
23125
23042
23250
24125
18042
22958
23708
30167
29292
15250
22583
24666
24542
17666
32541
51541
50875
53208
54875
55458
54792
53792
97458
78292
52041
29458
17000
23958
18292
23333
18333
23208
23542
23875
17666
22792
24000
18334
26167
22291
24083
17833
23041
23333
23208
23209
23334
19625
22792
23083
22584
23083
25334
17333
22833
23042
22958
23208
22791
10125
28750
26417
10042
22834
22875
23333
23833
22875
23125
23000
22958
23167
23416
22708
22916
22709
22959
22834
23209
22750
17750
23000
19000
22625
23125
22958
23042
23084
22709
22917
23584
26500
28708
13667
23333
21000
23416
17709
23750
18000
23375
23958
19333
25666
14459
10375
13792
14791
14125
13958
14208
14292
13791
10208
13833
10083
13792
14708
14542
10292
13792
37166
39166
19416
23333
18083
23416
23250
23458
24000
18000
22917
23500
23959
22875
23375
23625
18958
18041
46042
31958
27250
17209
27542
27500
16667
23333
18166
23042
24000
23125
23667
22875
23083
25166
23208
24000
23125
23208
22791
22916
23084
29209
51958
80750
60708
37500
16125
24250
17958
24833
30792
16625
23250
26333
27666
17875
23500
24459
27667
50208
92625
73625
49292
27209
21584
23500
17667
23125
24458
18042
23958
23500
23000
22792
23125
22917
24000
23209
23458
18625
22875
23209
22209
23250
23000
22875
23250
22916
23292
22792
22458
23375
23583
23000
31042
18708
23667
23667
23209
23375
24334
23167
23250
33375
19375
22875
24458
23834
23708
24750
13583
23250
23209
23375
23167
23083
22958
17625
27708
15167
23584
23417
23875
23583
23833
22958
23500
22875
23000
23083
28875
16666
22875
23584
30666
26708
17833
22917
24166
23667
24625
23292
23041
18417
17458
17292
21958
24000
23375
25750
18208
22708
23291
22792
23625
23250
22792
22792
22750
22833
23083
23042
30541
24083
17500
23167
31084
20709
17417
25292
19833
23625
18625
23375
16042
23292
29916
23333
17959
22958
16000
23041
25875
17625
22750
17083
22959
23083
23291
31875
13292
23000
18000
23000
24041
23917
17292
23125
23042
21125
23666
22875
23042
23000
23458
22958
22750
22750
23791
23125
22917
23083
23000
29667
15167
17709
15292
5417
18083
32500
26250
27750
18833
23292
24167
24084
24292
18583
22833
16292
23167
23958
23417
17958
23125
30959
18250
24167
15458
25500
18250
23083
23667
23375
30083
10625
23750
18667
23416
24208
18250
22917
24917
19334
23208
29000
24375
18625
23208
24459
24542
23500
23083
23209
23583
23500
23750
23083
23583
19666
23459
23750
22000
24000
18416
25041
19000
25291
20833
23250
23958
23166
22917
29541
25250
18208
23292
23541
17792
23000
23709
22916
23083
22833
23083
23083
23167
23042
23417
23250
22917
22708
22542
23583
23125
22917
22208
22666
17875
22833
23042
22791
23042
23250
23250
23000
22666
22708
26792
18959
34541
24542
17417
22541
15292
6500
43125
68709
52042
29917
10666
21875
16500
25750
15291
21833
21834
21958
22250
22709
21500
22584
21833
21292
21541
16667
21417
21417
21458
21250
21541
21250
21583
21250
23584
17166
21208
21333
21167
21583
21291
21459
29292
16167
21834
21958
21375
21333
21250
21625
21291
21459
21250
21667
14834
21250
22083
22541
21750
23541
10625
21666
21750
16917
24625
11000
22250
21750
21208
21208
21250
21375
22417
21291
21334
21167
21209
21542
21000
21041
16292
21792
21209
21417
21167
21083
21208
21334
28750
9750
22250
57084
33791
25292
17208
21916
16084
21750
22167
41500
52167
30959
24375
23416
23375
23042
23167
24209
22958
25167
24708
16500
19875
27291
11083
24000
26041
29458
17834
23250
29750
25583
23833
22875
22667
22750
22625
22833
23125
22667
22416
23334
22792
22750
22667
22542
22625
22542
22458
17125
23000
22750
23375
22916
22709
22834
22417
23042
22750
22958
22583
22958
22792
23167
22791
22875
16542
22875
31334
14042
23708
24500
17083
23208
24292
18042
23041
18292
23584
23584
23000
22792
22542
22458
23375
22709
23333
22666
23000
22916
23167
25417
23333
22875
22625
22917
22792
30458
26375
22959
22541
23125
22708
22709
23166
26708
24041
23208
16666
35166
13458
23666
23167
23042
22917
22916
23209
23334
23208
17958
24917
24875
22916
22583
23000
22708
22542
23083
17917
25042
18917
22792
22750
22500
23042
30292
39416
33459
10875
23125
23292
23333
22875
17709
23625
23667
22750
23375
22583
22958
22833
22708
22666
22958
22542
22917
22750
22833
29041
17125
17542
22417
26250
17875
23625
23375
23000
22792
23000
23375
23083
22958
23125
22959
20083
23000
22959
23208
25834
23292
23375
22667
22917
22916
27917
22500
24500
23084
28458
27458
25583
27333
24416
28083
24583
23208
23209
23167
22958
22791
22792
22916
23250
22625
22875
22916
23000
22916
22708
22792
23042
22875
22500
23209
22792
22875
26458
24000
23042
22917
22542
23042
23083
23125
22625
17792
24625
24083
29583
24083
23125
23083
22875
25542
23250
22625
22667
22750
22625
22958
27083
26542
23958
23417
22833
23208
22917
23083
22792
22875
22833
23000
26542
22916
22875
23209
22750
22958
22958
23042
22875
22958
22542
23125
23041
22875
24500
23084
23125
22625
22792
22708
22916
22833
23083
22833
22875
22750
22791
22916
22709
23583
22667
22791
22917
25375
27416
12250
13875
13792
13542
13833
13792
13833
14125
13958
13917
13917
13875
13958
13959
13917
14708
13750
13708
14041
14000
14208
13875
9959
13750
13875
13708
13792
13833
13833
13750
13958
14041
13875
14000
13833
13792
13792
13833
13917
13667
13791
13709
13917
14125
14041
13875
15625
14125
14083
13959
13708
14000
13708
13875
13916
13792
13834
14000
13958
13875
13709
13875
13792
13750
38250
24750
23875
23583
23250
23583
23541
23125
23000
22916
17334
23667
22833
23083
23792
22959
22750
23000
23041
33000
15500
23041
22916
23041
22750
23125
22792
23291
23041
22750
23292
22666
22875
22834
22750
22917
22792
23625
16834
23042
22958
23375
22958
22417
22959
22625
22625
24917
22541
22666
23042
23208
23042
23000
22833
22750
22708
22917
22625
16375
22833
22583
22958
22917
22916
23000
22750
22875
23041
22584
22917
22500
22875
22625
23084
22583
22875
22458
22584
22709
22667
19042
32459
18875
23250
22833
22792
22834
22541
22666
34500
23167
22833
23083
17334
22917
25292
26542
11708
13791
13959
13792
13875
13958
13750
7167
13833
14041
14000
13875
14208
9958
13916
14209
13875
13709
16625
13875
14042
15542
14000
13708
13708
13875
14291
13917
13791
13708
13792
15750
14417
37750
38292
16292
24208
22834
22834
23000
22834
22959
29708
31042
24875
35292
28292
16708
26083
24500
28667
17166
29542
9917
23541
18709
23083
22917
23458
22750
22958
22875
35584
23667
23291
47542
64708
40917
15750
31500
29167
52458
65541
54625
79625
57416
31167
19875
23792
23375
23333
22833
22792
23041
51375
54958
54125
53000
80458
59833
34084
10708
23917
23875
23792
23083
23208
24333
23792
23208
22917
22917
22750
22750
17000
22916
22792
23042
41417
48042
52459
64625
47583
47750
53916
69000
48542
39500
34333
13459
22667
22083
21792
23875
12375
22708
15667
28667
10084
23333
23458
22541
24792
16667
21541
21458
21667
21541
21583
21583
21542
22583
21375
21458
21375
21333
21375
21291
21916
21875
21625
21375
21417
21375
21667
21292
21541
49917
26250
21917
21625
21375
21541
21541
21375
21416
21375
21417
21416
16167
19750
21834
21334
21292
23709
23125
12958
13042
12875
12958
13041
12875
13250
13125
13750
13167
13083
12958
14083
10709
13167
28417
9708
21625
22000
21541
21709
52834
48916
73041
53875
85000
66000
41292
17375
22375
16750
21625
22917
22209
15125
24750
21833
22000
21875
21750
21458
21417
21292
21541
21250
21041
20959
21083
21417
21500
21583
21208
21666
21500
21209
21333
21208
21417
21375
21291
21834
21416
21500
31750
10708
21875
21917
21625
21334
21417
21500
22875
21666
21666
21791
21334
21416
21458
21458
21625
36166
9417
21708
22042
21667
21958
21959
21250
21500
21291
15959
22000
21709
21209
21708
31042
17083
22875
29833
24459
23500
22500
21584
21708
21750
21541
18792
19375
21625
21916
20208
16875
21709
21792
21458
21167
21583
21292
21250
21167
21750
21333
21416
21500
16583
21334
21167
21625
21750
23709
21291
21584
21167
21125
21083
21375
21417
21084
21166
21125
21166
21083
21917
27375
15958
22709
40042
37875
8708
22417
28125
10375
20875
22834
44542
74000
55375
54375
92167
72625
47625
23750
23292
23375
21958
21667
22750
22375
39084
52458
30917
19084
21958
16166
21209
16458
21458
21541
21542
22042
21708
21334
21250
21291
21375
22167
53625
73584
52375
29416
18208
22084
22209
22083
16792
22917
22583
21750
22834
14750
21208
21750
21292
22125
22083
21583
21542
21416
21458
21500
21333
21416
21416
22291
22667
22416
21917
30958
13666
21625
22083
21834
21875
22000
21959
21916
21416
21584
22000
21625
21625
21709
21416
21417
15208
21375
30625
12541
22083
22542
21875
22250
33917
27292
17875
8916
7667
6208
9125
5709
6208
8875
9042
9541
39917
52208
31792
28791
29542
12500
21500
21500
21542
21625
21792
21791
27542
25667
22834
54416
51083
40625
33333
19166
22209
22875
22250
16250
21542
22583
21750
21667
21875
22083
21625
16458
21583
16584
53625
86959
66125
40917
14167
22334
15708
22000
22500
22333
21833
22125
21416
21958
21542
16209
57125
29875
49042
51250
59416
53875
53541
56083
54083
54750
53375
54625
50000
58667
54000
53333
56625
56958
54625
52959
66916
40333
31041
21250
23875
18625
23500
23084
23042
23250
22875
23000
23541
24083
23500
23250
23000
23083
26750
29333
24833
25084
14333
23417
23250
22916
23083
23083
22916
23042
23167
26541
21958
24167
22833
22875
22834
22875
22750
23208
22791
23333
22791
18125
23250
22875
22916
22833
17291
22750
22792
23042
23042
23000
22750
26125
23083
22459
22750
22542
23000
22584
22667
23042
22958
22833
22541
22833
22625
22750
22709
22708
22542
22834
23083
30667
31083
22291
21209
26000
27209
27667
53459
31250
48959
53750
35334
34375
31542
27667
27250
32083
25041
24375
19542
23542
16458
22917
23125
22958
22791
22875
23375
22917
23209
22834
22541
22875
22875
16500
16917
30250
21542
24000
22916
22750
22791
22500
22667
22667
22708
22750
22625
22583
24250
22750
17167
23375
22875
22833
22667
23583
22667
22875
22750
23166
22917
31042
24208
32917
54500
52000
47375
53209
59417
34875
48208
53167
49542
52291
51250
76042
47333
52583
77000
55459
30875
20083
23709
24167
23625
18334
23500
47209
51917
78458
54833
115459
102375
81875
61667
43291
22333
16291
37250
47208
51666
54458
52625
56958
105084
90250
62042
53166
89667
34916
52834
98916
43792
50792
43417
34459
51083
46292
48917
53417
99416
55209
55750
48083
53583
48125
55083
92750
74459
48709
25625
18667
41209
29834
52459
53041
54167
42791
56791
46500
47292
50416
51791
99750
41958
53666
84792
65417
42333
53375
107791
52833
57208
97542
79042
51042
54584
95042
75416
50458
28500
18750
23375
18625
23125
24375
24584
23584
24000
18625
22625
23291
23167
23459
22834
23208
22833
23209
24250
47625
51125
59167
49625
40833
53833
34708
14583
21916
16333
21709
15542
21750
16625
21750
21958
16250
21333
15917
21667
21709
21875
29042
9750
21917
22125
12708
22458
15709
21584
15000
21583
15292
21583
16000
21542
16000
21667
21250
9291
20875
20834
26416
26667
10667
16750
23542
16583
21542
16292
15250
22458
22917
14625
21375
21292
21375
16375
21292
22541
21833
22042
22292
16500
21500
16458
22000
23083
8375
19209
26625
14875
21375
16208
21459
22916
23000
21667
22667
21375
16375
21125
22583
22042
17584
21250
16667
19000
21458
21458
21334
21375
21000
21375
21083
21209
21000
23333
22500
13291
13583
13000
13125
12958
13459
13125
13125
12791
13084
9250
13209
13042
13000
13167
12917
12959
12875
13042
13083
13125
12875
13083
12833
13042
13000
12875
12875
12875
12875
12750
12959
12666
21084
12792
12833
18875
10041
14250
5459
13167
9875
13083
13750
14250
9208
13042
11708
12417
22125
26500
24708
25500
16917
21791
25375
23208
26250
27208
28291
13209
22084
15625
22125
16583
21750
23333
16166
21833
22583
22042
21750
21666
22250
21542
21333
21375
21709
21417
21292
21500
21250
21209
21542
43792
26083
8458
21250
90542
82916
58959
30459
8333
23250
19125
22167
22708
21833
21666
21750
22584
22916
22833
23833
21792
21791
21709
22042
22166
22750
24708
23750
21375
27875
9625
21917
18042
21917
22500
21958
22250
22167
21792
22042
22209
21708
21917
21583
21750
21625
16708
26291
19792
14834
18625
7708
17833
12708
8458
12959
8500
12791
13083
8208
12625
8500
14334
10584
13209
9166
12625
13250
9208
12542
13541
14334
8875
12625
8959
12709
13667
14041
14500
14417
14542
14334
18125
4917
13083
13667
14417
11459
9333
11708
16000
11292
12041
51333
86625
66375
40584
12209
23416
28750
28375
31125
21709
58334
39792
53708
33000
55333
89958
70084
45417
21292
22459
22125
22209
21917
27791
49792
48542
49958
71375
31583
25458
16292
21792
22667
16084
21625
21416
21916
22542
30125
39167
20167
25542
10209
21708
22417
21833
21834
21541
21625
15875
19166
19041
21583
21583
21583
19917
21500
21125
21250
21500
21625
15708
21458
21708
32708
16417
22834
22000
21375
21167
8417
21500
21333
21958
21708
21375
21500
21167
21125
21292
27500
20166
20959
21958
21334
21584
23125
25500
13000
13708
13750
13875
12958
13292
13041
13125
12916
13125
12833
13333
5000
12916
13584
13209
15541
14167
13750
9125
12500
50667
29416
50583
28208
26459
51917
84792
65417
39917
15416
22500
22667
22750
16625
21833
21917
23250
21750
21708
51917
81500
61541
47792
62708
41417
18000
52417
73458
31291
9542
22084
16875
21667
22333
38833
49500
28042
23042
29875
16792
41375
47000
62542
40917
17875
22750
22708
15750
21834
22750
31417
20667
22209
48250
68000
47208
23000
18125
22334
21833
42833
52542
37125
12167
39334
56416
30291
21542
27375
9167
23542
15833
22542
20958
12625
19333
12250
17083
22458
16792
22042
15875
21959
22542
21792
21750
21333
21458
21375
21709
21792
11875
18916
23792
23625
25958
8458
22333
23000
24667
17541
27083
12041
22084
24167
16000
22333
21375
21750
21333
21458
21208
21542
21500
21459
21667
21375
23083
23375
21500
21500
21542
21792
21208
21209
21167
21458
21417
21917
21500
21459
21166
21750
21292
21792
21375
21375
18375
20125
21958
21208
21417
21291
21417
21416
26166
18667
21750
21834
22042
22084
23917
24166
20792
13042
13250
13292
13083
13083
13208
13250
13250
13208
13417
12958
13541
13292
52333
63541
34542
37666
44292
54708
33541
42416
30958
49208
45750
66875
53250
29792
20542
22917
16708
52542
96125
76500
50250
18875
22417
21750
16583
34791
49125
55041
27500
50083
78708
57041
32375
10250
22542
29708
18375
22125
23208
15333
22000
22541
22500
23083
16584
16708
16958
21667
22000
21375
21375
21750
21167
21584
21375
21083
21166
21333
21250
17083
21375
22125
21375
21416
20917
21125
21417
21167
27834
17333
21459
21625
21458
21584
23666
22250
12833
12833
13042
13000
13166
12958
13167
13125
13166
13042
13667
13041
13042
9042
12958
13042
12959
12959
13125
13166
13084
13041
22125
16750
33208
25500
16291
52000
51667
84958
65708
40125
16334
23333
17541
23875
16542
21750
16041
22416
22500
21917
21625
21084
21459
21209
21625
21208
21291
21250
21875
21625
21500
18166
51208
49292
41084
55750
51625
83208
43916
53375
89917
35750
27458
30000
16958
22666
17291
22333
22250
22500
22208
17084
21625
21750
22333
21416
21584
21709
21833
22375
17292
23250
15334
17000
23667
17250
21667
22125
22333
22708
22333
22334
22125
22292
21875
22125
21625
22083
22416
22000
21875
25375
12208
32916
10958
23292
19750
17166
22042
21208
24333
23209
33208
11750
18542
36375
16334
22167
22833
41583
17750
22750
22292
22375
21875
22292
21875
21750
21917
24917
25125
19541
24375
23584
28125
27792
18667
26292
14833
23167
27167
19125
19292
23000
22833
22500
21834
21583
22167
22458
22042
21917
11792
22792
18083
22959
22083
21750
21334
25625
20500
21708
23500
22792
22583
21625
22541
22542
16958
22167
27916
24250
22459
22167
22083
21625
21625
23209
24709
12291
55000
49125
77666
57708
53500
75750
48459
69209
49042
55000
94292
74875
49833
25917
16750
22333
16625
21708
16708
21542
21916
21583
21708
21500
8709
21417
21292
21833
21500
22708
21375
21833
21208
14542
22083
22500
21667
21291
21500
21292
21334
16167
22042
21459
21417
20958
21375
21209
21167
21417
21292
24208
15042
22208
21125
21458
21334
21542
21625
15750
21209
21375
21541
21292
21291
21542
21125
21291
21500
21292
21417
21750
21292
21625
21375
21333
21458
21000
21375
21042
21375
22541
21166
21542
22000
21625
16500
13041
13292
15583
17208
9708
13084
13250
12875
13250
9708
13083
11166
13000
13333
13667
13000
13750
12875
13166
13125
13000
13000
12959
13000
13125
12959
13125
12916
13125
13125
13250
13000
13041
12833
13250
9209
12959
13000
13083
13000
13125
12917
13125
13084
13000
13125
13250
14334
13709
13083
13209
8583
12917
12834
13458
30625
43500
55083
49167
56459
47959
75500
58125
39167
20708
15416
22000
15042
21500
46583
82959
65583
44791
51417
55625
52250
39709
52500
102250
86375
64375
38000
39667
22125
16125
22167
17167
21625
16083
21417
16875
21916
34375
15375
15541
21750
15250
21666
16417
21541
16417
21375
22959
22250
15000
24667
24833
9375
22084
16125
21208
15750
26875
26208
15084
21625
15875
21417
16417
21166
22208
16458
21458
16417
21458
21750
8750
29083
28166
15875
22333
22875
23416
10125
21333
24708
16750
21625
24750
25833
20417
22000
16625
21666
22792
14583
21375
16375
21291
16125
22000
47083
49750
43000
50708
34375
36250
51833
52334
54458
54541
54000
37500
52500
106166
89584
69250
49334
30292
10166
22084
17125
21750
15417
22125
16708
21667
16542
21792
23250
14458
21333
11666
21083
22709
16208
21209
16416
21250
23083
16458
21583
22042
22625
16625
21541
16500
21792
22791
33375
14916
22958
28334
10166
23459
21958
8250
23125
24167
9709
21625
21750
16125
21500
21500
21541
14750
21125
23208
21208
22792
21875
15708
21375
22875
21625
22792
16250
21167
21167
16208
21334
16208
22000
23084
16000
21458
15958
21417
14417
21000
17666
23125
14583
23042
14375
21500
21375
22875
21209
22417
23542
16250
20292
9459
13583
13333
13334
13333
13458
10667
12917
9583
13084
8375
13000
8291
12958
8375
13208
9542
12958
8417
13083
9291
13000
9458
15167
15292
10583
13208
9292
13083
8791
13000
9458
12959
9208
13375
9500
13166
9584
13084
9417
13000
14334
14000
10208
12833
13125
14041
8417
13000
9416
13000
9417
13084
9584
13291
9458
13083
9416
12750
9292
13000
9334
12958
10084
13250
9084
12959
14083
14083
8417
13000
9542
13000
13375
9375
13042
9417
13375
43875
57083
37792
16209
22167
16625
22625
16334
21750
32250
21416
16792
21875
15083
21667
16667
21250
16500
49708
81667
54667
55459
38125
30375
12875
22000
17208
21958
17000
22792
15542
21875
14625
21708
21750
22958
23041
16500
21625
50417
47166
53750
41084
52083
44333
47166
55083
31917
52459
102292
46292
52875
52541
54583
87542
70958
48667
26667
20542
22625
12709
32333
22250
28750
23458
15417
21583
16500
21667
22417
54500
36166
32625
31125
54959
52250
48666
25667
48375
39000
54583
28834
53917
51750
89958
51209
44958
30750
38208
28333
29417
28667
28959
27208
17167
27917
53958
57375
38250
54625
56667
52833
52542
52542
44584
54375
30291
14042
31292
15208
22166
26541
18875
23625
24292
17958
18042
21833
23500
18625
22917
16625
23250
23375
33584
11292
23875
24250
23291
17667
23083
23084
23125
23250
23167
22667
23959
23333
24125
23125
23291
22917
23791
22875
23083
22917
22792
22917
22542
23083
22542
28292
28042
17208
22833
22833
25291
24584
20917
13958
14833
13959
10334
13917
12709
13875
14167
13917
14500
14000
14416
13833
14166
13875
13875
14083
13958
14125
13875
14709
13625
14625
13791
14125
14542
18875
16625
17417
11000
14000
14750
13916
17625
11250
14459
7333
14083
14209
14708
14167
14708
14291
14667
14250
17125
11083
10709
15875
15375
14542
10500
13875
14583
14583
14000
13958
14875
13958
14708
14333
11416
14000
12708
13792
13917
14167
44542
53250
32541
10083
24625
18542
23667
47334
22208
22958
23458
23875
18792
23209
23041
22917
23208
22875
22959
22500
22875
23000
23042
23000
22791
25250
23209
22791
22334
22708
22708
22375
22833
23167
25209
23125
22875
22833
22917
22792
23000
23042
23125
22666
23000
22875
22792
22916
22792
22708
24042
22875
23333
23084
22584
25084
22917
22625
22833
22417
22583
22792
22833
33709
28750
27709
25958
27500
27000
23667
23542
23250
22916
23209
22916
17834
22958
22958
18167
23375
22875
22750
22625
23166
22750
23084
25250
29584
28042
32458
31333
12042
23500
26792
23666
23291
26667
50500
53583
29375
18166
23084
23625
23250
22959
22792
22583
22792
20292
23000
23459
23000
22750
23000
22833
23917
23125
22834
22834
22875
23041
22958
22833
23291
22792
23125
22708
23208
22792
22792
23167
22750
22750
17292
23084
22833
33958
10209
23708
24750
28458
14333
13917
13959
14750
13875
13875
13917
13708
13792
13792
13958
14083
13875
13792
10791
10917
13917
13750
13750
13916
10416
14042
14750
14000
14084
31083
24292
22750
22958
23000
22667
22791
22958
22667
23125
23000
23041
22958
22708
22667
22959
22709
23041
22834
22833
22500
22917
23042
32125
19666
24208
23625
23792
23750
30959
18709
23083
22917
23208
22833
22875
22625
22583
23333
22708
23209
23000
22709
22875
43000
40125
17417
23542
23334
23250
23125
23083
23833
23000
23083
24792
23209
22834
23042
22791
25041
23625
23083
32667
17750
23334
22625
18084
24708
17541
24000
25125
12500
22833
22833
22625
22666
22791
22917
23000
23000
22959
22917
22708
22459
23250
22875
22917
22750
22667
22875
25125
23083
22750
22542
23041
25667
18042
22917
22625
22916
22750
22792
22542
22709
22666
22625
23000
22833
22916
22667
22791
22667
16583
31750
15375
24375
24208
23500
18209
21250
23708
23042
23083
22542
22666
22791
22875
22625
23125
22541
22875
16292
24167
22625
22791
17375
17833
23042
23208
25167
27292
16000
13833
13792
14000
13875
13875
13792
13792
10084
13791
13958
13875
16041
13958
14042
13917
13917
13833
13708
13833
14042
13750
13625
14000
13917
13667
14000
13833
19416
16041
13834
13958
13959
13791
14208
13834
13708
13750
13792
9875
13833
13959
14000
14000
13917
14084
14084
10333
13833
13791
13791
13917
13875
13750
13917
13750
14125
13834
13791
13875
13792
13708
13875
13833
13833
14042
13875
13958
13791
13750
13791
13792
13875
13666
17584
14542
13042
14583
14292
14125
14041
28500
23375
23500
23375
22958
23750
23083
18583
21000
24042
23584
22917
22709
28417
17667
23041
22792
22750
22834
26375
26500
23667
28833
18625
23292
52583
55333
75542
52500
51875
51125
67542
45584
35917
22250
24333
17833
23375
23583
18083
22875
23542
23209
22917
23583
23375
23708
29750
19917
25541
26000
25959
18250
25458
18000
23000
23292
22833
22917
23000
22875
31541
24875
24916
23750
23209
22917
24084
22875
23125
23292
22792
23209
37500
39208
26959
24917
23459
23042
23042
23417
17292
29333
13542
24416
24584
22875
23167
23084
23000
22750
22708
23083
22875
23084
30667
21542
33625
13542
23500
23667
23500
22833
23083
25750
23458
23041
23083
23459
23167
23417
17459
27209
24208
18416
23875
18209
23209
23125
23708
23250
23208
23333
23084
22917
23625
21458
23500
21750
19417
23541
23250
23209
23042
22834
23042
22959
23000
22958
23167
22958
23166
23000
22958
33083
23917
22875
23250
22958
23167
17792
23125
22917
23000
25000
23584
17875
13916
13958
13833
13834
13916
13917
14000
13875
14000
13708
13750
13959
13916
13875
13958
15125
13916
15291
15084
10625
14000
11708
14000
9333
13625
14167
9917
24125
26917
26750
46250
55084
39583
83083
77500
64000
50208
41417
29042
15875
10042
12917
9291
12750
12375
12250
12292
12250
50583
32542
54000
36583
