90792
58208
34250
20208
32500
46958
53625
58208
55458
53250
43583
52458
32333
51208
51417
53750
39833
52292
46792
44916
53250
51875
50000
53167
50666
34167
52458
51792
53750
30542
44208
25833
47166
45042
49667
45916
23625
23791
50750
50709
24792
24042
13834
14416
13458
14459
16458
11667
11625
11666
12250
11667
12667
12417
12416
41917
30750
24042
14667
15208
14208
13833
11792
11750
11625
11625
11750
11625
12167
13792
12000
11541
11709
11875
11625
11917
15458
10417
11333
10375
10417
10541
10959
10334
9375
9417
9333
14292
13625
8125
9750
11125
6833
6625
8333
9042
6542
6417
6459
6583
6708
11584
6541
6500
6250
6542
6875
11333
6500
11333
8416
6459
6750
10125
11166
8500
10667
11042
6333
11792
6584
6458
11083
6459
11667
6416
6458
6459
11292
11750
4333
10500
32750
16292
13708
16000
12542
11958
11834
15459
12250
11792
11208
10583
10416
10542
11292
9458
9500
12500
9834
11083
41542
16542
43125
23334
38875
32167
51750
50875
42583
53000
51458
50917
53833
51583
53500
55958
53500
36666
50416
79333
46459
41250
29333
23959
12042
11958
12500
12000
12250
10792
10584
10958
9416
29292
16000
15625
16042
12333
13000
12000
12416
11875
12250
10459
11583
12041
11333
10459
7166
10208
10916
10750
7791
10250
10083
10083
10084
10292
7333
8792
12625
9250
9958
9750
9583
8584
9166
6833
8667
9041
11083
11000
8459
9000
6625
9750
8542
11292
8958
8250
8833
8208
7542
8417
8417
10250
6167
9125
10709
8375
7709
9291
8625
6000
6042
9834
6167
8625
7208
9042
9500
7791
8416
5833
8583
7958
9875
8833
9042
8917
6042
8417
6000
7083
7750
8084
9083
6208
6250
7625
11792
8625
8041
6500
8542
8500
5584
5375
8166
5375
5416
10291
10000
8125
7792
9000
8167
9167
8958
6125
8542
7250
9708
8000
9000
8042
8375
8250
9125
10292
9167
8083
8458
7667
8459
5875
8709
8709
8917
8500
8750
7917
9333
8834
8667
8458
9458
9125
7334
6250
6458
8917
6417
8083
8042
8166
7375
7792
7250
8084
6833
7792
7250
8417
10042
7500
9458
12083
8125
8709
7917
8417
7541
9208
6584
9041
10042
8708
9791
8875
8541
9000
6500
7125
8000
8083
7625
7625
7208
7833
9458
9333
7792
7958
7375
7000
7084
9209
7500
8083
8375
7750
9125
7167
9125
8292
8917
7583
5584
8041
9333
9292
7959
8250
8167
8000
7334
8167
6375
7666
6583
8250
8000
8000
8375
6708
7833
9292
6625
7209
8167
7417
6500
8750
7666
9959
7750
5500
9958
6625
8333
8417
6542
8542
8084
6458
7583
6542
7584
7834
6500
7333
6833
8375
7375
7917
7917
8875
7500
10416
8292
6583
7875
8333
7416
9125
6417
9542
8667
9459
9084
8625
8208
9458
8333
7500
10250
9250
10000
8792
7875
8584
9250
7875
8542
9583
7959
8833
9000
8375
8167
8333
7708
8292
9709
9042
8291
10167
9958
9167
7750
6958
8041
9625
8917
7500
8542
5542
8541
8791
9291
5542
8459
8292
8791
9167
8458
7042
9833
8125
7916
8292
5500
7625
8875
8916
8959
10459
10750
8125
10417
9000
8125
7459
11541
8500
8083
9292
8250
8750
7959
5875
9209
10292
8875
9333
10292
9209
7625
7875
7167
7541
7166
7125
6791
6208
8000
7917
7833
7208
8583
6917
7166
6916
7042
7959
7166
7125
7166
7250
8042
8000
7292
10334
8166
10583
7000
9708
6667
8833
10792
9625
10084
8917
8875
9583
6375
9333
9167
10167
8208
8333
9000
8958
27666
16709
38500
19958
19292
34041
36625
19292
41000
39958
41208
35500
28791
34667
38667
37292
37958
33000
30666
37625
35292
15167
21708
33750
33750
34833
17167
37458
33917
14167
11000
19375
17291
12458
12250
11833
12500
10250
10958
12166
45958
15792
36125
19292
18542
12084
11375
11916
11416
14542
10833
11833
11583
9375
10208
9958
9500
8958
9667
10583
8667
8500
8958
8500
7541
8000
8625
8417
7792
7959
8542
9334
8583
9541
7500
8958
10416
10375
8041
7583
7708
10000
8750
8708
8000
8916
8916
8417
9666
8791
9959
9875
9167
9375
8833
8583
8167
8000
8041
7709
7792
5583
5667
7708
8333
9250
9000
7458
7833
8041
7791
8916
8875
9083
8458
8125
7666
7792
8750
8500
8875
9125
8458
8708
9250
7958
7875
8084
8125
8042
8041
9208
8959
7708
7834
8208
7917
7708
7583
9000
5917
8000
6500
7334
7292
7375
10209
7959
8792
9458
7167
6291
8792
7500
7834
10875
7708
6333
8167
7916
9292
8708
7459
9375
7958
7875
8333
8750
7833
7625
8458
11750
8542
7375
8167
9667
8625
8292
9000
8292
11625
9000
8541
8250
9083
11708
5750
30875
17833
11250
11292
9625
10542
9708
10083
10167
9416
8708
11083
9417
8458
9291
9292
210250
9875
7833
8958
8542
9750
8834
8041
9125
8708
10333
7167
8458
8000
7958
8083
7833
8041
9167
9500
8250
10458
7917
8042
7167
7125
8209
8334
11250
8209
8042
8958
7875
7791
8000
9125
8958
6208
9417
8041
7709
10417
7792
8958
9125
12417
9000
9417
9375
8875
8791
8875
9916
9084
8459
8167
7958
8916
9416
8000
9500
7750
9916
7791
8500
9541
7958
6959
8292
7292
9250
8083
10250
8250
8083
10375
7458
9375
7917
7875
8292
9542
9250
7375
8667
7166
7375
7917
8084
8292
8333
8333
9792
9000
8375
9625
10750
8292
11209
9500
8458
9208
8083
9333
5583
9958
9250
10375
7875
9334
7584
9417
8291
9417
8916
9167
8542
10250
9041
9125
8458
10708
8833
8542
9208
9833
9083
9791
8666
9084
5875
9166
7250
7791
9500
8708
8625
9917
6958
9333
8583
7750
8833
7666
9083
8125
8750
8625
8292
40709
9333
8583
10917
8209
8833
10084
8250
8500
8125
10708
8958
9209
9625
9333
8417
8958
7708
8750
8875
9250
11750
10417
8125
10709
9917
8125
9250
8792
7875
8584
8166
28542
18417
12500
11958
9375
11791
8000
11834
9959
44625
34291
37542
26708
20208
33833
37583
13958
19208
11125
11791
10250
42250
18125
18209
32000
34833
37709
14917
19459
14666
12292
15041
9500
13083
10625
9875
9584
11958
9625
9459
8333
8959
10375
6292
7917
8750
9291
8792
8334
10375
9000
9125
8917
7875
7541
7709
11042
7750
34542
17500
12416
36375
15291
36792
21334
15208
19625
14667
14250
11500
25375
14292
14417
38250
21084
13208
13667
11834
10542
10250
11541
9750
10000
9625
9000
9208
9500
8625
14833
15708
37042
15958
17792
12333
11459
10750
12125
10209
11833
7500
9291
9166
9584
12125
11000
8584
8542
8166
9250
7750
10708
9084
8542
7375
9292
7916
9583
8167
8000
8375
9958
7833
16000
12625
33916
33917
36875
23167
19834
16542
11667
10709
11333
9791
9750
9917
11500
9208
8875
15375
18833
13208
38291
36833
14833
16000
14000
13041
10333
12000
10500
9375
9750
9708
11459
8958
9500
7375
9833
9125
8750
8875
10542
8709
7834
8292
9000
7833
8459
9333
8041
8083
8125
8292
8875
8417
7417
8250
7042
8667
7875
8959
9209
8125
9250
7958
8625
8417
8875
6875
7334
8833
10125
8000
7583
8292
8708
8708
9250
7917
8666
8208
8500
8708
8208
8542
7833
7666
8834
9666
9125
8750
7458
8667
8042
9417
8125
7625
7958
8334
9166
8709
7916
8833
8000
8375
8417
7709
8125
8459
7750
7958
11084
9125
8417
10334
8792
9083
9458
7959
7917
8750
8042
8333
9083
8750
10459
6958
8291
8625
8084
9000
9084
9500
8334
9209
8708
9334
8208
7834
8500
9542
9416
10250
8875
10208
8125
9250
8500
9875
8292
10291
9000
9375
8666
9583
9333
6750
9250
8583
6542
8542
8500
8917
9041
8750
7875
9250
8792
9958
7584
7750
10416
8875
8209
8958
8291
8833
8958
8625
9042
8583
9458
8541
8292
9625
6333
7916
9291
8792
7709
9958
7833
9709
7417
8084
10250
9792
9250
9333
8375
9583
8250
10084
8458
8042
10375
8875
7917
7959
8583
9459
11000
7750
7209
8250
9791
7875
9125
9209
9042
8917
9125
8792
8417
7084
10459
9583
9459
7709
8958
9875
26458
13917
27250
36875
19292
12041
39625
37250
15666
37125
22167
44625
17167
10750
11375
9542
8542
8792
8000
8334
7167
39125
18958
15250
13834
12416
8208
17875
10708
12084
7667
7916
11625
11083
9084
8833
9791
36459
18416
13209
11833
11083
10208
30000
33542
25833
13708
10875
12792
13958
18125
36792
43750
40500
35125
23208
11542
9792
11416
9458
9375
8875
8542
9541
9042
8542
8917
11666
9292
9041
9417
36875
6292
9541
8542
8125
8750
10250
8125
8959
6708
8208
8458
8084
8959
8084
8125
9375
8625
9209
8042
8250
8584
8417
7917
10042
9459
10042
6667
9834
11250
9375
10792
8833
8250
6500
7917
8875
7625
10125
9542
8708
8250
7500
9000
8375
9000
9417
8334
8333
9916
8250
8042
8625
8792
8333
8583
7792
9084
8125
6625
7084
9125
9250
9208
8625
7958
8833
9167
9292
11250
8792
9834
9000
8500
9041
9125
8083
8500
8750
10125
9459
9166
8000
7958
10917
8542
8958
8375
10542
8125
7500
9834
10792
9291
9583
8542
9584
7542
7750
10000
8000
8250
7958
8542
6166
11083
7750
8542
7500
7791
6708
8666
7875
7709
8042
7833
7875
7875
8875
8292
8959
7959
8167
10291
11667
10792
9875
11125
8500
9167
9291
9250
9792
9917
9666
9333
8834
8583
8708
10458
10458
7958
8375
8333
9625
8458
9333
10250
9541
9292
11625
10459
9083
8542
8041
8667
8292
10833
9875
8292
9541
9625
10916
8916
10375
12917
9750
9417
9084
9167
10500
9166
9208
9167
9625
8125
8334
8666
8209
8250
8042
10208
10667
8958
8334
8208
7833
7958
9459
10167
8333
9750
12375
8917
9208
8417
10541
8500
8250
8375
9208
10208
9125
9250
25166
19042
36208
40292
34750
15417
12125
11125
11125
9708
10791
9167
8959
7834
9042
9292
7625
6625
9250
9250
8583
8500
7750
9458
11625
8333
7291
6916
6708
6875
6792
6542
6750
6541
6417
6584
6750
6542
6708
6625
6709
6584
6709
6791
6791
7541
5875
6583
6708
6500
6584
6459
7583
7209
6542
6542
6917
9291
9291
9750
8459
9167
8125
8667
8791
10000
8583
7375
10792
8750
8708
8583
10584
6875
11000
7375
7750
7625
7917
7541
7666
7875
6916
7584
7625
9750
7125
8000
7541
7875
7584
7125
8250
5667
6666
8209
8375
8667
8333
8083
9958
7916
9375
7209
7125
7250
7083
7458
7750
7041
6709
6791
6959
8125
7084
7917
6791
7334
6416
7792
7459
7167
6792
8542
7958
7917
6792
7166
8083
7416
6917
6708
11875
11333
13041
12084
12209
8583
8333
11541
13625
13250
12542
12166
7084
8667
12042
12083
12584
11708
6500
13000
11333
7458
7583
11250
11417
12875
8000
11417
11500
11542
10959
7542
11333
11333
11125
11291
11334
11542
9375
7333
12541
11625
11250
10833
9083
11833
12167
6875
11250
10542
8875
12000
11917
7625
11417
11167
7500
7375
8417
13167
12083
8209
11542
11333
11792
4375
10167
10583
8167
8000
7833
7042
13000
6084
11375
8417
11416
8541
12416
11583
12750
10750
7625
10417
10875
10958
7750
10708
9625
10917
10916
13458
12250
7875
11208
7833
10709
11375
11250
7792
10583
8000
11375
11666
10208
10834
11625
11375
11791
12917
11916
11584
10834
11208
11875
11625
11459
11417
11084
11875
7459
6917
6958
7042
7208
7084
9000
7209
14041
11375
10875
8667
13292
11459
8666
13000
12541
10625
11458
11041
11500
6709
12875
12125
9583
11583
11417
11958
11958
12375
10875
11917
7959
7375
7166
10459
10792
11584
9625
12000
12000
11375
11041
7958
10583
10875
11709
7583
9334
10958
11625
7709
8459
10042
10625
8791
12042
13625
12166
11875
11583
11542
7750
9000
8333
8375
9167
7459
13792
13500
11750
11625
11625
10625
7625
7875
11334
13084
7500
11917
11208
12500
12458
11834
8083
11667
11375
11875
11417
11250
11583
7500
11542
12125
11500
11500
11375
10292
10833
10875
10791
11334
10833
10709
11208
10959
10709
10833
10750
6875
11125
7500
10250
7709
10709
11458
6958
11667
11667
11709
13125
12916
11625
7000
9833
12417
10959
9584
6667
13209
11667
10666
9833
11834
12291
8417
10792
11709
11792
10667
11708
12875
11833
8792
11709
10084
11958
12542
12208
7666
7916
7416
11792
8542
11709
11500
11042
11750
13125
12250
11375
11375
13417
9667
9167
9292
11958
10250
8958
11375
15083
7125
11583
13209
11916
12041
11542
11667
11458
7667
11375
12958
10333
11958
11708
12666
12792
8000
11458
6834
11417
11250
11209
7708
8084
6958
12542
11459
8875
11791
13000
12041
9083
11333
7125
7541
11542
10958
11750
11792
8917
11375
7417
11208
7500
12375
11750
12666
9125
10625
10959
11000
12333
10958
10833
11709
10917
10542
11541
10084
12125
7541
10875
11167
12250
12375
7292
11208
7625
9625
12625
10500
8333
11875
13458
11000
6791
12375
7667
11709
9792
13375
11459
12084
13500
11417
11167
11667
9750
11041
13334
11917
11666
11791
12209
11916
12417
13500
9375
12667
8084
11833
7916
13041
8959
7042
7958
9542
9042
11583
11625
9083
8458
11542
10500
11208
12333
9625
11542
11750
11708
11250
7708
10333
11584
13167
11209
12791
12833
11166
13166
11417
11709
13542
8666
11709
7041
7666
8125
8166
11833
6875
11583
13167
11875
11750
11583
12042
11750
11958
12666
7584
10791
11042
9500
11375
7958
9542
10541
10708
9084
7416
12708
11125
11291
9209
11667
11292
11792
7250
10875
10625
4541
11166
9750
10875
10959
27833
33875
9875
11417
33833
9541
15708
14417
9625
8459
11916
10125
10708
9500
13750
7458
11750
11000
11000
11083
7584
11250
9750
11083
11583
7792
7417
11000
11291
7292
7292
12125
10292
11250
8209
7167
7250
7709
9334
12583
7625
11041
8375
12125
7792
7750
7958
24458
16250
10375
9750
12500
7708
11125
11708
7375
11250
11792
11583
13500
11166
7084
12500
31875
11500
11625
13250
7375
11750
8083
9542
11292
11292
8625
7917
7208
8625
11959
12667
11916
9125
8375
8666
13084
12584
11125
8417
10917
10125
7625
11584
8541
10959
6958
10958
12500
11083
11584
10792
7791
10750
7125
11333
10833
11625
7000
11667
10666
11958
11750
12541
8250
7042
10708
11250
11084
8125
7958
5542
8250
8166
8375
8042
8208
7584
8125
9375
8292
8709
8625
8291
7417
7500
8000
11042
9833
10583
11584
8333
10458
11667
7500
9334
11416
8750
7250
10750
8417
7375
8708
7959
11250
7334
7084
12125
11167
7875
10792
8125
12291
10833
7833
12833
11458
8083
11750
11167
11708
13125
10875
12417
8333
8416
12000
7375
13208
12500
11666
12375
11042
7167
11125
11209
8916
11458
11250
7708
11917
7708
8250
8125
9667
8000
11375
13041
11250
8042
7500
11333
11375
12584
7417
8708
8167
11250
10958
7416
10375
12375
11417
12375
10500
10625
7917
10875
7708
11417
8500
13250
9125
10500
11208
9625
12000
39041
19500
12083
8250
14250
10000
15292
13875
11125
7708
9000
8542
7417
8417
7292
11125
10167
11875
7458
7834
13125
23708
12125
6000
7917
11708
12708
16459
19583
11583
21833
13959
11458
11583
8250
8625
11584
11875
7375
10916
10500
11541
11417
11750
7500
12667
11791
13292
11917
9041
13333
9333
11417
11583
13375
11167
9416
11333
11083
7416
11250
11459
11041
11750
11625
7291
13125
12541
11541
10750
11542
11084
9125
11375
11833
6458
13459
11542
9709
8750
14208
12792
9584
11250
11334
7334
10375
10500
6917
10833
10416
12083
10959
11625
9750
11333
7459
12625
11541
11459
13709
10459
13042
7833
11834
12208
10375
5750
10875
12917
12959
7750
7500
8666
10958
12125
11542
12041
9584
12583
10875
10041
10834
10083
7917
7542
11000
12417
8333
7375
13166
11541
13959
11667
11542
7000
10750
11042
12959
11208
9667
12500
11583
8208
11416
8917
6917
8666
7917
11208
11375
11750
9875
10167
8333
6125
7750
8583
8584
9375
7958
11209
10917
10750
11459
10250
12208
11500
11667
7458
6291
7375
12417
12375
12583
12417
7334
10917
11167
11834
7291
9166
8291
5333
11875
11708
11917
11750
7416
11583
8000
8833
7750
7958
7250
7583
7542
8000
7875
8083
8125
8375
10917
8083
9834
14209
11959
10583
8208
12125
9917
11417
11541
10959
11000
11334
11709
11416
12750
6875
7084
10875
8584
10833
11708
8500
10750
21833
10250
13083
11708
11125
11542
13167
10375
12000
10375
9417
9500
10792
6250
12416
16916
11792
12000
11792
12042
12333
11583
13458
10083
14166
12875
15125
14542
12333
10458
7875
13708
13041
8792
7083
10875
11000
11708
11916
8041
7666
9625
11459
11333
7458
9375
11459
8209
11458
8166
12208
8542
11500
11500
11125
8333
11583
7375
11083
10458
8333
9417
11542
11416
11416
12792
14000
10875
11791
12834
11875
11167
11500
9500
11875
9291
8041
8166
11750
11083
11458
11500
12250
6541
12042
11625
11500
6625
12583
9750
15250
10875
10958
10625
12084
13875
15666
16542
13583
25708
11708
14459
9750
15791
9625
12750
14292
15167
10083
13750
13000
10583
30250
10584
13791
11375
11625
7667
14167
8875
12875
8583
13292
8792
13166
10500
13000
10125
12334
10917
12833
9834
12500
13209
12917
12750
13375
9500
13084
11750
115000
27417
15500
11375
12875
12667
12208
14334
11208
15000
10166
11416
10250
13125
10166
12917
8625
13291
11250
10000
7583
11541
8708
10958
11583
8792
11000
12334
10792
7375
9542
9250
11958
11459
13291
9375
7542
11000
12500
11875
13500
15500
16458
29500
15042
12334
36042
12208
12416
11791
14750
12167
13667
9166
12375
12042
14125
10500
14000
11583
12042
11000
11542
7084
11167
12166
10541
11375
7541
7041
8000
7250
10834
11042
10917
11334
9375
10750
10834
12583
10750
9333
11417
11250
12250
8792
10416
7958
7750
11834
12666
6916
11500
11917
11959
12583
12792
11583
9209
11834
10583
12208
11542
9417
11542
11250
10958
11625
7667
14375
10792
12209
11250
13000
9250
15334
11125
12917
12375
9542
12459
9083
12041
12875
11791
11167
14833
12292
13667
8834
9416
12250
9708
11916
8500
8875
11250
8000
12375
10042
9209
9000
11250
11250
10791
11584
7750
4375
7875
12458
11667
12292
11792
7916
11250
9583
11042
11166
10541
10833
12375
8166
7833
10875
10917
11334
11167
11166
7791
7250
9583
8000
9083
12375
11000
10625
11167
13042
10458
7917
11041
12541
7625
16042
12000
13917
12166
12833
9125
13208
12625
11875
10583
10083
13500
9375
12334
11416
11583
12666
11541
15750
8833
12500
9334
13583
11458
13209
9125
9375
11166
13125
10750
10542
12375
10750
8583
11250
10208
12583
12208
9167
8292
8500
11375
11875
7042
11250
11584
7375
11375
10833
11333
11167
10291
7541
11125
10625
10875
11917
10959
11125
11166
8542
11500
12458
12291
8083
11750
8875
11583
12625
12334
9875
11834
50917
14042
13166
12333
13875
8917
11875
12292
10042
13916
8667
14167
9625
13083
12708
12458
11709
8250
13084
9416
12417
12709
10875
10250
10750
11209
6625
11917
11875
12000
10500
10917
12000
8125
11417
8583
11667
11125
7916
13292
8125
10792
10917
9291
6292
12709
10000
8083
12375
7958
11833
10292
8167
12625
10042
12125
7750
8084
11458
10000
10750
11292
8083
9916
11541
8666
12833
10417
9833
13209
14083
11834
13250
11708
25959
9125
13167
13875
32250
9333
12000
12541
10875
13167
9167
11875
10416
11916
12708
9334
10667
9667
18375
14750
11792
11166
9916
11916
8416
12333
12459
11041
11167
7541
7250
8792
8417
8209
12125
9375
11583
9208
11666
8375
13375
13875
11375
11625
10000
8542
10167
9417
6459
26166
15250
11750
10167
9208
10417
12917
13625
13083
11000
9292
8959
11084
8042
10209
7958
12459
8541
8291
9584
11833
8625
12542
18208
10250
8959
11208
12125
13166
10000
10542
11750
9083
11291
7958
11750
11958
9833
11458
12000
13083
9792
12417
14042
10417
12292
4791
12459
8167
8042
11709
11291
11625
7792
9417
12375
11500
10583
10916
10792
7542
10459
11459
10750
11333
11625
8208
10542
11125
7750
8333
11084
9916
12833
11667
11417
7708
10709
11459
11917
11667
7709
7000
10959
12583
11333
7750
11583
7833
11125
10959
11416
11291
10708
10750
6750
9292
11250
11042
9792
10875
11833
11166
10458
11292
10375
11416
7541
8208
10750
8417
11792
11209
7583
7000
10959
7083
7458
8792
11667
8459
10584
10000
8125
12334
10667
7875
12125
10917
8958
7959
8375
14083
15625
17125
14792
9292
10667
12500
12833
11750
11542
12625
11791
12041
10250
19250
11917
13042
10125
10459
10334
12416
13291
12625
12208
11625
11084
11500
9125
11209
9416
11542
9667
12625
11500
12042
6875
11291
11833
7291
12209
8500
8584
11833
11292
9709
12000
7041
9541
12458
12041
13958
11916
13125
10042
10000
11750
12500
11875
12458
11791
12875
12041
10250
11708
13625
11459
9667
10833
11958
11292
11292
11542
9917
12041
8334
12292
7959
7625
10292
7750
11625
11583
10917
10583
6833
11500
11500
12459
12041
14875
11834
12750
11417
11417
8917
11666
7542
13042
12375
8167
11625
11792
10042
10042
12083
11500
12333
11459
12125
11708
11958
12167
11125
11666
11500
9625
10750
7250
11875
11292
13292
11291
11709
11500
14292
11250
11000
12583
9708
10792
10083
12542
11084
12708
11375
12042
7625
7500
9875
10000
12084
11458
11500
7833
7958
14000
6958
6709
11792
11708
10875
12417
11542
11541
9250
10791
11583
9709
13041
9709
19750
11542
9125
9167
10292
11333
11791
8333
11458
12666
11458
11625
9875
5958
9917
10709
12333
8375
11084
12875
11375
9875
11458
10958
10542
11500
10917
12166
9083
10750
11209
9084
11167
11500
9875
10542
7208
7250
7000
10500
11292
7750
7333
10708
12042
12083
10417
12792
11042
10625
10667
11834
8792
7375
10541
8000
10625
10417
11458
10208
7125
9666
7041
8375
11458
10750
10959
10666
11541
9708
10083
12333
11125
11375
7334
12208
11500
11875
11625
11500
12208
10917
10833
10458
11334
10500
12167
10167
13000
11333
11500
11166
12042
13542
12042
11750
12042
11167
10959
11833
8666
11833
9625
12125
12083
7500
7834
11292
10666
11541
10708
11292
10333
8000
11417
7209
12250
10208
11792
12125
11791
9625
12083
11958
7917
11167
12125
11958
10167
11583
9875
11083
11000
6917
9667
12250
10292
11208
12708
8625
13375
12083
11541
8375
11583
10667
10334
11708
8083
11792
6917
13167
11500
7875
9834
11958
9625
8458
12042
6708
11833
11500
11250
12542
11708
6917
8334
11875
8125
10625
12084
9250
11375
11625
9958
9791
11167
12084
11708
11708
8125
11958
8375
13292
12167
12084
11916
11666
11583
11541
13208
12250
10042
10084
16125
7041
8917
10333
11167
8083
11250
11208
7875
10875
11334
10916
11125
11542
10542
11875
6917
10625
11333
11708
9708
11917
11208
8458
8875
9083
8709
8208
8166
8250
8209
7125
8541
8167
7209
7625
7542
9000
11708
11417
10708
12083
10292
9667
10500
12083
10000
9000
11375
9458
12166
12541
12083
11375
9166
11833
12791
8167
8709
12250
11750
11417
13000
8083
12833
6542
12500
13417
10417
8083
7083
10500
11667
12333
12500
11666
12167
7041
11792
13209
12208
12291
7750
11667
8833
11750
11625
12167
13083
12125
11875
10250
10125
11041
15791
16000
14000
12750
15667
11542
15750
13500
13333
11958
10750
9375
10208
9666
7625
7792
8375
8541
9250
8667
8416
8208
8917
8208
8250
9125
8417
10417
7584
9709
9375
8708
10625
9334
11666
8584
9416
5292
8375
9584
6750
9041
9084
7250
9958
11041
1711750
19334
16958
17667
9708
10042
8583
8709
9000
8667
9250
9292
8541
8666
9750
10208
10042
10500
9375
8000
9125
9708
8208
10250
9125
8375
8708
9500
11166
9625
9416
9583
9459
9500
8708
9709
10875
9250
9000
9375
10458
9666
9834
9333
9667
8542
9292
8416
9584
9333
9792
9458
9875
11208
9667
7958
11000
9875
9834
8709
8333
8875
9791
9458
9667
7833
8667
9042
10833
10375
9083
8458
10875
10292
9834
8541
8375
8875
9792
10084
9500
9542
8166
8917
10625
8750
11167
9458
9917
9500
10000
10625
8917
8375
8167
8542
8542
9125
8083
7792
6667
8042
8333
7042
7792
9125
8917
9000
9708
9458
9625
8916
6667
7500
8416
9500
8833
8834
9208
8750
8125
10333
10459
9500
9709
9084
9083
9875
11042
9500
9959
9458
8875
9875
9166
9541
10875
9708
9333
9875
9291
9917
8709
9083
8584
8541
7625
8541
8166
9125
5708
9209
7292
8875
10541
9084
8875
9292
9667
9791
7292
9500
10708
9750
9375
9375
9458
9709
9958
9583
10667
9667
8375
8791
8250
9167
9250
9667
9292
8125
8959
9583
10000
9167
9083
7458
9208
8542
9208
8708
9292
10041
11041
8333
10584
9416
8292
9042
10375
9750
10792
9542
11792
9083
8208
8041
10750
8500
8583
9541
7375
9417
9334
8917
10250
10541
9250
8917
9583
9375
9083
9500
9042
9208
9750
9291
9459
7750
9541
8958
8583
8417
7500
9500
9667
8875
9042
12167
9208
9459
9209
9541
10792
8958
9292
8834
8334
8000
9916
9000
8750
9458
9625
8959
8750
8000
9875
7792
11042
9125
9459
9333
7750
10958
8375
9500
9375
11333
8833
8125
8500
8875
8708
9916
8042
7875
8375
9084
8500
11166
10958
7917
8334
8334
9667
9000
9125
7084
8292
10000
9917
8291
9458
10250
8584
9333
8709
9500
9041
9209
9334
9875
9708
11209
8000
8959
9500
10166
9709
8334
10166
6917
9250
9166
8666
9541
7917
8875
8750
9625
9375
9417
9542
9333
9625
9125
9000
11292
8500
8833
8583
7292
9000
10792
10750
9250
8417
9458
12084
11167
9833
10792
9625
9542
10209
10667
11125
8791
8125
10791
10875
7708
9250
11708
9958
9750
8084
9291
9958
9917
9792
9750
9334
10042
9208
11458
9292
7750
8709
9750
9959
9458
10292
10667
10875
9250
9583
8750
10750
9833
9500
9541
12000
9625
9292
10000
7750
9958
10917
9333
10125
7834
8417
8833
9250
9042
9208
10125
9792
8750
9459
9875
11166
9208
9459
10542
9875
8084
8959
9375
9458
9875
9625
8250
11291
8583
9125
10291
10792
10083
9583
9708
9708
1000875
9625
11750
9375
9292
9666
9542
7042
7833
8833
9292
8583
9000
8750
8542
8750
10709
8125
8959
9791
9875
9584
9625
8208
8583
6167
7584
8541
8292
7333
8458
8042
8375
10334
9250
9584
10333
9417
9709
9417
9291
7500
10166
9917
9416
11333
9333
10375
8083
8708
7125
8792
8333
9625
8708
10125
9417
9500
10583
8834
9167
8875
9333
9500
10458
9541
7667
7375
10250
9750
9333
6875
10000
9125
9625
8208
10750
10250
10875
11875
9417
15333
11042
9042
8500
10375
8291
7250
8375
6542
9875
9250
9333
8208
7041
8500
9083
10625
11625
9417
8084
6917
8334
8209
8417
7125
8292
7292
8042
8541
8334
10667
9042
8834
9500
9375
9833
9458
9708
9292
9000
10042
9042
9458
9167
9667
9583
9625
7417
10667
8417
8625
9084
13791
15583
13334
13583
13709
11500
11000
14000
27417
12250
11625
9667
14458
14166
10625
12959
9458
15916
11625
10292
11042
9375
8666
9708
9834
9000
8625
7208
10625
9000
8875
9875
8000
9625
9125
9209
10042
8958
8750
9375
9000
9125
10917
8875
9416
10500
9584
8625
8792
9042
9333
8875
12667
9500
9667
8833
8833
10583
9875
8417
8791
9708
10750
10209
9667
8833
10125
9541
9666
11667
11041
8542
11459
9667
8042
8542
8167
9042
9459
9250
10292
10042
9541
9625
9958
9833
9791
8500
9834
9250
9167
8959
8667
9875
8542
9958
10375
8500
8333
9709
7959
8750
8333
10917
10917
9417
10875
8625
9834
10042
8334
8125
7583
9250
9041
10041
7791
9000
8792
8833
8625
7959
8584
9750
8291
7084
8375
7833
8750
7750
10542
9875
7667
8417
9167
11250
9375
8791
11042
9667
9333
10917
9541
9292
9959
10125
13084
9583
10083
9292
7917
7625
8125
8000
8750
10375
9334
9333
11125
10333
9625
11000
9750
9583
10541
11375
10042
10041
9166
11333
9834
8792
9667
9625
8750
11541
11167
9083
9708
8792
10083
11792
9584
8833
9792
9083
11959
10083
8875
9917
13875
15917
12166
11458
11000
10125
8208
10459
7500
8042
8250
10667
10292
10000
8500
9792
10417
9625
9458
8708
8625
9375
8417
9750
9125
12208
9584
10333
8542
12666
10417
8958
8167
9667
11375
10083
8667
8875
7916
7041
12250
7708
7584
7292
6625
6875
7417
8125
7041
7459
7500
8875
10041
8292
9791
9167
9625
8709
9416
9583
9833
8625
9625
8833
9459
9917
8916
10167
10000
9458
9500
11166
9833
10125
10709
9458
9875
9417
10666
8625
8625
8416
10417
1090584
9041
8750
9000
9000
8625
8458
9042
8750
7334
9208
11667
11542
7084
9417
9459
10208
10250
10209
9375
8083
8834
9875
9584
11792
8500
9500
8666
9916
10042
11959
8709
7833
9166
9416
7917
8667
9292
9208
8792
9083
8916
8542
10333
8875
9500
8333
9875
8333
7625
8917
8458
9959
11208
10291
8542
10416
9458
11250
8292
8125
10792
11875
9625
9291
11042
9625
11375
8125
8709
7459
8292
7833
8584
9542
8917
9125
11000
7958
8250
10042
9167
8875
10625
9166
9125
8292
9500
9750
11458
8208
9584
10750
8625
10125
8542
9250
10500
10208
9667
9416
9791
9458
9875
10667
7708
9167
10333
9041
7709
9292
7625
8375
10167
9125
10666
11042
8292
10792
9917
10792
10041
10459
8917
11125
9708
10458
8916
8625
12709
11417
9917
9333
9750
8542
9375
10542
10833
8833
8625
7917
8209
8791
9375
8875
9625
9542
10333
9250
8833
10125
9375
9917
11167
9084
8250
9666
9625
6541
9417
10125
8916
8583
10000
10375
8833
9209
10291
10000
8417
10625
9250
8208
9375
9500
8166
7667
8000
7209
9458
8292
8333
9958
8709
8542
9167
9875
9000
9500
9333
9583
8791
8375
9458
9334
9833
9458
8583
12333
12250
11541
8875
9791
8167
8500
8709
9584
5667
9334
12916
9000
9833
10375
9375
9375
7667
6750
9500
9209
9167
9209
8750
11333
7625
9709
9834
8792
10958
11208
8792
8083
10042
9916
9833
9459
9625
10667
8708
11042
10292
9167
10000
9334
9500
11750
9166
9708
8625
9041
8958
8250
9958
9500
9292
13333
9833
11208
8459
10917
9584
10750
10666
12500
11375
7041
10417
9417
12791
11833
9833
10833
8833
11541
10167
9209
9000
9042
9500
10000
9625
10083
8208
7792
9375
7708
7958
8625
10000
7792
9416
10583
9792
9625
9750
11083
8166
6042
9791
10250
8709
12125
10750
8583
8500
9625
9625
9750
9834
7334
9500
10334
8875
9458
10709
10041
8708
7375
9000
9042
8875
8958
10333
8917
10583
11125
9125
8333
8667
8916
9083
8250
8917
7500
8250
9166
6958
9000
8625
9083
9375
10916
10000
10167
9833
11167
10709
10459
9875
7625
8292
8083
7875
8917
8583
10125
10125
10542
9084
7333
9083
8750
9083
10625
10708
10250
7917
8166
8917
9875
9375
8625
9459
8833
8708
9167
9333
9375
9041
9167
7916
7167
11000
11000
8625
13458
13250
11959
8333
10625
8958
10208
9250
12000
9333
10334
9042
9709
8667
8208
10166
9833
7083
8958
10084
9417
8666
7667
10666
9709
8916
10125
10416
12541
10208
10250
9333
9667
11125
10416
10708
8458
7875
10333
8833
10792
7250
7542
8667
9833
11583
9875
11458
8750
7875
10209
10000
12333
11208
11708
10208
10000
11250
9875
9417
10125
9625
10083
8750
9375
7667
8500
8584
8750
10375
7875
10250
7792
9583
9667
8542
8709
8292
10291
8292
6083
10708
9625
10208
10000
10125
9458
9875
9875
8917
11250
11875
10584
10583
9792
15000
9750
9292
9500
9583
8833
8750
4709
8250
8833
10250
9125
9667
9833
8750
9375
9792
7834
9625
11958
7583
9792
9000
9333
8000
11041
9875
6750
10708
10291
8875
9833
9167
10750
9875
9250
9042
9250
8958
7625
7750
9209
8958
12875
10625
8917
11875
9916
8833
8375
8375
9375
10750
10792
10666
9542
9875
10834
10000
10708
11000
8250
11750
10041
12584
10209
9458
8291
9584
17541
11250
10916
9333
9208
8542
10958
10167
8125
9208
13208
20584
18958
12208
9750
9125
8500
7834
15584
12666
12667
12750
11000
11250
11084
7542
9458
8583
13375
12167
8708
9458
9375
8666
9125
9541
9375
9792
8666
8750
8875
7917
9750
8416
8458
8416
8875
8916
8542
8708
9041
9875
11250
7833
8583
8542
8792
7917
7416
8333
7833
10417
11375
9375
8958
10042
9500
8917
9125
12500
10166
9833
10167
9833
9084
9083
9042
9083
9375
8167
7791
8167
8750
10416
8667
8250
9667
10375
9084
8791
8333
9750
10500
11000
7958
8625
8541
9541
11708
9167
11125
10292
11209
9542
9625
12500
8875
7583
9083
9375
8833
9250
9333
9584
8583
8709
9000
8083
11250
9958
9292
9042
9833
9333
9833
11375
8625
8959
10292
10916
10166
10125
9458
9792
10667
9458
10375
11250
8125
8709
9625
9083
8917
9000
8667
9792
7375
8583
8958
8167
10750
10375
14750
33375
23084
12250
29959
10709
8542
9125
9500
9791
7958
9875
10083
7875
10083
10666
8792
10000
8334
9125
6583
30125
21792
18083
11958
9875
10000
9375
9209
9708
9500
9917
10000
11500
11542
8083
9459
11167
7875
8000
10541
9542
8166
8750
8000
9458
8792
9625
10000
10166
12000
9791
9083
9416
11625
9000
9250
9875
8875
8958
9292
9917
10333
10750
8917
9625
8750
10125
9958
9166
8833
9000
11042
9083
9375
8000
8500
9917
9875
8458
9667
9916
9000
8625
9292
9041
8875
9500
9250
9459
9167
8416
8958
9208
9750
9333
8958
9500
10083
11209
10959
11167
8417
8625
7333
7959
7458
8000
9458
7708
11834
10250
9958
10125
9625
9750
10125
8708
9083
9750
10167
9750
10791
10333
9959
11292
8375
11084
9958
10708
9125
12333
9791
13417
11667
14833
8917
8375
10958
9958
9125
9625
9042
9792
11750
8708
10583
8334
9209
9667
7334
9959
8167
6791
6917
6750
7292
7458
9000
9750
9333
10917
9750
9875
8625
9125
7333
9334
9416
9000
9625
10542
8833
9125
8250
9750
12250
9250
10375
9250
8250
9708
9542
8250
7792
9958
10375
8000
8666
9083
7584
7458
10291
9625
9209
9333
8292
9500
8750
9083
10041
8750
9125
9667
9750
9125
10083
9750
9792
11000
9625
10917
9584
7666
8000
8209
9667
9083
8500
9417
9417
9458
11459
10417
9375
9042
9292
10292
9250
9625
10375
8083
9375
10291
11584
8875
10500
9458
10917
9917
9792
11417
10042
9500
8625
8041
8583
9000
8083
9875
8667
8625
11000
11458
8750
9375
9333
10458
10209
13417
10042
8792
9834
9291
9000
9875
10292
9416
9958
12250
10417
10250
8708
7417
9875
9084
8791
8875
9292
7667
8625
7250
9833
10000
9792
10208
11458
12083
10042
10625
7709
9958
8291
9667
10167
10917
8875
9625
10792
9750
10000
9875
11917
10375
10083
8042
8750
10375
10542
11125
9250
9416
6542
10084
9667
8666
9750
8708
10875
8625
11500
9209
9708
7750
8416
10708
8500
9708
9917
9958
9917
10500
9875
10000
12333
9167
8625
8708
7750
8875
8666
9625
9459
7834
10042
7334
9584
7500
10541
9542
9708
9542
7416
10833
10042
8917
9750
9833
7084
9583
9750
9000
10042
9208
10584
9875
7916
10167
9917
9084
7916
10750
8083
9084
7625
7417
8583
8541
5875
8917
9333
8000
8667
6083
9625
6917
9417
10208
9291
9416
11917
8666
10000
9709
9625
9375
9959
8750
7834
8792
8458
7834
8084
8542
8917
9584
9541
8375
10250
9125
8583
8750
10208
8666
9708
9250
8250
9583
10625
9042
9625
8500
8667
9209
8834
7541
7583
8375
8167
7875
8709
9333
8666
9041
10375
8833
10084
8958
8750
10833
9583
8708
8583
9292
9708
12000
9208
10375
9875
9000
9333
10083
9584
11500
10167
10416
8208
9000
8541
9292
8875
9416
9791
10084
9667
9834
8750
11917
10042
6958
8875
6791
8917
9459
8167
8417
9542
9584
9792
10042
10000
9709
9375
7583
10791
9667
8083
8750
7292
9125
9125
8667
9083
11000
8792
13042
9459
9375
10750
7459
9458
8000
8333
9333
9667
8750
10833
9834
13000
10250
10917
10167
8000
9833
10750
9875
8959
9083
9792
10208
8708
8792
11417
8833
8791
11208
9209
9375
10959
7875
11375
9041
8125
10542
30166
14917
14125
8875
7416
1389500
9500
10792
9292
9292
7292
8916
6750
8917
8416
9959
9084
10666
9959
9125
9459
10791
9458
9459
9791
10542
8167
11542
10125
12458
10791
10250
9584
10083
9541
9625
11250
8750
9625
9416
9000
8875
9167
7750
9917
10709
10833
10500
10125
8333
8500
9041
8209
9709
9458
10917
10125
9584
9375
9625
9042
8416
9541
9792
7791
8291
7417
8166
8917
8958
9875
9208
9625
9083
9584
11333
9417
9084
9750
8958
10375
8792
8792
10459
9166
8833
9292
9583
11083
8917
10458
9458
9458
10333
7834
9958
9042
9042
8542
9000
9875
9916
9708
9667
8833
9041
8125
10959
10000
10667
9917
9084
9542
10042
9833
12625
8959
9459
10167
9500
13083
9625
7083
8334
7834
9791
8625
8916
10000
7750
8042
8042
10084
9167
9042
9333
9625
9083
10500
9041
11000
10083
10750
8583
8625
9792
9958
8750
9541
9292
8583
8458
7916
8416
9125
10250
8500
9125
7084
9250
8959
10458
8958
8208
8542
10667
8000
8667
10125
8667
10167
7583
7708
8583
8500
11041
9375
9917
8916
8667
7834
7708
9041
9500
8542
9917
7417
9917
8167
7875
7292
8625
9000
9041
10084
7667
9000
6917
7875
8167
8541
9166
9750
9708
11917
11208
9459
9959
10750
5042
8584
8583
7708
10166
11125
8542
8500
9875
8750
9333
9292
9792
9583
9000
11167
9041
12000
9792
6916
11292
8416
10209
10708
9375
9042
8666
8834
9334
9000
10167
7916
9375
9375
11500
9666
7042
8792
9208
9959
10833
9834
9041
9875
10333
9250
9833
9875
9292
9375
9500
8917
10125
9333
10417
9084
9042
9792
11375
9416
8083
9167
8167
8375
9166
10167
9583
9125
8958
9584
9500
10125
9458
9958
10958
8917
9375
11292
10625
9750
10250
10291
10084
6042
8375
8000
10417
8417
9083
9333
8875
10083
9583
9458
10417
7833
8125
12625
9875
10000
9917
9916
10625
9375
8791
12667
10583
9834
9416
8209
8334
8291
10166
10834
9209
10917
8625
8958
8875
9584
8750
8750
11791
9833
10875
9916
9667
9083
9916
9500
9458
10458
11292
10000
10000
11042
6750
8292
9208
8833
10542
9375
10750
10000
10084
9583
9625
9542
9417
7333
9584
9792
9958
12583
10000
10041
9417
8959
9833
10084
8875
11417
8625
7625
8791
8250
7958
9416
10542
10000
8625
9791
8334
11167
11292
9583
7666
9125
9083
10916
9916
9708
9875
8041
10709
10709
9167
9958
9959
12041
9292
6833
8500
8834
8500
9291
9083
8334
9750
8584
8750
8459
10958
10500
8208
12625
9542
9750
9791
7083
9667
10084
9292
10917
9959
13750
10417
8459
8375
10250
8000
7917
9208
8166
10125
9084
8959
10792
9500
9417
9208
8625
9875
8208
9792
9209
10542
10875
9417
9500
9959
10250
10625
10584
8834
9916
8792
9042
9416
9167
9792
11625
9916
9250
7125
9083
8584
9542
8708
12417
10500
9416
9625
8792
9500
8333
8458
8250
8292
10167
8083
6416
8459
9958
8292
9541
8292
10042
10708
8833
8708
10083
9500
9167
9459
10083
11500
9209
9125
9084
9167
10333
8542
9417
10042
9250
10458
9250
8541
8917
8750
9250
9416
9125
9458
10458
9209
11042
10708
9542
8125
8334
10166
9667
9416
9958
9958
9209
9208
5208
11084
10959
10708
10459
9000
8084
9208
9250
9833
9208
11042
11083
10167
10291
9209
9250
10167
10167
11667
9708
8375
9666
10208
8875
10625
9958
9375
10708
9292
10042
9458
7625
9542
7542
9166
9834
9958
10500
9166
10125
10750
9541
8708
10333
8875
10375
12333
10375
9458
10708
10709
9958
10209
10375
10542
9625
9333
8250
9875
9959
10000
9708
10209
9041
11417
9584
8541
9792
9917
8959
9625
12000
9750
8625
10208
11709
8291
9041
8917
9708
10208
9500
10166
9333
8625
8166
8958
9375
8000
9000
9708
11833
10250
9334
8334
9541
9750
8750
12250
10916
10125
9916
8500
10708
9292
9875
9375
10083
8333
8500
10375
8958
9708
9333
9209
9667
10458
9125
9958
8209
8375
11125
9583
8417
9834
9333
8250
11292
12458
9708
10291
9917
9833
9333
10041
10417
9000
9541
10250
9333
8750
8208
13000
9375
10792
8666
9792
10458
9875
10458
10375
7875
8625
7375
11500
9750
9958
9792
10209
8875
9167
9333
8916
7250
9292
8667
9375
9625
8708
6417
8625
9917
9875
9334
7917
8334
8375
9042
9292
10708
10834
10417
10333
9209
10333
8625
7917
8666
7792
8958
9542
9709
9750
10083
10750
10250
9750
10541
9000
9791
8583
9459
9917
10000
11416
10459
9584
10916
13166
11500
11833
10958
8125
8000
9084
8750
11041
8000
9208
9166
7833
8333
8166
9041
8000
7459
8375
9417
10208
9708
10208
10292
9583
10458
10417
10083
9500
9250
8500
9250
1541334
8500
9000
10000
11958
10042
10083
10542
10250
11750
8375
8959
9833
8750
8708
11541
12833
11875
11459
7583
9959
9792
10458
9209
9375
8958
9333
8459
9500
10083
8750
11000
9208
8792
9333
10250
10250
9459
9500
9334
9083
9167
9458
12000
9208
9959
11208
10667
8375
9000
9125
9083
9209
9417
8542
7666
7250
7500
7334
7584
10792
9417
9625
10000
8333
9291
10084
10042
11708
10083
9708
9334
7250
10542
9792
9083
8708
9583
8792
10042
10416
9625
9625
9625
10500
9042
9500
9208
11416
9208
8500
9916
9583
9916
12000
9459
10458
8541
9375
7792
7041
8166
10875
8250
7917
8083
8792
8791
10209
10333
9708
10000
8500
10334
10375
9459
9208
9292
8458
10333
10250
10084
10042
8750
9541
9291
8042
9083
9167
8709
11917
11084
9709
8459
9750
11417
9000
10042
10166
10041
11375
9792
11500
11166
11000
1612125
9917
8500
8458
7583
8875
9334
9833
9625
6166
9208
10375
9667
8875
9125
10458
11584
11792
11083
5959
9083
10125
10709
9875
10208
9458
10708
9916
7333
9125
8875
9667
10000
7791
10708
9542
9542
9917
6625
13083
9833
8250
9542
8125
10667
10750
9208
10750
9416
8042
9750
9708
7958
9417
9042
8083
7667
9708
8458
11458
12333
9334
8709
9667
9625
10042
7542
7125
8708
9791
10041
8375
8959
10583
8291
9250
10334
8875
9125
9791
7083
9084
10500
9666
7625
9458
9584
10292
9416
9625
10583
8958
10042
8750
9625
7584
7958
8167
9083
7875
7583
8417
7625
9000
9041
9042
8500
10250
9292
9584
11708
8625
9750
10500
9458
9917
9584
9625
10917
8125
9584
9416
9791
9000
11209
9291
9417
10875
9625
10625
8416
9541
8292
8625
8750
10292
10375
9959
9750
9458
9542
7708
10167
11125
8292
8875
9000
11791
10834
7458
8375
8916
10209
10042
8834
9375
9208
10500
9458
6875
9333
10375
8667
10083
10375
8750
9583
10000
8417
8875
9208
11084
9666
9583
1741708
8750
8625
11083
10000
9666
8875
10250
7292
10542
9000
8250
9209
9917
8542
10250
9958
9334
10291
9833
9667
13542
9792
10333
10334
9292
9083
7709
9084
8625
10458
9625
12541
11458
9458
10292
9500
9791
7541
9792
9292
10000
10709
10708
9875
10458
10750
9917
9833
9125
10292
7708
9208
9750
9542
6917
9458
10125
9750
10208
11625
9625
10042
11166
9208
10458
9459
9792
10125
8167
10292
9792
9958
8167
7750
8250
8667
8792
9292
6334
9166
10209
9708
9792
8667
10125
9375
9417
9625
10500
10167
9542
8542
10833
9625
11542
10042
8458
9000
7458
8667
8416
9583
6875
8667
7666
10208
6542
8125
10125
10083
9292
9208
9875
8333
9959
8958
10125
8542
10625
10375
7166
7875
9542
10167
10208
9500
8708
8708
9625
8792
8291
9084
11000
9250
9875
9958
10000
10667
9625
9916
9500
10208
10083
9833
9333
7666
7959
7958
9459
10250
9625
7833
8708
9125
8417
9458
10292
10250
10208
10958
11250
10291
10250
12750
9875
10208
8292
8041
7083
8291
8125
7334
9333
9667
9625
10041
8583
10958
10459
11167
10459
9333
10917
9875
9708
10667
10208
9583
11750
10000
10917
9042
9334
8250
7875
9083
8416
9125
7916
11750
10750
9042
8333
9917
9791
11375
8792
10833
8667
10459
10083
10125
10542
11416
8125
9959
8292
10375
8084
9959
7875
8166
8208
8750
12291
10166
13042
10625
8208
8167
10541
11333
9708
8833
10084
9625
10042
9292
11834
8791
8875
8667
7958
9250
8542
11458
9541
9541
5083
9917
11000
10166
9917
6500
9750
9583
9959
9125
9166
10750
8750
10834
8292
6875
9083
7750
8708
9250
11208
9583
10167
9625
9750
9000
8333
10291
10459
9833
10167
8917
10084
11541
10875
11000
8542
9458
7083
8708
7667
8000
9667
8333
9916
9583
9792
8458
10000
10125
10125
10500
11416
10916
10708
9750
10000
9459
9875
9583
7291
8959
9541
9041
5791
9666
10083
8208
10750
10791
9709
10917
10917
10375
9959
9333
10000
9875
9083
10792
9292
9334
9167
7750
9000
9542
8291
11500
7708
9750
9167
9459
9208
9708
8958
8250
9167
9792
10334
9500
11417
9625
9583
9375
8458
10292
7125
9833
7500
9084
9250
9583
10958
8166
10500
10750
9041
9959
9125
11833
9750
10000
10917
10667
11334
10458
9750
10042
9791
10125
10792
9042
9166
9500
7167
10208
6583
10083
8708
8708
8166
7917
12208
9834
9875
9750
10833
9750
10250
9584
8333
9583
7792
9292
8959
8834
9375
8542
8417
9791
8542
9917
9500
10542
6875
8625
8458
9333
9209
7959
8209
8083
9583
10458
10208
10792
7667
10250
9541
10500
9583
12000
8959
7125
8417
9167
10000
9958
9750
7334
7917
11958
11584
9458
7333
8625
10916
9000
10042
9667
9167
8584
8167
9167
10041
9708
9833
10125
8500
9666
9916
10125
8083
11083
8916
7291
11541
9833
9375
9541
16209
8917
9125
8625
9458
10000
9750
9625
9583
10167
7792
8250
10792
9917
9042
9458
9458
10250
8541
9417
9792
8916
9709
7667
9583
8000
9542
8833
8083
9750
9500
10000
9916
10167
10291
9833
8417
9542
10042
8583
13666
9500
11542
9417
9208
10125
10084
9750
9583
9083
10500
9708
10542
9208
10000
10250
11292
9625
9583
9083
10166
8667
9666
10208
8208
9584
9709
9666
9708
9042
9500
8542
9167
9125
11125
7833
10125
9417
9584
10208
9417
11750
9875
8667
9250
10041
9875
8416
11417
9875
9167
8917
9208
10208
9541
8042
9625
9959
8375
8375
9709
9792
11000
10791
11708
10375
11042
9667
11166
9833
10584
10542
9958
11041
9833
10250
9125
13458
8500
9041
12583
9792
9334
10208
9583
8500
12375
7209
7167
10083
11166
10209
10375
12292
11125
10792
9625
9250
9125
9208
10250
10041
10042
9583
9459
9625
9542
5833
8917
9250
9000
10708
9792
10167
10041
11083
8875
9375
8792
9208
9292
8584
8500
9417
10291
10709
9833
9875
8458
9833
9584
10209
10833
9084
8500
13209
10375
10042
11042
9416
9625
8083
7875
7041
7792
8500
9333
8542
9250
10416
9292
9792
10625
8375
8708
9500
8667
10042
10125
10209
9416
10375
9375
9791
8750
7542
9209
10292
11125
9667
11167
9166
7959
9750
13875
8417
10375
9292
9250
9666
10167
11125
9625
8916
8792
9959
8834
7625
9625
9833
9916
10250
12417
11708
9541
8375
9875
9333
9584
9625
8833
8500
9833
9791
10792
9375
9375
9542
9416
10417
8250
9625
8750
10125
8667
9625
9458
10083
10291
8875
8917
11250
8708
9750
9458
9583
10042
10000
7542
9583
9292
8833
10708
9416
10041
9583
8750
11959
9375
10584
9375
10458
11708
8500
1828958
9917
8750
8542
9667
9667
10959
10500
9833
8417
8875
10500
7167
9791
11042
9000
9750
10750
9750
10667
10583
9709
9500
9417
9458
12917
9625
9791
9042
8959
7625
7959
8875
10792
9416
10125
9083
10625
10625
9625
10000
9959
10791
9500
9625
9834
10291
9875
9625
10750
7667
10083
8917
10541
9541
9500
10208
7083
9375
10583
9625
9709
9833
10083
10167
9666
10375
10292
12208
6833
9875
9834
11291
8875
8125
9583
10167
9875
9875
8750
9083
9666
9125
10042
9750
10458
9375
9542
9458
9916
10250
9750
8208
10333
8083
8833
6083
9917
11292
9834
8667
9042
10250
9375
10500
9500
9750
10500
11666
10875
11208
9834
9791
13333
9416
8375
9791
8917
10375
7583
9500
9542
10833
10416
11041
10542
8959
8917
8708
8583
11750
7750
8625
8666
10334
9625
10167
8750
11792
10333
8833
8917
9583
11459
8625
9875
8542
8750
14667
8833
10667
11209
10917
9334
8708
10208
10417
9542
9250
8375
8500
8834
9208
9166
7500
10417
10500
8209
7291
9292
12334
9584
9417
10042
9541
9541
10000
9958
11625
9375
8750
8166
11625
9667
9625
10625
9958
9667
8166
9750
8000
10083
8417
9833
7958
10541
9708
9750
9875
10000
12083
9209
9666
10208
8042
9500
9041
8375
10042
9000
13083
9000
10917
9958
9125
10458
9416
9584
10083
11000
12500
10917
9542
10250
11333
9000
11792
8042
10333
9625
7292
10166
9916
10792
9875
9958
9500
9375
9667
10208
10208
10250
8542
9875
9166
8334
12959
7750
9208
10125
9500
9500
9708
10166
10208
9750
14083
9334
10375
10208
9916
9625
9542
10959
9125
9000
8041
10458
9250
9750
10959
8208
10125
10292
10000
9584
9708
10042
10084
9583
8834
9750
10500
9958
10000
9042
9500
9417
8250
7375
6916
9917
8916
8542
9250
8792
9833
10458
6375
10292
9458
11000
10625
9708
11292
8416
10291
7667
9167
7000
9292
9750
9333
8916
9042
9166
9083
9792
10167
9833
10709
8416
9500
9709
9958
8667
9666
10959
8083
8833
7708
8875
9125
8917
9084
8750
9458
9959
9334
10208
9791
10667
8542
8125
7250
9084
9834
8125
11459
9208
9125
7834
9250
10125
9791
10416
8958
8459
8208
8959
9917
9833
9875
11292
10333
10291
9458
10084
11208
8291
9750
9291
8959
9000
9500
8875
8542
10125
10792
10084
10917
9792
9917
9667
8875
9458
7792
9209
12708
9583
10875
8625
9083
8750
9125
9542
8417
10166
10500
9375
9958
7792
8667
8500
12250
10500
9375
10042
9625
11417
8583
8125
10166
8375
9125
9500
9917
9250
8917
11375
10458
10375
8875
13708
9500
10250
9583
11042
9791
8916
9542
7000
9375
8542
10333
10000
11125
8375
9542
9541
9292
9958
9916
10584
9083
10042
8958
9750
10250
10625
12792
9833
8792
8792
9292
8833
9417
9875
8500
9250
9166
11791
9125
9375
9583
9958
11041
9917
8958
10250
10333
11791
10833
8709
6209
8958
9459
9667
10208
12041
9250
10333
10583
9458
9667
7500
10125
10583
10250
9834
10000
11583
10500
11208
9375
8958
9417
8458
8625
9458
8208
9666
11292
10333
10375
9666
9958
9333
9875
10958
10125
10417
8750
9625
8625
7792
7833
9417
10000
9916
10125
9750
8458
11333
9791
9708
9125
13500
10209
8708
9542
11375
8417
12709
11250
9083
10375
9042
9791
9708
8709
10000
10000
9291
9375
9625
10208
7125
15208
13750
14625
9583
9167
7333
9709
11333
10083
8167
9834
8416
8416
8542
8125
10416
10125
10209
10583
9750
9958
10667
8875
8459
9584
11416
9375
9208
9750
9625
9625
10667
9458
10209
9792
9709
8709
11208
10125
9375
10416
10625
9750
9292
9917
11833
11208
9625
9167
9458
8292
10542
8333
10666
11583
10250
8250
12416
9625
9750
9958
11417
8208
10458
10291
9791
9375
8833
9209
9416
9167
8292
9791
10458
11375
9500
9583
8042
9459
7666
9708
11250
11000
10250
10292
8583
11750
9708
9208
10334
10667
9917
8416
9541
9667
1978209
10917
10417
10084
9958
5958
10083
9541
10208
8458
11583
10041
8750
9333
9417
8583
9167
10667
10208
10708
9000
9458
10166
7792
9250
7583
12041
9709
9583
9875
9333
9542
10167
8458
9250
9583
8333
10666
10583
9584
9583
8584
8959
8334
9667
9000
9791
10125
10959
9875
9459
11667
9083
8792
9625
11709
9625
9834
9166
9542
8792
10625
9625
9834
10042
10375
9583
9750
9750
10125
11041
9416
9917
11250
9500
8167
9417
9708
10042
9917
8709
8542
13916
9667
13166
7292
9750
9625
9750
10041
10667
11041
8333
9500
8708
7208
8667
8917
8667
8250
10667
10500
10625
9583
10834
9042
12250
10167
9750
10500
10542
11792
10042
9542
9583
8625
10750
9542
9458
9709
6333
10625
11708
10500
9667
10167
9542
9083
8792
8833
8459
11250
9166
8958
9041
10542
8792
9792
10042
8667
9583
10292
8375
9750
8792
10417
11584
9916
9792
9750
9916
9834
9167
7459
9209
7666
9791
9083
9750
9959
11792
8875
10208
9166
10500
9542
9833
9292
12917
9833
8500
9417
9042
8333
9167
9625
11250
9416
11291
9792
8209
9959
8375
9250
8792
10042
9791
9000
11125
11750
9292
10583
9292
8042
9750
10833
8541
10083
8958
9667
10458
7083
8792
8625
8333
11125
8875
9250
9125
8000
10542
9500
9042
8125
9458
11625
8958
11209
7167
9708
10417
10791
9500
8666
8792
9875
10166
11959
9666
8209
9542
8000
9417
8958
10708
9250
9459
9375
9416
11208
10334
9042
8250
9250
9792
9208
9750
9458
10042
9500
8250
7833
9042
9875
12417
9792
9875
9500
9417
10000
9583
8541
11625
10583
11458
14458
8708
8542
10250
9625
10250
10500
10708
9959
15000
9000
10083
10792
8542
9625
10041
9709
10583
11291
12833
11250
10167
9875
9000
6833
9208
9333
11083
9000
10167
9542
9500
10708
9167
10542
9875
10625
11417
8875
9708
9375
9959
9667
8959
9250
9667
9916
9750
11375
9208
9042
8292
10209
10375
8541
8333
10458
9417
9625
10042
11084
11750
12167
9167
10875
9875
8125
10209
8583
8542
9500
8750
8750
6959
8250
11166
13333
9542
9875
11958
11208
10291
8750
8375
9333
9500
9917
9875
9375
9125
9625
9917
10000
9375
8958
11333
9625
9041
13959
10292
9792
8875
8625
9958
8834
8583
9625
9792
11709
7875
10084
9625
8167
8750
7959
8792
10625
8458
10542
10125
9333
7792
9625
11125
11166
9166
8875
5958
9750
10083
10208
9916
9708
10542
9375
9666
9333
11250
10083
9792
11959
9042
7709
8833
10209
9958
8209
10375
12042
9917
8333
10417
9708
11167
9750
11875
9041
10417
9834
7750
11208
8625
8917
9417
9458
11167
9041
10916
9125
10334
8541
10958
10708
10083
9416
8792
9667
12042
10083
10792
8791
9833
10625
10750
11000
10292
8917
8667
9291
10750
10500
9416
8875
10292
9375
9667
9667
10875
9417
7667
9625
9584
7417
10083
10459
10209
8125
9792
9625
10000
10042
11250
10250
11792
8541
9542
10250
10084
9666
8666
9291
8292
8916
8709
9291
7500
9500
8625
10458
10250
10625
10292
9792
12542
8417
10458
8166
8792
8875
9041
7750
9458
8917
9750
7375
9959
9792
9875
11166
9500
9750
9375
10459
8708
10166
8792
8958
10792
8625
9625
10041
12541
10125
9458
10250
12333
8167
9125
10125
10167
8250
11292
9042
9542
7917
8958
8834
9042
9875
9792
9000
10416
9916
11875
10750
9708
8250
10167
10917
7500
10084
9709
8917
8500
9292
9667
9959
9709
9959
10250
9583
10375
9916
8458
9625
11666
12958
11666
9000
10125
10417
9583
7708
9917
8500
8500
8375
11417
11042
11292
10875
9708
8500
10708
9708
10959
9709
11292
9583
10750
9167
8417
9000
8000
9209
9459
8416
9416
10625
8458
8292
10209
10666
10458
9708
8791
11542
9542
8125
9000
8959
9375
9833
9834
10208
9500
10167
7166
9875
9125
11291
10958
11708
9916
10375
11458
11084
10708
9083
9500
9209
9709
8042
10000
10000
10292
9792
8666
10708
9792
10125
10000
10209
11042
11166
9750
7709
7792
9750
9500
9792
10000
10292
9959
10417
9708
9458
9125
11291
10041
8208
9750
9333
11875
7834
8709
9417
9084
9125
8875
10291
9416
11250
8417
11292
9083
10333
11792
10542
9208
9709
9875
9334
9167
9083
10083
5917
9667
9625
11916
9458
9750
10958
10083
10125
10292
8750
9333
10000
9875
9875
9208
9583
9542
8125
9041
9583
10000
10875
7000
9167
9333
9542
10542
9209
10250
9625
9834
11042
10916
11250
9958
8667
9667
8792
8958
11208
8000
8500
8166
6875
8125
36208
9333
9000
7791
8542
9208
8667
7375
7541
7792
8917
8125
8250
8458
8125
8458
9292
8166
8292
8958
10042
8917
9083
7959
7792
8042
9625
8958
10209
12584
8500
10917
9000
8709
10833
10417
10125
10917
8000
11083
10041
11042
9959
9625
7708
8500
10458
9875
11083
9750
9458
9042
8583
7959
8584
9292
11000
10166
9959
11000
9625
10250
8333
8958
8833
8708
9041
12917
9459
11167
9750
9041
11583
9167
11333
10667
9750
11542
10542
10209
9959
9458
8791
9209
9917
9459
10125
8834
10333
11250
8875
8500
9375
11375
10167
9708
9000
9667
9625
8000
7500
9750
9459
11750
9666
10209
11000
9791
8875
8125
11000
9500
10958
9458
10125
11250
10167
9042
9167
7834
8375
8917
8708
8917
10583
10334
9708
9834
10292
10375
9666
10000
9542
10041
8834
9042
8875
9125
8916
9084
9166
10000
8125
8250
7459
8041
11250
9792
9583
8042
10167
10625
9042
8208
9750
7792
7042
10625
11083
9792
9667
9792
9583
8042
8709
9875
9917
9291
8917
9917
10833
9042
9709
8792
9500
9959
10209
9583
9291
8792
10708
10166
10333
8375
8583
8417
10167
9625
8083
8291
7708
8167
9792
8375
10125
10209
11917
11125
9416
10833
9334
8750
11208
9625
9916
9375
9583
10167
9167
9125
9250
7583
8042
8833
9583
10250
10375
10250
9833
10833
10167
8042
10000
9958
9417
9000
8792
8333
8541
11333
9708
10875
8333
10084
9875
9459
8625
7250
11625
9625
9167
12792
10959
9083
8042
10375
9583
7083
9917
11166
9792
10375
9333
10291
10083
9625
9250
9750
9667
9625
11708
8542
8625
9375
9459
9292
8916
9792
7000
8666
9333
10916
10125
10041
11791
11208
10542
8041
9916
9500
8416
9166
9375
8333
7458
11167
9084
11333
11041
9750
10750
10167
8166
9750
9959
10250
10333
9375
10083
9375
8333
7500
10875
10417
8500
11541
10833
11792
8250
13208
13834
11541
10667
9500
7792
10083
11708
8750
9209
9125
6584
9875
11042
11750
11250
8709
10959
11583
10375
11834
9625
11792
8875
11750
9292
8625
9875
9333
11000
10000
10000
9542
9208
12791
10500
8625
11000
10042
11208
9750
10042
8583
10875
7291
10167
7083
10125
9916
11458
10583
8666
6833
11000
10417
9958
8208
9417
7833
9792
8875
9584
9042
7042
9458
9083
8375
10125
9167
9875
11209
9791
8833
9834
9167
9209
9708
10000
7542
8791
7417
9500
8750
10584
7917
10459
11209
9708
9500
8875
11250
11708
12792
9625
9833
10041
10459
8541
9875
10209
10167
4500
9458
11250
9166
11667
10791
10167
10333
8708
11208
9875
9209
8250
7916
9875
9583
9542
9334
10292
9750
6667
9041
12125
9791
9125
11958
9834
7958
9875
9375
8959
8958
9625
8792
9625
8625
8833
8958
9500
9625
10292
9917
11292
9625
9042
11333
8209
10417
9792
10791
9708
9583
11292
10667
9584
9625
11208
10250
10208
9666
9208
9167
10958
9500
10500
11500
7709
9292
10250
10292
9041
9833
9792
9375
9542
9458
9334
10417
9833
10666
9833
9791
9875
9000
8583
8875
8334
9583
9208
9584
9750
9875
9500
10958
9959
10375
10709
9792
12750
11250
9125
9375
8750
7083
9584
7958
10083
9916
9458
11209
11916
11958
7791
10292
9334
9417
9708
15875
9833
7500
9500
9833
10459
10625
10166
9958
7916
10250
11209
10416
11208
9708
9792
10125
10000
8750
9375
8167
12542
9500
6958
8416
8500
7833
9500
10084
10708
10333
10791
10750
10375
10458
7167
9083
9750
9458
9875
9334
9041
10125
11583
10250
9583
10167
9625
9916
8250
11500
10125
10708
9166
9292
9250
9708
8208
9125
8125
9958
9917
10917
9333
10041
10125
10917
9584
9958
11125
10584
8833
11209
10583
9708
11125
11125
9208
9583
13042
9958
8958
13250
10083
9875
9709
9667
8875
9959
8708
10041
10000
9250
10000
10208
11000
10084
9042
10167
9958
11541
9417
9209
12917
10083
8750
8083
9875
10458
9375
10291
9583
9084
12000
10042
9208
9708
8958
10500
10542
12083
9500
10250
8250
9417
9459
7417
9500
9459
9625
11000
8667
8542
12084
10334
7750
10000
9416
12041
11625
9791
9042
10917
9125
7334
8000
8375
10333
9958
8959
9792
9750
9666
8209
9917
11958
8709
8417
6333
10333
9750
10792
9625
8750
10042
7625
6875
8541
9041
10083
9875
8791
10125
9500
7625
9209
9584
8208
9958
9250
9459
9416
10458
9292
10000
9041
10750
10750
11209
11541
9584
10417
9250
7834
8667
8750
9834
9500
10750
11416
9959
8500
10208
11333
8250
8875
8000
8666
7208
10041
11000
9542
8709
10250
8959
10500
9875
9750
12125
11167
9750
9583
9791
10166
9708
8333
10333
11958
9583
9541
10209
10791
9792
10083
9250
9625
9583
9708
9416
9875
8167
10333
8667
12375
9792
9542
10292
12209
8791
9667
9417
8000
10041
9542
9916
9834
9750
9667
9209
10875
7625
10417
7583
11167
8042
9458
13417
10250
9875
9416
9583
11125
9625
10125
10750
11125
9875
7958
12667
11500
9417
9334
8916
9375
8042
11458
9291
10875
8833
8375
8708
9917
7209
11958
8167
9667
9208
9666
9125
8917
9625
7916
10166
8416
10708
10041
10250
10125
11167
8250
9875
11542
8292
12167
7625
10041
7709
10291
11625
10084
9083
9459
8958
10250
9250
10042
10208
8500
9291
10333
10166
9833
9750
9292
6542
9875
8542
10916
9000
8459
11417
9667
9875
8209
8583
9875
8459
9833
8000
10917
9500
13500
10000
11000
10042
8625
10292
9584
9291
9791
9416
8500
8833
8000
9208
10333
10417
11166
9792
10875
10084
11041
9792
11375
9833
10125
11583
10000
9000
8708
9583
8875
11000
11209
8459
10250
9125
9875
8417
9417
9875
9583
8375
10708
9417
9791
10625
9208
12834
7375
8875
9792
9791
9750
10000
9750
11167
10042
10125
10417
9083
9500
8458
9958
9709
9500
9583
8791
8500
9708
9833
9000
10166
12125
10166
9875
11167
9875
8583
8875
9500
9667
8208
9666
9084
9666
10250
10042
11209
11125
10041
10042
10208
10500
12833
9500
9083
9334
11250
10709
10209
9750
8792
9625
10667
9958
9750
9917
9833
10625
10041
9708
8583
10208
8084
10083
9750
9250
9792
9333
9417
9541
28167
30250
14709
9791
10541
11167
11125
9250
11917
9125
10334
9916
10542
10834
10584
10166
10208
10666
10250
8292
9667
9625
9333
8791
10542
9750
9458
10167
9166
11458
8125
11959
11708
10042
9834
9791
9792
7875
8958
9250
10167
8291
9792
10000
10416
9000
9834
10208
9959
9625
9417
10667
8375
9625
8834
9459
8334
9791
9791
10625
11334
8834
10500
10084
8416
8000
10000
9583
10125
10833
7833
11083
10500
10417
9041
8167
9500
9083
8792
9291
9916
10167
10042
9416
10041
10250
9042
9542
8958
8625
8250
11125
8375
8041
8917
9125
9708
10209
9750
8250
10541
12958
11709
9584
10083
9333
9250
10750
9583
10417
10292
11750
10042
9667
11166
10917
9542
10458
10458
10083
8709
10000
8917
9584
11084
10667
10333
11125
9084
9041
10417
9291
12875
10708
11541
9667
8000
9500
7375
8417
9625
9000
9917
9959
10375
10208
7917
11292
9959
12959
10125
8416
9041
9083
9667
8333
8667
9625
10750
11125
8291
8375
10042
10959
9250
12167
10250
10709
9750
9125
6625
9500
10791
10042
10750
8500
7250
8625
8500
11875
10167
9625
11375
9000
10292
10541
8667
8542
10208
9541
9875
8416
9375
10167
8250
10375
7083
11250
9792
9791
11583
10041
9625
9084
8833
8959
9417
6459
10667
8750
10041
10250
9959
9542
9875
10250
11917
9750
9250
9333
8375
9250
11083
9375
9333
9125
10333
10333
9375
11167
9833
9833
10209
9500
12083
9959
9833
10000
8500
8583
9625
10333
10291
9500
9750
9542
9667
10541
11417
9750
7834
9458
8750
9583
8083
8917
10417
9084
9458
8500
9583
8416
9417
8542
13333
9708
9125
9625
9125
8208
9500
8500
10250
11208
9791
10708
9375
11334
8125
9333
10750
9834
9792
9833
11208
8958
9416
11042
11125
10125
9542
9125
4875
11541
11917
11875
10125
9709
12500
10125
7709
8625
9833
9208
10791
10292
8583
11375
10208
11833
10125
9417
9750
10083
9958
10834
9292
10583
9542
9916
10000
9208
9208
9834
8542
9084
10125
10250
9625
8250
11125
11750
11584
9917
9250
8542
9625
10791
11375
8917
8000
12333
10292
8125
11417
10166
10542
10084
10584
10291
9458
10208
9792
11459
10042
11125
8625
8834
7750
10042
9792
7792
12166
11042
10375
8750
9500
8916
9792
10000
8709
9542
6792
6750
10209
9291
9541
10250
8375
9416
10125
6375
9833
10750
13209
10208
10125
10916
9459
10125
9833
9959
10000
8500
11542
9542
11458
8875
9667
10333
8583
14166
8416
9750
9375
10291
11375
10625
9208
9459
10625
11625
8916
9250
8333
13292
10542
8708
8875
8458
9250
9792
8500
9416
8959
9583
9458
10625
10625
8458
10583
8708
9167
7875
10375
9000
6209
10292
11584
10459
9959
13625
11000
9958
8291
9500
9500
9084
11250
9875
10250
10250
8916
10375
14333
10625
11000
11292
10959
10042
10792
9959
9375
10416
9834
8666
10750
10375
8209
9667
7916
9917
10625
9208
11709
11791
10333
9875
9292
10125
10166
10625
9000
9041
9333
9500
9875
9958
9583
8916
9750
8250
9125
8417
8667
9083
9584
6959
9334
10417
9875
8167
9541
8833
10542
12916
10667
10250
9208
8791
9417
11166
9958
9167
10417
8709
9292
10292
11667
11209
10084
11459
10000
9417
8834
10166
7083
10833
11459
9333
9458
9791
9625
10209
10042
10041
9042
10583
11416
9334
11125
9833
9500
9875
9792
9542
10625
9875
9667
10084
9541
10209
9833
12417
9750
7917
9708
8708
9375
8625
10083
9667
8709
8458
9750
11542
11667
11166
9583
9958
7209
8625
8167
7958
10417
9208
5958
10166
12459
11333
9125
10291
12959
9625
9958
9917
9083
6541
9666
10708
12500
10667
9416
10042
9584
13167
8959
8708
9708
8666
8500
12500
10083
9708
10125
9792
11416
9583
9667
7667
11417
10792
10250
11292
10292
9750
9541
9917
10000
10708
8667
7667
10083
11167
9542
10500
10541
9208
10083
9875
8666
9042
9958
10292
8250
9833
10583
10125
10458
9500
11291
10542
9791
7916
11292
10000
9375
9500
11667
11000
11291
8375
8833
9875
11083
10958
9459
8333
7000
10417
11625
9584
8500
9750
11333
8541
9292
9625
10542
8417
9083
10875
9292
12042
9459
11167
11125
10042
9750
8291
8958
8291
10208
10875
6708
9875
10250
10375
10083
11292
10958
10084
12417
11125
7166
11291
11292
8084
8500
9625
11334
8541
8667
10083
10250
9834
10834
8458
10250
10458
9791
10042
7417
10666
10042
8042
10042
9833
10125
10208
11458
9917
10000
10333
11167
9834
8583
10167
9875
10167
9667
9000
11875
10084
9042
9750
10833
10250
11791
9792
9042
11250
9292
7917
9375
11041
10708
11250
9666
10334
9125
9208
8209
9083
11459
9333
9250
9333
9041
9125
9292
9625
7375
10708
9709
10458
11292
10167
9459
7709
10458
8500
10292
8958
8000
11667
9958
10083
11125
9667
9416
9833
9333
10458
8625
12167
10417
8417
9750
11375
9333
9584
8833
10083
8833
8708
9042
9667
11417
10584
9917
10125
9875
9750
8125
9417
7834
11708
9209
9375
8792
11875
8958
10708
8750
8791
12584
8542
9916
9000
11041
9166
9459
8542
10291
10458
10458
9833
9333
9959
9708
11792
9083
11041
11167
6250
9000
8958
10458
10292
10084
9583
10041
9916
9750
9291
9708
9917
10625
9708
8042
9042
8958
9792
9375
9292
9458
9833
11292
10417
10375
9834
11959
10417
10458
8333
9708
9708
10292
9916
12000
9917
11208
10583
11125
10000
9417
9875
10042
9667
9416
11042
9042
10125
9458
8833
9500
8959
9167
9875
10291
10416
10500
11125
8875
11458
10250
9375
5958
8709
9042
9000
9833
9750
8875
8166
10291
8958
9667
8708
11625
11792
9834
9250
9584
9625
8583
9250
8583
9459
9709
8750
9792
8625
10333
8292
12041
9584
8458
9500
8458
10459
8667
9916
9292
8500
7750
9417
8708
8542
9834
10292
10250
9541
9417
10792
10792
11166
8708
9875
9417
8417
14416
12000
9458
9750
12500
8958
9042
7833
9917
8875
10458
10042
10500
8792
9792
9542
9041
9708
11708
11416
9666
9417
9792
8875
10084
9834
9458
10083
9750
9958
10333
11042
8208
10916
9875
10125
9375
10250
9000
8333
8875
9167
8792
12500
10584
10583
9750
6958
8916
9167
11208
9292
7917
9750
9542
10542
9500
9083
9292
9000
8834
9208
11167
10041
9167
8541
11375
9333
10584
10709
6916
9916
10666
10000
9959
9917
9125
10292
10083
9959
11834
9208
9291
9333
9709
9375
10041
9292
9458
8875
9666
9625
10291
10291
8583
8375
11166
7750
8583
10125
8542
10916
10292
9583
8542
10417
9167
12250
9208
12875
11416
11875
9917
9583
10500
9542
9875
9708
8250
9000
7250
9542
9125
8208
11084
10417
11000
9333
9500
7292
9667
8292
8750
8041
7208
10041
7584
10125
9625
9916
9792
9000
7958
8875
10166
11750
10625
9333
8791
9917
9000
8083
11709
10042
9333
10209
8958
6500
10125
8292
10041
7875
7958
6167
10875
10291
11166
9500
9417
11959
9958
9625
9792
8292
7625
9166
8333
10084
9500
8791
8667
8750
10333
10916
10750
10208
9833
9208
9000
8709
10667
10000
10375
9417
8541
10791
8042
9834
10208
9875
10958
10125
8791
9584
11625
9875
8250
10583
10042
9958
11292
12542
9209
9500
13875
9125
10291
9042
9750
9792
10708
10083
9416
10417
10417
10334
11083
11250
10500
9542
10000
9208
8750
9291
10500
10166
12958
10959
10000
9000
10500
10208
8500
12000
9833
9750
9292
9042
8625
7792
8792
9959
7208
18000
16167
16625
11834
8333
9833
10500
18083
14250
10250
12000
9292
12709
11792
10958
9125
12500
10375
10000
9833
8583
9625
11250
9375
10792
10041
9541
11791
11667
10917
11542
11416
10667
9459
11167
9625
9791
9042
9791
10792
9708
8042
8791
8458
9959
10750
8833
11542
8792
9875
10708
9666
8709
8708
11250
8458
9916
9041
9542
9916
11042
8667
9666
9625
10375
9041
11875
9542
12000
11417
11584
10667
11625
10084
9792
11292
9375
9334
11667
9541
9500
11500
9708
8625
11542
9208
9833
9875
10750
11042
11541
10875
10209
9458
9125
11709
9250
9250
10166
10709
9875
7667
10458
9291
9667
9291
12042
10042
9833
9458
9291
8625
8333
9250
8125
10166
9500
11084
9834
11291
10042
8083
9667
9500
10625
9750
8916
10083
9500
9709
9875
10125
10958
14791
8708
10584
10792
13083
8292
9416
8542
9542
7125
8917
10458
10042
9625
10791
7209
10208
9875
9792
10458
10292
9666
9292
8750
11542
10708
8875
10375
9292
9875
9917
7209
11375
10042
9625
8959
9583
9250
8791
9458
10042
8875
8917
8792
8459
8625
12625
10458
11166
9209
9750
10375
9667
9666
9834
9000
8250
6709
9458
9958
8167
13333
9958
10625
9542
9833
9792
10084
9833
9417
10334
7542
8000
9458
10334
9667
11000
11250
9791
9167
10084
11292
10333
10792
11667
10042
10084
10542
11708
9167
11292
10500
9875
9083
9083
9375
9333
10625
10958
10291
9000
9750
8583
9500
10333
10125
8750
10875
9833
10667
8792
9375
9959
8292
10666
10000
9709
12541
10583
9792
10375
10459
8750
11041
10375
9167
8375
9708
9917
10167
10167
9833
11250
11625
11209
9750
11875
9667
11542
9167
9334
9459
9583
9958
8875
10125
12708
10292
10375
11958
11500
10166
10958
9709
8000
9292
8458
11458
10042
9666
9958
11042
9417
11291
9375
9958
10125
10959
9333
10084
9125
10875
12417
10750
9625
9916
8583
10417
9500
10708
10917
9708
8917
8583
10667
8375
10125
11208
9792
10167
10541
9000
9750
9125
10000
9083
9250
8375
9792
9375
9458
10542
10000
8583
7750
9208
27917
17709
9875
10875
11083
10292
9042
10083
10541
9750
9750
9958
11292
9791
9958
11458
11167
9833
10709
8500
10959
11792
9709
8875
10417
8958
9458
10250
10167
9750
9958
9750
9500
10000
11166
9083
10500
8958
9750
9791
10125
9542
10084
9625
10208
9917
9667
7500
8250
9292
8584
9208
10292
10042
9958
9250
11584
10833
11083
9125
9666
10541
8958
10292
10666
7875
9459
9250
10041
8958
9916
9917
11458
10541
9167
8708
8083
10000
9459
9750
7375
8958
8417
8875
9417
10041
10875
12416
13834
10667
10041
9042
9375
10167
9250
9958
10333
10125
9500
10709
9833
9458
10291
9833
10125
10041
11084
9375
9625
9334
11458
10542
7417
8667
9625
11792
9584
10875
9125
9500
12125
10584
9416
9000
11000
9750
12084
9750
11333
9833
10042
8833
9208
9292
8458
8833
7833
8375
8000
7875
9792
7458
10000
11333
9959
8417
8541
8000
9792
9750
8958
11333
9791
9750
9291
9750
9834
10959
10084
9250
9875
10209
7292
10917
10083
10625
11125
10334
9292
11000
9792
9375
10083
9083
10750
9041
9417
9542
8042
11000
10292
10916
11209
10917
9959
10000
10875
9500
12708
9583
9667
8959
11792
10875
9875
6583
10125
11250
10083
11792
11625
11917
9708
9750
7375
11208
9458
9041
9916
11250
11750
11000
11083
9542
8834
10541
10250
8416
9125
8916
8792
9750
9708
10208
9583
11458
11000
9708
10125
12375
10125
9583
10042
9250
8041
10708
8959
9708
9542
9875
9958
9833
10416
8584
9667
9542
9334
8625
7958
10500
10542
9333
8208
8667
8959
9625
11084
10959
10833
10208
9292
9209
9292
8541
9000
9625
10125
11084
9500
7958
9250
10125
10667
9958
10125
10333
16542
9667
10792
10042
8916
10125
7541
10416
12084
8750
9458
10167
10375
10333
9708
7666
9500
9666
9917
7500
9708
9084
10292
9042
