86208
37333
29250
40000
31791
21166
22458
19416
9125
30625
52375
23916
47125
40708
30000
20708
45959
169167
160000
148000
136500
123833
111166
100625
89208
78125
65208
28000
10583
2916
16625
38834
40542
37542
35083
31542
36583
91667
91833
87416
34416
26375
20166
13958
8042
2417
8709
5292
8667
4958
8166
2666
57459
55042
37750
29875
22958
16500
10292
3792
8583
3459
7875
3083
7708
2583
7750
2292
7708
2125
7666
4792
7750
2542
7625
2334
7542
2125
7417
2250
7458
2167
7458
2958
7375
2209
7333
2834
7416
5167
7334
4792
7375
4583
7417
4208
7333
2833
7458
2042
7417
4709
7333
2042
7458
4333
8333
3125
7833
2125
7042
1875
7208
2125
7375
2083
7166
1958
7291
2209
7041
1958
7042
4750
6917
4541
7042
8125
2375
7041
3958
6958
5250
8250
7542
3791
6875
4666
7750
2458
7708
2833
7416
2084
7459
8541
2208
7292
4834
7042
4333
7083
3709
7000
3625
7000
4250
7292
2667
7667
4542
6958
3625
6958
3625
6833
3625
7041
3583
7125
6042
36458
58667
42875
35542
28667
21833
14292
7333
7250
9584
4542
7917
2459
7667
4750
7625
4333
7709
4209
7500
3958
7625
8542
4083
7500
4750
7584
4791
7459
4541
7375
4792
7542
8417
4125
7500
4542
7500
4625
7500
4542
7334
4958
7459
8417
4000
7375
4792
7458
4792
7375
4834
7375
4750
7458
8375
4000
7458
4583
7459
4833
7459
4708
7459
4750
7375
8416
4083
7459
4792
7333
4792
11833
5625
8458
5250
7542
8208
4125
7417
4875
7500
4583
7333
4750
7542
8667
4042
7375
7417
4875
7458
4791
7417
18541
13500
4959
11000
5666
9625
6709
9417
6541
9459
10667
9667
10791
6583
9500
11125
8541
10459
6541
9583
6875
10417
10708
6458
9375
10542
6708
10500
6625
9458
9500
11166
6542
9541
10750
6583
14666
7416
11750
7667
11750
13250
8416
11542
7916
47083
22042
44750
39458
36958
30000
23292
16292
9292
2833
8791
51750
98583
82083
59792
41458
20750
28250
25333
7625
14208
12000
15834
10416
14000
56584
104416
89833
67792
43916
23084
19333
24125
17625
23250
24917
25458
24375
24208
23750
22667
23417
23500
23084
23250
23083
23625
23458
23292
23209
23042
22708
23333
23416
22958
22959
23625
17291
23542
22958
23500
22709
23000
18917
24125
23084
23083
23459
25292
24833
14041
13917
14833
14209
14916
14084
14792
14209
14750
14125
13958
10250
14125
14000
15000
14458
15375
14084
15250
15500
14000
14083
15291
14583
10375
13958
14916
9916
13875
15625
11083
13917
14084
14375
14625
14250
14875
13792
14750
13958
12917
13958
14750
10458
14042
14125
14667
10541
13916
14875
14917
14834
10333
13917
10542
14083
14583
9917
14000
13791
14625
13750
14625
14083
14417
57167
100125
84542
60334
31917
10500
24750
19792
25083
199750
228750
29834
21333
19208
25125
20458
25750
10458
24541
18709
26250
20833
23875
25250
16375
23000
24084
25708
16750
25125
16333
23167
18042
25166
24916
18125
24584
22792
32083
18792
23667
25209
24459
24875
28500
33542
35750
37042
29000
11708
25833
20500
77458
24167
22584
14000
15333
6291
15750
16250
8166
15041
6000
15542
5834
14375
11250
14417
9417
14208
9750
14250
10542
14166
33083
34625
23875
11500
10958
20584
14750
4542
13083
11458
14084
9042
13000
8000
13167
9375
12958
14292
8583
12958
14458
14250
14416
10459
15875
8542
12541
13750
8958
14083
15917
11667
7000
15666
8708
13709
10125
12625
13833
9042
12542
13875
14250
9333
13333
15500
9334
13209
9500
13417
9416
12583
13417
8917
13375
16792
26667
17917
4625
13833
7375
14583
5666
13500
10833
14125
9792
14042
10959
13417
8542
12625
31750
71167
66667
57459
27666
56209
49042
39417
29916
21500
12667
15625
15000
7584
12250
14167
13542
5583
12333
13584
6333
11000
7833
7875
7959
8166
13208
8292
11833
8709
11834
7917
13041
7292
12667
9667
11042
10959
11834
7208
10750
11875
7958
10708
11584
12917
13208
6500
12042
7958
10875
12000
7667
10834
11709
7833
10667
11625
7583
10834
11541
11625
12042
7834
10792
11541
11583
7750
10708
12042
10917
11625
11833
7792
10792
11542
11791
7792
10750
11875
12042
10833
10916
9292
10958
11958
12000
7792
10792
11958
11583
7708
10792
11583
11958
11666
8208
10875
11334
7875
10916
11500
7750
10792
12708
11292
11500
7792
10750
14667
5791
12458
9833
7958
11084
7917
20042
24875
16833
7334
10333
7459
9917
7625
9792
7000
9791
10041
6959
9750
10792
6833
9834
6958
9792
10666
6333
9792
9833
10583
6208
9750
10833
6458
27708
18167
8083
12000
7292
10041
11125
10625
10000
10459
10000
9875
9792
9792
6833
7084
7334
34834
32583
13625
13375
14250
9167
12959
13750
13333
16084
4750
15292
5750
11375
8084
10917
11291
11875
7417
30000
10792
11541
13042
12375
11791
11792
11459
12333
8500
12000
8208
10875
15167
13833
12709
12875
13292
13417
12791
12542
12417
12583
12709
12625
13042
12459
12542
13000
14291
14709
13959
9417
13542
13292
13292
13542
15375
13666
13542
12667
12500
12459
12667
13834
14458
13000
13583
12084
13542
15250
9500
13166
14958
9000
12500
12500
12708
12583
12375
15000
9041
12542
12458
12500
12542
14958
14166
12541
12500
12208
8958
12250
12542
12583
12416
12292
12416
12459
12375
12583
12375
12541
12458
12459
12459
12458
12458
12417
18292
9166
12625
12750
13083
10458
14000
13625
12916
13958
15083
13708
12875
12833
12833
13333
13250
13250
12750
12583
12500
12208
12500
12583
12625
12584
12584
12417
12500
13875
13375
14042
14167
13458
14458
12625
13583
13917
14334
13708
12917
12750
40333
68458
63625
47417
35083
23875
13125
8792
8791
10083
11000
12542
13458
4667
17667
12500
8959
7500
8625
8167
8292
138875
9542
12709
4625
11417
22459
16209
10500
11958
8625
11333
7667
10750
12667
14334
11792
12875
14459
5750
19208
38084
17125
12292
8334
17250
9333
11583
35125
29583
53666
45875
34000
22250
11583
8083
11292
7750
10917
28792
48958
40875
26459
9209
15416
14375
13958
12208
14917
10542
15542
11000
12375
13167
13041
15000
14083
8834
93416
14625
17209
15500
12833
25250
13750
6500
12958
9125
14833
11084
16666
10542
13833
14208
9125
12417
8875
12375
12250
12542
12208
12125
12167
12541
9875
14042
15291
8917
12167
12167
12459
12375
12167
12250
42583
45625
56958
40750
42542
21917
24250
25083
24500
23042
22958
23375
17417
26708
14583
24000
23500
22917
22917
23084
22833
22958
23000
22833
24834
23708
23209
23125
23000
23125
22667
22792
22792
23084
22875
22708
23125
22833
23208
22833
23042
23000
22917
22916
23334
22958
22750
23291
22875
23083
22833
22750
25333
24750
41625
33500
39292
57584
81458
54709
39417
41292
22167
25875
15125
8708
12625
13250
7917
12166
8916
12208
12250
12334
12292
12875
12125
12958
11958
12208
12084
11042
7083
12625
12750
23917
32625
21500
7833
13500
6042
12208
13250
13250
12959
12500
12291
13084
13167
12250
11958
12042
12041
12083
12042
12125
12209
12375
12000
12167
12000
12125
12041
12083
11959
11917
11875
12125
12125
12083
12041
12000
12125
11875
12084
12041
11958
11542
9125
12417
12208
12083
12000
12000
13791
13042
12125
11958
12167
12166
12083
12167
12083
12042
11917
12041
12000
12000
11959
12083
12041
12083
12042
12209
12000
17333
14666
13417
13000
12041
12125
12166
12291
12167
12166
12125
12083
12084
12167
12125
12000
12167
12500
12042
12208
12083
11959
11666
17708
16375
21667
18834
7167
12791
13375
13083
18583
12583
16166
8833
12500
12458
12334
12375
12125
12750
13459
12250
12125
12208
12208
12083
12416
12042
12167
12792
9750
13792
14250
15125
12333
12292
12083
12333
12084
12250
12208
12042
12125
12292
12167
12125
12292
12166
12375
12209
12125
12292
31750
59709
51416
39083
26125
16459
5708
11542
8167
11375
11042
11292
10750
10708
11417
10875
10875
11375
11042
10916
11542
11666
10833
11625
11542
10792
10667
10667
11083
11000
18083
13458
4833
10916
11041
10791
10833
10750
10708
10833
7750
7500
7750
11000
11208
10791
10833
10708
10791
10708
10833
10709
10667
10833
10834
10875
10750
11459
10792
10708
10708
10875
11208
10917
10792
10875
11333
10792
10792
10750
10750
10834
10750
10834
10667
10708
10875
10917
10750
10750
36875
77542
72041
60209
49375
40125
29083
19542
9750
8041
12667
14458
10459
12000
7625
10542
15167
6958
10500
8500
6791
10375
10292
10875
7167
10875
12375
11750
10750
7958
10334
14667
5792
12166
11000
10875
7166
10625
10584
6833
10583
11750
15250
5792
183875
65833
14667
7291
10375
7083
32667
42709
30166
15625
10958
14666
5292
15791
9666
13125
9083
13042
12834
13208
13416
13750
12875
13375
13500
13708
13458
13500
12958
12542
12667
13250
14417
9208
13792
14208
12542
12625
19625
10916
14292
8834
14833
9750
12084
6583
11584
8166
12666
9000
12541
7042
12625
18917
19625
10917
7458
11708
4666
11416
18084
15291
17625
18250
31166
17875
14167
15542
5834
13167
9458
12417
15250
9291
26833
53875
47292
46583
55791
47667
90459
42041
36958
54917
55209
88459
72209
46875
20917
24292
19500
22375
23792
17500
22958
23334
22000
24875
22125
18125
22333
24208
15583
21875
21916
21792
25125
17250
21834
20375
13166
15541
12416
15875
9625
13084
14083
15500
13417
37125
19166
5000
13333
8792
12167
8000
11958
13125
8459
11791
7959
13917
13334
18750
9875
14000
7375
13000
3625
12667
6208
12458
7541
12292
8417
12542
16666
8083
14625
8958
12375
7167
15041
7708
12583
9875
16250
7875
13792
7167
12250
13833
8625
12333
3500
12292
8333
12666
7125
12584
8458
14125
14583
8542
12042
7791
11708
7208
11917
12541
12625
12833
12500
11709
13125
27708
53042
46125
37083
27666
19000
9917
7792
10667
7459
9458
12125
11709
5750
19667
24583
16000
5916
10542
6917
10250
7125
10167
7125
10250
10333
7375
10167
10333
10834
10958
11083
10834
11250
10958
7042
10417
10791
10833
6916
10166
10875
10125
10792
10167
10750
10875
10375
10166
10833
10125
10750
10375
22542
32834
23958
53833
41458
20166
45958
41416
33875
26334
19583
10792
4000
7709
2583
55125
86958
68834
45125
20500
24042
16084
22584
16125
22625
22333
23458
21541
22875
22084
23125
23208
22541
21584
21583
21625
21583
22250
16125
29041
23792
25875
16500
20042
13291
21584
22042
24833
23500
23041
22500
21667
21667
21625
11125
21833
30334
17916
21792
23292
23000
22625
22166
22333
19958
18292
17208
45833
33000
12250
24542
24875
9375
22417
17292
22792
22708
24958
17625
26375
24125
23458
23917
23458
22583
22041
22417
17666
18584
20000
25250
21209
17334
15042
6292
53375
18959
13458
18208
10459
14625
15708
10042
14500
14875
15042
10208
14500
15375
15042
14958
15083
16125
19167
6666
14208
9709
14708
15333
10333
14458
15083
16333
9875
15167
14750
18250
8291
16584
6209
13667
9792
13375
14000
9417
14000
19375
39958
102958
100042
86666
72333
61250
29500
16833
5500
12208
7958
11750
13042
7459
11500
15083
4583
11667
12584
8333
11625
12666
40084
73042
64666
51083
38416
28125
16000
53875
47917
33083
55292
78959
59333
33584
14041
21917
11333
24208
25084
23500
23583
23625
27292
10375
24542
25500
18875
33458
20000
20916
12375
23875
25833
23208
23250
23042
23000
23041
23208
23291
23166
22833
22750
22875
23417
23041
22791
22958
22792
23125
22875
17625
28084
25542
24875
23167
23417
23000
22792
22792
22709
18500
23209
22917
23042
23166
23000
23000
22875
22791
22917
22458
22792
23083
22875
23000
18583
35375
11916
22917
22875
22875
25208
23125
22167
13875
13750
14000
10083
13750
13958
13792
13916
11417
13958
13959
13917
13792
13750
14208
13875
14125
14000
13875
13792
14000
10583
13833
13917
13834
13875
13875
13916
14041
14208
13750
14000
13875
13958
10292
13916
14209
32917
58667
51417
41458
31916
23250
13834
4625
10250
3750
9000
9209
5917
8958
5833
8834
5750
8833
10041
5791
8791
9834
5584
8750
9666
9959
6292
8583
5792
8709
9500
5584
8750
8708
9375
5584
8625
16000
9250
11250
25875
18375
11042
3000
8333
4875
8250
5125
8708
10417
46209
21833
24500
14875
7958
12084
8417
12292
8667
11667
13208
5083
12042
12792
13167
13083
13167
13292
13041
12625
13125
12916
12833
11875
12292
12750
12541
12791
12833
12750
12375
12500
12583
12375
11917
12333
12583
12542
12333
12625
17125
4875
13125
8000
41250
84167
79875
67958
44417
32084
20500
9250
9833
13459
9250
10542
8333
20416
19083
10958
8291
13542
5541
15416
13375
5292
12416
12708
7541
11542
11583
12334
38833
81125
74833
62542
49625
37625
24334
12333
8208
12042
8167
11833
11708
12500
12333
8250
11542
7500
14750
11500
12250
9042
11833
8125
11500
7708
15667
4583
10875
8166
8750
13083
4333
11834
7542
13667
8208
12708
8416
11417
8333
11500
12167
8833
11541
12083
8000
14709
9333
13875
15584
7917
13209
14084
8250
11750
13833
16292
8792
12875
8500
11917
13833
10375
13500
9250
13709
10584
12959
8291
11917
12458
8291
11541
12625
12708
12958
8458
11542
12209
12584
11709
12292
12875
12583
15625
4917
11959
15834
5000
13791
8375
11625
12083
12625
12583
12083
12250
12541
12667
12791
8375
18459
23125
28125
25917
25083
45042
95792
86750
68417
50125
34500
18291
17500
17500
23042
11917
21125
15166
12542
17291
12625
19375
17625
50000
51000
40250
42500
52709
51750
74834
55542
32166
41584
41250
47292
38333
56375
47959
63834
40917
53708
42750
51000
31250
19292
22500
22542
22083
21542
21209
22625
22458
21917
21958
21333
21708
21375
35750
55208
38166
17916
21959
23333
16875
39625
43500
50250
32084
19625
23541
42875
25709
39375
36292
32792
33084
17583
18166
13333
17375
17458
13167
13375
22750
19584
18417
17584
17417
17125
17250
16834
17083
17375
16917
17291
17000
17458
17209
17084
17125
17250
29042
8500
21292
13625
18875
10625
18000
13209
21875
11292
17209
17959
15458
18291
17667
21000
11958
18625
12083
17292
20917
23042
18000
18208
18250
17500
17333
17375
25709
30166
20333
20166
16375
18792
13625
24750
8083
17292
24750
13959
19709
19916
21125
13916
18875
18375
19000
12250
17666
17583
17584
15709
20084
22916
19833
17209
14084
13958
16375
16583
36125
19833
23583
16458
24083
24667
23459
23291
23166
26000
25792
23792
24333
24041
23458
26167
18875
23375
22834
23958
23542
23209
24500
23500
23375
26166
28166
27667
18083
24125
18167
23167
23583
23458
23250
23083
22875
24750
26334
23458
23625
20583
18042
23583
24125
27750
24667
25375
20583
23500
30125
9584
24833
24834
18125
23709
22750
23083
16458
42167
33542
31000
19958
21541
30792
73959
24709
53416
15666
13458
14084
20541
39959
31541
21500
12166
13458
7083
8958
11666
18708
33542
72417
64958
53084
41583
30458
17750
7041
13333
6375
11625
12125
8042
11166
12000
7167
10959
11750
7416
10791
6542
10792
10959
11458
11625
6459
10625
11208
11666
11708
12125
11959
11875
17958
7125
12208
7875
10750
11375
11833
11709
11666
12833
11542
10791
12291
8000
11875
17083
12083
24792
29459
22958
12709
7250
8625
14584
9000
11833
4459
11250
12625
7666
10916
7583
11083
11958
11167
11917
18166
6625
12042
8250
11000
11542
11917
7583
10958
13500
12833
10959
11375
11709
11792
11459
11875
11625
11667
11625
10875
11333
11792
11584
14125
7875
12000
7375
10875
10958
11625
10708
10833
11291
11833
11667
11625
12375
11709
11375
11333
11708
11000
11333
11542
11209
11708
11791
11500
7500
10958
11541
11708
10792
10833
11417
11709
11833
11375
11500
11583
7916
7542
8083
11000
10792
10792
14375
17708
9166
7750
11666
4500
11625
9083
11500
12917
7833
11375
19917
7000
12167
12166
13292
7667
11459
16292
9459
45708
55792
52708
27875
28000
32709
24458
28334
24917
27459
23875
27583
17958
9291
12083
6291
11750
7500
16667
6667
11709
8083
11459
7791
11541
7833
11291
7875
11541
11459
12291
7625
11084
7708
11292
12542
19583
60625
55958
9667
33917
56958
82083
52875
55833
79292
58416
33833
12375
23500
23917
18458
23875
24125
23167
24834
23000
22875
23625
22625
22875
22500
22750
22875
23458
22833
23541
22542
23000
22583
22833
22958
22791
22875
22709
22625
22792
23083
23166
22708
22792
22750
22959
29750
16833
34917
26958
17334
15083
14041
13958
13750
13750
13917
14583
13791
13792
13792
13667
14042
9833
13916
13791
13750
14000
13834
13917
13792
14042
13792
13833
13917
13917
14000
10083
13750
14000
13833
13792
13916
13834
14041
13833
13750
13959
15125
10416
17000
15791
14125
14000
18000
16416
16083
18541
16833
8208
13625
14250
14375
17125
13708
15084
16750
14625
14084
49000
63333
43000
10583
40042
36292
14208
23583
23292
44125
32375
11958
26416
33458
17459
24542
26334
31917
33750
13417
21083
19333
24833
19042
32959
32208
26208
31625
14500
22500
21958
29375
40583
43291
21083
24292
17542
23917
23792
29375
13833
24916
10041
24709
23584
23500
23417
23750
56292
85292
66042
42709
18125
22792
17041
21917
22708
16583
21791
23625
22375
22292
28417
42083
85375
77792
65208
51459
39125
23375
7750
14083
9584
13250
14125
14083
14042
13959
9750
12917
13334
13417
9417
12458
10292
11959
13208
13916
14333
13292
13667
14167
13208
13209
9083
14042
14250
57959
30042
22958
23250
15292
17000
19500
38292
32500
25334
21375
31083
74042
58708
50625
41333
32208
22375
48292
11209
3916
10167
2959
14250
13750
7125
7166
11291
6958
10875
7417
10583
3250
9875
7584
9834
6000
7291
14166
8375
6916
11541
5083
9917
28000
20125
20750
6750
9708
6833
9625
5625
10000
10833
5750
9709
6083
9667
6292
9500
6125
9625
9750
19833
6458
18375
49083
45250
34000
26750
18667
8792
7500
8416
10834
9417
6708
9417
6167
10834
2625
9375
6292
16917
7500
10208
5167
9416
6208
9625
5875
9500
5875
9250
5917
13708
17417
11625
3333
9667
4959
9417
2750
9291
6042
9083
6083
9125
6667
9125
5334
9541
10416
5750
8958
6166
8916
29916
40584
29500
20709
40750
87875
40042
70625
22750
43292
88375
80375
64750
47417
30625
14875
15375
12709
14375
14375
39834
79125
75333
61209
44583
24583
9083
16459
12417
14500
16958
16667
13125
19167
9917
14291
17958
13125
16250
15792
15458
15000
15834
24083
10708
12292
16542
16125
8625
13791
15208
20333
6583
14291
14417
14125
13959
16459
15250
15834
15666
13334
14041
14375
14083
13875
14416
14208
14167
14125
14000
14250
14000
14042
14167
14375
14083
14125
14250
16250
15417
13792
13916
14042
14084
13917
14208
14083
13958
12708
15292
15542
13709
14125
13792
13917
13875
14375
14042
13875
17125
17125
6083
16083
18833
20125
23083
11625
15959
5791
15708
48792
30416
39208
27750
13791
15875
10583
14166
14875
9417
13875
10458
15291
14125
10292
14041
14875
13792
13875
10084
13917
14083
13917
14125
13833
13917
10666
13917
10250
13916
14000
13792
13792
13958
14209
13917
15875
6959
14167
13667
13833
13917
13667
13833
13958
13875
13875
13750
13917
21708
11167
16125
16583
14291
14042
13875
42417
44084
86167
35917
64250
55542
43667
30708
20292
9084
23334
19875
40125
33958
26083
18334
13583
6667
8250
3042
9000
3292
8667
5041
7542
4834
7583
4708
10083
3458
7542
4542
7625
7959
2667
7542
8542
4792
7458
4667
7500
4750
7459
8584
8333
4666
7459
4458
7417
8500
4667
7500
8417
4750
7334
7500
8375
4833
7500
8375
4583
7417
8333
4792
7458
8458
20416
8959
3709
8542
3875
8250
2583
7958
4750
7833
4541
7875
4292
7917
4959
6750
11208
3875
7167
4458
4125
7084
4750
7167
4291
7166
8209
7875
4375
7084
4250
7084
8042
4416
7375
4334
7541
4458
7125
8250
3917
7000
4708
7083
7917
4458
7125
8042
4375
7000
7917
4292
7125
8083
4375
7625
4083
7208
4792
8000
4334
7042
7917
4375
7792
4250
7000
7833
4166
7667
5000
7083
7791
4417
7166
7833
4333
7000
4167
7000
7917
4417
7083
7959
4334
7125
8209
4166
7292
7875
4292
7083
8333
8791
4791
7084
8083
4375
7000
8375
4125
7041
7959
4292
6958
8375
8292
3667
7042
7917
4375
7041
7833
4250
7709
3834
6958
7042
8125
4334
7542
4708
7875
4542
6667
10833
10166
15041
19084
12750
5334
8750
2750
7500
4333
7375
4334
7333
8375
4125
7209
4666
11833
5625
7875
4250
7250
4583
7292
8459
2291
7709
4625
7125
4417
7292
4500
7291
4167
7208
8042
3834
7209
4542
7167
4583
7250
4500
7167
4291
7166
7792
3750
7250
4292
7209
4417
7250
4167
7083
4459
7167
7875
3750
7292
4583
7166
4458
7209
4500
7208
4375
7542
4417
7375
4500
7291
4375
7084
4459
7250
4416
8500
4292
7250
4625
7167
4458
7333
4500
7250
4541
7209
4417
7208
4375
7292
4458
7209
4250
7250
4375
7250
4458
7333
4459
7250
7792
4625
7208
4375
7250
4417
7125
4458
7167
4458
7333
7292
4500
7209
4458
7083
4416
7166
7375
4375
7167
4541
7250
4459
7333
4459
7334
4417
7167
7833
4375
7250
8458
3875
7250
4334
29166
14000
13500
6500
10125
3625
8875
2708
9083
5584
8791
4667
9292
5125
8875
5333
8708
5750
8750
5500
8625
4500
8709
5625
8500
5375
8625
5208
8500
5667
8709
5500
8750
5417
8542
5292
8542
5542
8666
5625
8541
5333
8708
5250
8584
9292
5541
8584
5375
8583
5542
8667
5500
9125
9292
11292
16375
11625
2416
9541
5167
6750
9625
3125
9583
3125
7291
12417
9292
5584
8791
5708
10042
5250
8666
5167
11833
6500
12167
4375
10083
5458
8750
5417
6166
5625
9042
5417
8375
4500
8500
4541
8375
5375
8334
5625
8375
5541
9542
5708
8458
5375
8375
9625
5208
8291
10875
15917
10833
5000
10459
5958
9250
4042
9292
3042
8834
6417
8833
4917
8750
4667
8625
5458
8542
5625
8625
5500
8708
5458
8417
9458
4541
8584
5584
8375
5083
8500
5583
8500
5209
8583
9417
4417
8625
5417
8542
5292
8458
5500
8417
9791
4417
8667
51500
80708
64250
55875
92708
73250
48292
21791
16500
23250
17416
22584
15792
37958
79167
72542
61875
50583
40417
29042
18667
6791
11958
8958
13209
11000
3625
31000
78000
72583
62958
54625
46500
37583
29791
22250
13500
5000
27083
47333
35708
25375
34042
27458
56959
47209
35625
24791
15417
4959
11625
4000
11333
3042
10958
6417
10708
6291
10667
8708
11292
6708
10959
5958
11167
30292
56166
47250
35708
24208
13417
24875
31500
25708
42292
32250
20291
9625
7833
11625
3667
9750
12542
5125
11334
7416
10792
7333
10791
7250
10625
7541
10708
7167
10875
11167
26958
43417
33834
22208
10875
7459
11333
7500
10958
6666
10792
11458
7500
10834
7500
10791
7166
10709
6000
10792
7083
10750
10917
25250
21708
11459
13167
3625
12459
8042
12125
6875
10625
7209
10875
11958
7125
10750
6958
10583
12042
5833
11250
7084
13792
18416
10875
13333
5666
23875
24083
12959
7958
10791
6000
10542
7041
10625
6666
10583
10625
6750
10375
6833
10583
6833
10666
5833
10375
6750
10375
14000
6958
10541
7250
10542
5917
10583
7042
10583
6917
10583
10459
11834
7209
10459
11791
14459
9625
6625
11375
4084
10583
10292
11000
6916
10375
11208
11167
7166
10375
11500
6875
10167
11250
11542
11583
11542
11416
11625
20750
25042
13042
3125
11083
6458
10750
7041
10208
10958
7083
14375
4666
10666
7000
10167
11250
6959
10167
6792
11375
6041
10292
10833
11500
11125
10792
10916
11000
11250
11042
10625
11042
10125
10917
11083
11000
11042
11042
11000
10917
10875
11292
11166
9958
10792
11041
11083
11625
7208
11125
7125
10083
10791
11000
9959
10792
11084
11125
10958
11208
11250
6709
9959
60666
53041
49458
73292
54458
30416
9291
22292
17375
52542
75541
55750
31542
9625
22709
17875
22750
16041
22250
22250
29250
16375
34375
10959
22000
22708
21708
21458
21791
21583
21959
21708
21250
22291
21667
21417
21542
21417
21416
15417
17084
21791
21833
21417
21708
17833
25625
20625
26458
17375
22625
21500
21208
22000
27792
18334
23834
16500
16333
22083
24167
25625
23125
21291
21541
21625
21584
21375
21833
21250
21250
21416
16500
21666
21792
29291
16583
22458
22459
21875
29792
26167
16750
22417
24083
21875
25250
19875
24625
26291
8625
27250
23000
17709
21708
22000
25042
14625
23209
27916
11667
18959
22625
22708
22000
23250
16667
21917
22209
19625
23000
15292
21625
30500
18834
15500
57458
89500
56834
30083
59000
49042
36458
21917
8208
14917
8291
14125
4458
14334
18125
4666
14208
25209
8708
13333
9166
16042
7708
13208
14583
13458
14250
14500
9458
13208
9375
12958
13791
9458
44292
52292
30750
18875
24167
24167
24042
23542
23375
23542
23375
26583
23208
29250
23334
22875
23125
23333
23000
22875
24000
15375
23375
23250
23125
22917
23000
23000
25333
23500
23125
16667
23083
23042
23125
22833
22959
22959
18166
32541
23292
18667
24375
19125
25209
17875
22250
23833
26667
23000
22834
23167
23250
23084
23041
22792
17458
23250
22875
23458
53625
28834
38416
85167
80250
69167
56375
45625
34584
24291
13292
11375
6500
14084
7125
10333
6833
10458
7542
18750
17084
11542
3625
11083
8875
11000
6375
11000
9792
11333
6959
9791
9667
3167
9375
5875
11042
11333
32625
38042
39417
32875
22291
13125
5250
10666
8625
6792
6291
9292
9834
6209
9291
10083
5959
9250
3208
9166
7542
9125
6291
9708
6250
9208
9958
9125
9667
6250
9083
9083
10000
9916
7167
5958
6042
13166
11083
15417
13917
6334
11250
5709
11542
7000
10125
5625
10792
6333
10208
11292
5667
9292
10333
6958
10167
9500
10208
7750
10666
8959
12708
3375
10250
11667
7459
10250
11500
11292
6459
10041
11125
6459
9916
11208
6417
10000
10709
10792
11167
11625
5666
10125
10875
10875
7458
10125
6917
10250
7375
9750
11291
9916
6416
9208
9875
6292
9083
9292
9625
9250
9875
9792
11458
6542
9958
9292
10125
9875
25458
51000
41167
27458
14208
10625
9250
12666
5916
12208
35458
29459
37459
58958
40917
43000
32334
27917
18500
23292
23417
17750
24875
23542
23416
23000
23375
23708
23500
22750
22917
23042
23292
24542
48583
27916
26334
57584
93541
37666
46417
52042
14417
10792
13584
7792
3917
12250
13667
7834
2458
6959
2958
8166
2334
6833
3292
6875
7417
3042
7083
3667
7083
3833
7167
3625
10959
6500
7208
75917
17625
43916
38125
30291
22459
15666
8041
4500
8291
3500
8250
8875
4875
7917
4125
7833
4333
8250
5209
8375
47000
92667
88333
76083
55917
84000
73708
54792
37000
20334
13292
14291
13333
49250
62417
42833
20833
48750
66083
15000
15750
34583
59667
37875
57125
74375
34667
53458
50709
38792
30292
33709
30125
61708
54375
43292
32250
22667
12333
8167
13458
7375
11875
8209
12459
3916
11750
8292
11583
59417
43625
40292
51500
38083
18875
17125
30792
54292
29792
33541
30791
13625
23167
16333
20458
8958
22417
17167
21583
16583
23375
16292
21500
16542
25208
12375
21958
16875
28458
17959
21833
21584
21333
21083
21208
21375
21416
21375
21000
21291
30416
9417
22334
21958
21375
21167
21417
21209
21083
23542
16833
16125
16042
17167
15958
16125
15958
15708
16041
16000
15875
15792
15708
11583
19083
16083
16833
16084
15833
15833
15833
15959
43542
64959
44167
19625
23083
23917
23750
15208
22041
22209
21709
24292
20334
14667
12083
22792
15541
22042
16750
21875
14833
21625
23709
53542
84208
43834
35000
14833
55667
90583
74375
49375
24666
17125
22333
17000
21917
21333
21792
20667
22708
21625
21458
21459
21792
52084
54834
41875
53541
40625
40583
28417
58375
45250
56625
41917
39000
52875
61041
55083
58166
56958
55500
87333
69584
45541
21209
23458
27791
17042
21875
23333
15209
21875
15458
21583
22167
22542
22459
21958
21917
22083
21875
29542
9417
22167
24875
21500
25584
14667
22000
22125
21834
21666
21833
22125
21625
21584
21583
25500
23958
22334
22250
21416
21792
15667
28833
23000
25042
15458
22000
26417
22958
25000
16250
21792
21709
55125
55334
86375
67791
44625
18250
22709
16625
22083
21875
16916
17125
22333
16791
21834
23208
23542
21792
21542
22083
21166
22250
21500
22125
21333
21916
21625
22166
21708
55458
87167
69209
44291
20958
17167
25750
15541
22125
21958
22250
21958
22166
21708
15750
21584
14709
21917
17000
21500
22250
21792
21833
21625
21667
17666
22583
22500
21750
21542
21542
21709
22709
22042
21834
21875
22084
21666
21500
22542
48000
26042
26292
16542
22042
21833
21625
21625
20083
23000
23959
22042
21958
21917
21667
21583
21709
21333
17625
22667
21625
21625
22000
21583
21750
21750
24584
22167
22000
21708
21459
21334
21792
21625
21667
21500
21833
21833
21875
11958
9750
9750
13542
13708
14084
24625
17042
21667
21916
21250
21916
21541
16792
24458
22750
28709
11250
22416
21875
21708
21500
21500
21333
21625
21542
21375
21375
21542
21750
21958
21542
21916
21417
21834
21833
21542
21458
21625
21708
21958
21750
20125
21584
24750
25041
35250
31333
59042
52583
51750
44208
55667
54000
74666
45458
22500
24000
16792
22542
16792
21667
28542
19041
22333
22792
21542
21541
21584
21875
21875
21583
21625
16458
21500
16708
21416
21792
21458
21667
21584
21542
21667
16292
22667
19000
21541
21583
21500
21750
21583
21708
21833
22084
22792
22041
21500
21208
21500
22250
21375
21792
21542
21667
21583
21792
21667
21833
12208
22750
22041
21500
21333
21250
21625
21875
22083
22042
21708
21667
21875
22042
21625
21125
22834
21708
21666
21500
21375
21541
21792
21375
21625
21833
16625
28500
10334
17875
13042
13250
13375
14083
14375
9542
13167
13792
13125
13250
13875
14000
13084
14000
13084
13791
13334
13375
13291
13250
13292
14000
14375
13000
13791
13250
13250
13041
13917
13750
13000
13250
13834
13250
13042
13584
13958
14583
9833
13125
13083
14125
13375
14000
13625
13834
13667
13917
13500
13917
13375
13583
13166
14083
13458
14042
13125
13208
13166
14125
14000
13375
13167
9792
13167
13458
13292
13416
13125
14083
13084
13333
13333
13459
29291
18167
22291
22084
21875
22416
11708
27166
20792
23833
39834
38458
37083
30291
10791
22958
17208
22250
22833
22583
40916
46625
34667
26750
20125
22167
22458
31000
48875
68125
39584
55792
55292
52916
43375
53292
33542
10958
24125
13417
22250
17500
22041
22792
23459
22541
22291
22833
23250
16459
21917
22708
23167
42916
28375
19208
52166
41208
28333
66959
67208
59916
46959
25208
23542
16834
22125
22667
22917
22500
22334
22750
22333
53208
50458
86583
87208
57583
34542
22333
14334
17417
10125
15041
9750
17875
13791
4750
14750
10792
14542
16334
16125
6750
14166
12917
18459
10583
12917
10417
10333
14083
9084
13333
9792
13709
14250
15959
14334
11917
10167
13542
22208
10250
14667
15458
6292
14375
13417
14583
10833
17750
10125
13250
14375
19375
18083
12292
15083
14459
14292
15042
16083
10083
13166
14416
14750
15791
13875
6625
13375
13583
16125
12292
15917
16542
9750
13209
14375
14500
14000
13333
14083
14333
14084
14125
14125
14125
14209
14209
14416
14000
13375
11750
13875
9583
15000
16250
9959
14625
15625
27833
55375
87125
69875
46250
22125
17375
22500
15167
21666
22375
22125
36542
28750
21416
56833
38833
26916
43917
54250
94875
78958
55125
32625
11584
663334
668583
638625
570167
554458
535542
526541
560417
558667
549500
540833
532250
523916
707167
708750
701250
689334
674333
665250
656791
647500
638542
629667
620583
611458
602084
592667
562292
543833
441417
402375
390166
380167
371209
360625
351375
330375
257042
207625
182916
23167
34583
26917
13167
3708
9750
6791
9375
6458
9291
5750
9417
10125
5834
9375
10000
5708
9333
5666
9167
6458
9209
9334
6500
10417
6500
14500
14042
13416
13291
15042
12459
13417
13291
13083
13042
13167
13166
13916
14000
14083
14292
14125
14125
13250
13958
14042
14125
13750
13916
14000
13833
13625
13334
13041
19958
12375
14125
9500
13208
13292
13917
14167
13667
13333
13917
13334
13250
13791
14125
13875
13333
13750
14042
14000
13917
13917
13167
13500
25250
43792
38167
28292
56166
86875
69584
44917
22750
16542
23000
23125
23291
23792
22708
23000
22708
22959
21791
21959
21583
21916
21458
21541
22000
21500
21750
57625
71209
42458
46875
55875
57042
51917
37250
38500
28917
11083
22209
16709
21750
23833
22208
22709
22250
21917
22000
22000
21583
21792
21542
21500
29958
9041
22292
17250
25542
24167
23417
30209
16708
23375
16334
43834
49917
26125
17750
22208
24125
16958
21875
22375
16292
21542
22041
21958
22250
22042
22250
23917
75083
62750
44459
23084
68375
51250
30875
9834
34000
12083
18667
19084
23917
17792
26000
17083
19458
19583
17708
23833
11375
23458
23416
23958
24792
28458
23584
24459
23375
16917
23958
22958
25250
24125
24416
9833
20500
22958
23458
22959
25875
17792
22459
23125
22166
20417
23542
16375
22375
22708
22458
22917
17042
17125
38042
28375
11583
22292
22792
22375
22083
21917
21834
21542
21583
21542
21250
21458
21458
21458
21750
21750
21166
21750
21625
21625
21958
52583
65458
46500
22791
15625
22250
16959
21834
21792
22125
21542
21292
21750
21916
21583
23291
21750
21500
21875
21541
21500
21542
21500
21750
21625
22417
23708
22042
22250
21792
30458
17917
22709
21500
21917
21542
22042
21417
22583
21666
21541
21583
35875
17292
22833
23000
22167
21417
22209
21250
21625
21625
21916
21625
21750
21333
21958
21333
21625
21209
21500
21459
21375
21625
22292
51208
68417
49167
25833
16792
21958
23541
23291
22125
21500
21459
22042
24333
30041
22584
21833
22083
22000
22166
21458
22125
22459
22083
22083
21500
21583
21959
21959
16709
24541
11125
21542
21625
22416
23125
28209
18000
22708
21750
21458
21708
21417
21666
21333
21625
21625
21542
22125
21667
17292
16959
21750
21791
21333
21417
21916
21625
21834
21583
21708
21833
21375
21583
21916
21583
21416
21500
21750
21833
54375
86667
68416
43458
40542
22958
36375
21500
24084
17167
23166
24709
23208
22959
22917
22916
22833
23333
23209
22833
23125
22750
22791
22750
23708
28500
17708
23125
23208
22917
23250
23000
22875
22916
23334
22792
22833
22584
22917
23250
23334
23209
22667
23041
23250
22834
31500
20916
23500
23083
23291
22750
22916
23042
22875
22916
22833
22875
22875
22958
23125
23333
23083
22792
23209
22500
23083
22917
22792
22666
23000
22834
23083
23084
22917
23042
22625
22958
23083
23000
22791
22959
22834
23041
22583
22958
29208
33500
30583
19250
23708
23166
23250
23458
23250
22958
23583
22833
23667
21375
22666
29250
24458
22958
23791
22750
23209
23042
23166
23375
23000
22958
22959
22750
23083
18166
31125
29708
19125
23375
22958
23000
22750
22917
22791
22916
23375
25542
24708
18125
23000
23041
17250
22750
22792
22750
22833
22875
22833
22959
22917
23042
23083
22791
22791
22917
23042
17708
21042
22958
22917
22625
22917
21833
23083
23166
22959
22791
22917
22959
22708
22958
22959
22125
21375
23333
24833
10917
14375
14083
14417
28417
25166
22875
23042
22958
23166
23083
22916
23125
22750
22959
23208
22708
23167
22875
22875
22917
22959
23125
25667
30583
11208
23625
23000
22875
22667
22917
23083
22709
23000
23125
23167
23125
22875
22750
22792
22917
22875
22709
23041
23000
24041
23250
23083
22958
23041
22833
23000
22917
23000
29291
27667
52833
35708
55875
82916
59167
45416
38125
18291
24875
14417
22334
17166
22291
54375
57375
79750
58709
35667
13000
53708
80750
62375
37750
14083
25625
24625
56208
70500
49083
25334
24834
24709
23500
43250
85875
58417
55791
65291
44375
57458
37459
14792
22416
17125
22125
22125
21708
21542
21917
29958
13333
22250
24500
23459
22666
47875
25209
22083
22084
21333
22209
21750
21750
21709
36416
36125
17791
23625
15584
21833
23250
22875
22250
21833
16458
22750
21584
21709
21541
22000
23625
23042
21250
21417
21750
21416
21875
21375
21667
21708
21458
21417
21458
21416
21792
21458
21708
21416
21583
21458
21334
21542
21583
21375
21458
21500
21250
21792
29709
24166
25209
16875
21792
60167
83167
60167
31667
47375
61208
49791
58833
47417
45583
57916
55750
41625
33875
40709
46625
56666
56459
55250
53500
42666
36833
19625
29875
25291
22875
59000
42542
44625
33292
20709
29209
18917
26083
15125
24333
15291
22167
24667
23708
18000
25667
10917
23417
24375
12334
23500
23041
16917
25584
22333
24000
38125
22958
22041
24750
16875
22875
16916
22000
22625
22291
22125
22125
23166
21959
22084
21792
22209
22042
24791
17208
23750
15959
24000
23625
17209
21958
22375
22000
22208
24625
25167
21458
24583
17709
21459
24417
25583
16250
21625
23042
23166
22833
22000
22083
22084
23584
16542
23958
23708
24084
22625
22167
22250
21917
21500
21750
21833
21500
21541
21333
21542
21584
21583
21916
22084
21792
21833
21833
22416
21833
22291
24334
24958
7250
16375
21125
16291
11333
13792
15750
6500
14625
16417
6792
14125
15125
10166
14958
26042
12541
14833
15708
10083
14667
15375
16125
15833
17250
58583
59083
92083
49917
82209
62583
38500
15375
24583
19333
22708
23458
15458
22084
22500
22583
21833
22250
21959
22000
22791
21458
21333
21333
21500
21916
21542
21584
18834
23750
27833
11917
22417
23083
21875
22042
22208
34375
12000
21542
22250
21333
21625
21542
21708
21708
21625
21959
10958
25417
19125
26667
13125
13417
13459
13917
13417
20792
9333
13333
13209
13209
17958
12958
13334
13250
13083
13750
13333
13083
13166
13041
13042
13833
13291
13000
13000
16125
14041
13833
14834
32208
14750
22083
22208
22125
21750
24208
16333
22208
21959
22042
21875
21500
21334
21375
21417
21333
21333
21792
21417
21458
21333
21750
21417
21500
21167
21292
21417
21542
21334
21500
21250
21458
21750
21667
21417
21500
21583
21584
22125
21583
21625
21416
21500
21500
21500
21292
31084
23875
23083
21916
21750
21375
21584
21334
22125
21250
21709
21375
23458
27167
10708
13167
13083
13292
13792
13375
53333
64250
62792
52792
87334
69542
43458
20000
23500
17500
22250
16500
21625
21375
24708
55750
91458
37875
38209
46917
55666
80084
59500
34958
12375
26666
19041
19125
12666
22709
19500
23208
52834
93500
75500
53791
23000
68333
33584
32375
14583
22125
22875
22792
22042
45084
30875
25250
26125
10500
21791
22208
22375
21709
21958
21417
21459
21833
21625
21500
21708
17792
21458
21708
21375
21666
21459
16458
21958
21333
21125
21167
21209
21375
21333
21292
21167
21375
21333
21542
21375
21250
21250
21542
21458
21250
21166
21375
21208
21375
21750
21542
21250
21625
21291
23625
25334
12917
20125
11584
13541
13084
13291
12959
13208
12917
13125
13000
13042
13000
13583
13209
13125
13167
13917
14000
10792
13167
13541
13042
13166
13000
13166
13250
13417
13125
12875
13084
11125
13166
13250
13042
13208
13000
13166
13042
13500
26958
25291
15709
22166
26791
15916
21833
20417
41750
46333
24709
17167
22000
22208
22250
22083
23541
23125
21917
21875
21250
21791
21459
24333
30667
18916
24042
16541
21917
23750
16750
21959
37125
45583
24458
17500
22416
16958
21667
15084
21583
16416
21667
22875
22458
23375
22500
16709
21583
21625
21500
21500
21250
23875
32291
10458
26834
22417
24875
11084
22209
23583
15584
52750
55209
57875
96417
78458
53667
29667
21833
23500
16708
21916
22750
16375
22209
22417
24292
16417
21542
21833
21333
21458
21416
21292
21250
21792
48875
73292
39084
55125
88416
56459
88333
73041
48500
25125
19375
23708
15000
22583
55458
51000
88625
54416
90917
62333
90208
73042
48417
25250
25333
16875
22625
25416
31667
22291
19042
22125
23125
23417
22708
22250
17042
22167
22708
21875
22667
23375
34958
23458
20958
24958
25166
19625
17250
29459
22833
29541
9083
24500
8417
20542
23708
20459
19125
22834
16417
15000
13291
15375
13500
13625
13416
13208
13292
13333
13583
13459
13417
13166
14000
13792
28916
27125
27750
18375
20209
20000
42000
52875
90459
75958
50959
27167
18583
25667
18209
24209
23334
22000
23625
21917
21791
15083
21417
21542
33417
22875
57375
48125
45542
53333
56875
46667
57042
52667
77959
58583
33250
10417
22375
16750
22000
16667
21500
22125
21917
21667
21750
29042
8708
21584
21958
21500
21250
21500
25875
19834
19250
31250
13000
23167
19709
23125
22625
22500
21916
21709
21458
21584
21792
22125
21541
21250
21250
21167
21541
22042
21125
21916
23666
13250
21958
21500
21500
21500
23250
21750
23041
21541
21500
21417
21667
21916
21291
21417
21334
21125
21250
21375
21292
21542
19875
21916
21666
24000
22916
21583
24833
29125
8958
23625
16791
21542
21500
21917
21667
16291
21417
21584
21625
21666
21250
16291
21334
21459
21500
21416
21292
21250
23916
21875
21833
26250
24500
28167
8875
22125
21667
21541
21542
21375
21625
21459
21375
21666
21625
21500
21833
22084
29250
12208
22250
21791
21834
22292
21167
21292
21417
21500
21583
21709
54292
48125
56666
57875
75334
41250
56584
53167
83375
59250
41083
55417
53375
108458
94791
74625
53792
34250
15416
24208
20750
18000
23250
22542
16500
21833
25083
15084
21667
22459
14875
21625
23042
22209
16708
21625
16417
21959
16333
21584
23625
21917
16209
21666
23042
16334
21709
8875
21417
23166
22000
22875
25750
16166
18709
14209
9542
13167
8791
13125
8583
13084
9625
12958
14208
9709
13042
9792
13084
9833
13084
8708
13041
9792
13041
9667
13042
13041
9125
13083
9542
13292
15417
13208
9458
13125
14541
13375
14375
9875
13083
13750
15417
10917
13084
13750
9542
12875
14459
13750
9792
12708
14209
13000
12917
13166
14459
9667
13000
13958
13917
12958
14458
10084
13292
9667
13167
14500
8417
13208
9417
13125
14333
14125
5667
13292
9708
13041
14208
12958
14250
8959
13000
13208
9625
13041
17250
38000
53875
123959
61250
40458
92833
53250
95292
54958
41500
59709
46334
24792
52125
45542
38167
28000
19458
10167
6625
11875
6250
11333
7834
12458
5042
9791
5833
9750
6792
9833
6625
9750
6541
9792
6584
9709
6500
9666
6417
9834
6500
9625
53625
104458
86792
52292
27292
18708
23416
23750
22917
19792
24375
24000
23209
23083
23084
17792
22708
24208
24000
24167
24375
23417
23750
23083
23042
22959
23125
22792
22709
23208
22750
23000
20250
21584
14875
6417
10417
6125
10000
6375
15291
13042
6584
10917
12667
46917
44375
41250
21458
23791
24625
24834
24334
23666
24667
24250
24417
23292
25042
23250
23792
22917
23292
23625
23333
23000
23000
23250
23459
23250
23333
23334
26125
13958
23208
23667
23667
23041
23250
23083
23167
23625
23084
15417
11000
4250
11500
4083
9917
7916
9958
7833
9833
6875
10000
6750
9791
6125
9708
7042
9709
6667
9708
6709
37417
863333
922541
914875
904833
1806167
1916458
2245583
2246459
2238959
2228792
2220625
2208417
2199458
2205583
2245583
2241416
2233917
2223459
2214750
2236750
2230333
2221917
2211375
2161542
2115667
2105750
2096500
2087334
2097125
2090042
2081292
2072167
2063542
2039625
1975084
1965583
1956250
1947334
1938292
1929250
1920167
1911000
1901709
1892375
1879708
1897167
1888750
1880084
1870584
714958
690833
679792
669167
659458
648959
639917
630666
621417
610667
526167
510834
501333
491667
482167
472541
462916
204500
235208
88166
28375
54875
47375
74541
87083
79542
41250
32209
21791
14125
5667
86875
78375
68917
56084
22959
12666
3833
204208
202583
194709
186000
177042
166292
157333
145917
136834
337333
333417
325292
316333
292958
283417
273833
264250
251833
239708
193209
182833
173500
162292
153125
143875
134750
125500
86042
73750
62083
52292
42417
32125
22875
13250
4334
52625
8834
61458
56750
46208
37584
49834
53625
100291
91166
74333
61083
48625
33083
19458
5750
14917
15500
7542
14666
10375
14125
9667
14042
9709
13917
12875
24750
58750
55541
39125
57292
94708
80500
56667
32833
11292
24625
21166
30166
24917
30250
17708
24334
27666
14000
23625
24375
21000
23542
24750
23916
23916
24000
23417
23584
24708
25917
39167
89792
61000
104375
90792
67875
70750
75250
59417
42041
59958
44500
48500
42459
30209
61000
48583
42958
54708
44000
56167
53875
37000
58667
68000
34166
18208
23708
18375
23583
24833
35833
57750
57458
56833
42708
53125
46083
56875
39250
17750
22584
15833
22166
16209
21583
16250
21250
27791
11625
21750
16625
21875
14958
21542
16250
21209
22541
22792
21791
8459
58000
46792
107583
97500
55625
97542
83125
60875
38292
18667
31917
45041
22375
22000
23042
21708
21750
16625
21708
31792
17708
24167
18959
23542
22083
21792
22000
21708
21875
18375
9000
17250
21625
21583
21458
21625
21416
21458
21375
15750
21375
21709
21375
21375
21208
19875
21375
22875
22000
21875
22333
23125
9750
21541
21667
21917
21666
21583
21208
31791
14708
21958
22167
22125
21542
21750
21417
21625
21958
21875
21709
21958
21375
21291
19000
21542
22750
23417
22167
21250
21625
21667
21500
25041
28667
21750
21709
21709
21333
21625
21750
21625
21375
21500
21875
21375
21458
21375
21625
21541
21458
21375
21583
21459
21250
21750
21542
21541
21250
21125
21500
21291
21500
32833
17750
23500
13250
22083
26416
29375
23417
23208
25208
22584
23041
22042
21375
21375
21042
21625
21166
21166
23041
21416
21625
29875
23208
21916
25292
22417
21833
21250
21375
21792
21500
21458
22000
21500
21333
21417
21709
21458
21250
21458
21375
21417
21583
21750
21833
21375
21500
21625
24958
22041
25958
16709
21917
23250
22750
22000
21458
21791
21458
21750
21500
21958
21292
21250
21958
21625
22375
21416
21375
21250
21208
21500
58250
60292
33292
55417
54833
42041
48583
48750
60417
40417
16209
32542
18416
27958
18042
21958
23208
20292
22459
16875
19958
22458
28750
22542
17083
21959
22416
29167
27792
24459
24542
16708
21666
21542
21542
55833
33875
36791
36750
31500
30250
15750
22292
17208
21709
21709
16625
21958
27458
16833
21833
21667
21833
21875
30917
22875
25875
12084
22042
22958
22375
19084
25625
15250
21750
21917
21875
21417
21375
21583
21541
21250
21417
21291
21584
21583
21750
21458
21417
21458
21375
21166
21417
21209
21375
21084
21625
21666
21584
21166
16125
24958
16375
21542
16584
25584
22500
22000
21750
21583
21459
17625
21583
21459
21584
21167
21209
21042
21500
21250
21750
21167
21292
20958
23250
26791
18667
9625
13000
13125
13916
13209
10792
13250
13375
13209
13084
13000
13042
13125
13041
13125
13166
13250
13209
13125
13167
13125
14125
14000
13667
13208
13041
12917
13208
15584
14042
13917
13958
13917
14041
13084
5750
12750
14000
13709
13292
13458
9958
10458
14000
14125
13375
13209
13083
15167
14333
14042
13125
12958
13042
16667
13167
13333
13042
25083
24333
21959
21959
21583
21834
21750
21625
21625
21292
21250
21333
21792
21458
21125
21500
21375
21500
21333
21542
24625
21708
21583
21167
21583
20333
16291
20166
24750
22250
18000
25708
25167
35750
34083
12750
35167
78166
70875
59875
50334
41625
30875
22916
13250
3791
11209
4208
9417
7583
10000
3208
9250
5583
9166
10042
6208
9167
9292
9792
10083
6375
9167
9792
9166
9875
9833
10084
9334
9375
9334
6083
9083
9792
9292
31875
32667
11167
27292
19875
23250
23333
22583
41417
8833
22417
22459
22792
21959
22792
22500
24375
21708
26958
21875
22375
21667
21750
22834
22125
28375
15459
21958
23458
22167
22041
21667
22875
24667
24000
17000
21667
22125
32792
19792
21959
22334
22084
24333
16750
21625
21542
21292
21417
21791
21750
25083
25667
8292
10167
10667
10958
10833
11250
11084
29667
17208
22000
21500
21500
21709
21583
21875
21584
21375
21375
21625
21666
21625
21042
21334
21541
21584
21375
31291
12875
19083
40666
38333
76042
23541
32125
21250
8083
11791
9125
12667
8792
22084
14917
13958
5709
13042
8833
13166
9625
13375
15042
12792
8334
11583
11625
11708
12375
12166
12334
11625
11875
11541
11667
12333
12375
12541
11875
11750
15083
4958
13167
8417
11833
12791
12833
8417
12000
12500
12167
11791
12042
12250
12292
12167
12334
19167
34083
26334
16125
7333
7500
12792
13333
25959
7625
12041
12666
7500
11458
8459
11500
12833
12292
8625
10625
7166
10458
10750
10833
6125
7375
49750
35875
22500
12375
18166
7416
7459
11875
7084
11125
7916
11750
8167
10417
6416
10250
6917
10375
10208
10958
17541
7709
12125
6458
10083
10417
10084
10792
10167
10291
10875
7208
33458
71667
65666
51875
37875
27500
16292
3958
14917
4708
14291
17583
65292
99458
46417
48083
24500
48667
40417
87834
86167
75500
64750
54625
42375
36250
27750
17208
6291
12916
9875
11208
12666
59333
95709
74708
48209
23958
18000
24041
34208
25875
15083
11375
12625
13375
7083
12333
7833
10834
11708
11042
11500
7708
14292
7750
13167
8708
13708
12042
10583
7500
14250
11209
12167
7916
11083
10791
10916
13250
10958
8583
10875
10875
11084
19875
8709
11000
10791
11542
10833
10833
10833
10750
10792
10708
10750
11834
8458
11042
11500
11042
8209
8209
8375
11333
11958
10750
10916
11334
10916
10875
10792
10750
10917
10791
10750
10875
10667
55334
45417
52625
85375
59375
53625
56792
51750
78750
57625
71584
48750
22583
23791
23750
22875
23125
23000
25333
23084
23708
23250
23000
22792
22916
23083
23083
22875
22833
23167
23042
23250
23375
20459
23209
23375
22875
52166
54458
77209
36458
55292
32125
53125
54084
85250
65708
41208
13500
22208
16542
21750
21791
22167
21625
24209
21459
21458
21666
22875
21333
21583
21583
21750
21333
21417
21958
15875
21375
32416
9166
21792
21459
21334
21208
21375
21375
21583
21875
21458
21375
21417
21375
21291
21541
21875
22041
22792
22917
24791
19583
16875
23417
23000
21958
21792
21500
21500
21583
21833
16333
18333
21375
21541
21708
21208
21458
21291
21417
21459
25541
25667
23542
28125
22625
24166
20750
21875
16250
22917
23250
21667
21667
21500
21584
21541
21166
21458
21333
21291
21250
21500
21042
21334
21333
21625
21291
21417
21542
21292
21666
23333
23417
22875
21583
21250
21625
21333
21250
22750
21583
21459
21250
21708
24458
14917
21583
21417
21375
15666
21500
21250
21417
21458
30500
20083
21542
21500
21334
23875
24625
27667
14541
35042
21750
25625
18167
22375
16750
23667
17917
22542
15875
22500
22458
22416
22500
22250
22458
21458
21959
24375
17708
22250
16958
23166
31292
17375
22625
50250
100250
78792
52875
27125
17458
22959
22958
22042
21750
21916
22084
21500
21542
22584
23916
17917
22750
9208
23000
13334
22917
22333
23125
17042
22041
23625
16792
21875
21833
27625
24125
14667
23708
24000
29125
86292
33959
15959
22875
22667
22334
27292
29167
12792
24292
16125
21959
22834
21333
21500
21417
21875
21708
21750
21666
21084
21334
21416
21125
22709
22042
21750
21375
21541
21417
21667
26416
14875
21792
21625
21500
21417
21541
21459
24416
22625
21583
21459
21375
21375
21459
21542
21500
27666
25417
26625
10042
21541
22000
21334
21625
23292
21500
21459
21541
21416
21834
21500
21709
21666
25958
24459
8625
16458
16250
17000
15958
16125
16083
16875
16125
16375
16125
16125
16000
21208
22458
28250
25750
15375
21833
21750
21750
21458
21625
21542
21417
21334
21625
22000
21292
21375
30542
30666
20875
22083
57500
28542
56208
51334
63916
28917
27333
40458
55583
91583
70833
43708
14541
25792
17416
18625
24042
23084
22792
23750
22959
22750
22000
23291
22959
23083
22834
22750
22792
22708
23125
22958
22833
41000
32291
25084
26875
20041
24834
16959
27167
24208
18958
26375
26291
25000
24291
24292
23125
22875
22875
22958
22958
22750
23125
22917
26500
23417
22875
22709
28333
18208
23292
22667
23250
23208
22292
24417
23792
22875
16625
23125
22875
22708
22667
22834
22959
17416
25000
24000
22750
37791
16500
23584
23125
23083
23042
23125
22792
22625
22625
22959
23208
22750
22833
22833
22375
18458
23667
21625
24833
14250
92583
64208
37583
12000
22541
23375
29084
11250
11417
12583
9667
12959
12708
12958
11083
11083
8417
13042
5875
11708
13417
5833
11458
12166
13625
13625
8791
12583
13083
12709
12541
12041
12458
11834
11959
13459
12458
11792
11916
12084
11916
11625
11917
11708
12583
11042
13500
15709
17167
23583
23083
23334
23083
23083
23000
23833
18958
23292
23125
23167
22959
23333
22917
26875
10792
24625
17750
23167
25917
24709
23084
15208
15167
15542
15458
15542
15792
15542
15500
15625
15333
15625
15583
15584
15625
16083
12666
15000
15458
16625
15542
11125
40625
26833
13667
14208
30083
35417
18667
20083
8834
17000
17333
18625
24583
23041
22875
23208
22875
22917
23417
22917
22834
22917
23041
22750
22708
22750
48416
72167
49000
22458
24792
13334
23333
23583
17208
25334
14250
23417
22917
23250
22875
25375
22958
22625
22708
22750
22875
22917
24333
22667
22791
23125
22542
22666
22625
23042
23417
22792
22584
22917
27833
28000
24125
24333
22875
23209
22709
23000
23083
22750
22833
23042
22834
23416
22917
22625
22791
22875
23125
22833
22834
22917
23167
16708
23292
22708
57416
101042
83916
57166
25792
24875
24375
18459
23125
23375
23750
23500
22958
22916
22959
23333
22792
23959
23250
23000
23250
23125
24084
38041
58584
92750
71167
43708
17375
24167
25209
24917
23250
22959
23125
28208
18333
23042
23125
23000
23417
22666
22750
22791
38125
55791
94459
56041
111708
94250
71000
46667
57375
76083
56917
32375
10625
22625
16291
20125
21875
21792
21916
22375
23833
55625
92125
73792
48791
24083
17458
23791
22083
21500
21875
21500
23958
21750
21125
21458
21666
21250
21250
21666
21333
22375
22000
21625
21250
21417
21417
21333
21042
21042
21125
21291
21209
21542
21458
21750
21417
21417
21208
21292
21125
21209
21125
21250
32875
16083
54292
89583
70666
45167
21042
28834
21959
17584
22041
42084
94917
88375
74250
58667
45875
29083
15375
9667
14125
10125
16416
10458
33708
52625
74084
53792
30625
55583
39833
40292
87583
82750
71208
59542
49500
38167
24125
13458
6542
11084
11667
11084
8583
10375
29792
19625
18542
9750
8375
9042
18083
18000
9458
18334
11834
13125
11792
17459
13500
5417
12375
10125
23834
21417
21625
21292
21541
21750
17708
16417
22375
21542
21375
21459
21625
21625
15209
21583
22000
21542
21459
26500
17750
22292
17875
21750
28542
55000
61375
34667
67750
60583
48750
37042
27667
15083
4334
13875
15917
9708
11417
7834
10875
11583
7833
10750
10958
54417
72334
51125
24875
17333
32958
29500
16792
24500
24792
25750
23958
18417
23083
22708
17833
23083
23042
17083
23458
23541
23584
23125
22958
30791
25917
24250
23084
23083
22959
22958
22958
17542
23500
24792
18834
22875
23083
22708
22791
22708
22791
23084
22916
23542
23000
23000
22750
18750
23083
22750
22750
22500
22875
22709
24625
23042
23041
24833
23083
27375
18166
13792
13875
16208
14042
13708
13875
13875
10667
13959
13834
14042
13834
13750
14125
13875
13667
11417
13834
14000
13875
13875
16125
11250
10292
22584
14500
15042
15417
13208
12166
12250
12042
12250
12000
12084
12084
12208
12208
12125
8541
12000
12166
12250
12084
12125
12167
12166
12250
12333
12208
12042
12000
12083
12208
12042
12167
12083
8542
12250
12375
12041
13291
55625
79709
55708
27542
18625
23791
23791
23042
23000
23167
25709
23084
26250
16416
23667
24625
20458
23542
39666
115000
41500
17042
25834
25916
23000
21208
25542
27208
17292
24375
23458
23208
23500
23708
23167
17417
29791
17209
26417
25917
24209
23291
23375
23125
32125
27000
24666
23208
22917
23333
23208
23084
23083
26500
23625
23583
23208
23917
23125
24083
23875
23417
23750
40959
37292
15375
24625
25375
24708
25792
14833
31833
24209
37875
28625
17208
23583
23750
23333
23041
22708
28125
25000
23458
23959
23125
23084
22833
23125
17791
29292
22917
24125
26291
10541
23375
23209
22833
23125
22916
23167
22833
23041
23167
23000
23209
23166
30666
23875
26125
23625
29959
24833
25458
23125
22875
23667
38542
53625
88416
42709
85334
75667
58500
41709
27959
13167
15125
11084
14292
10625
15375
14083
13958
13708
13792
36375
57667
45708
30709
16916
5708
17083
16375
5625
12917
10083
13416
13875
8417
14666
15750
10625
13459
14709
10209
13167
13542
14000
10667
13667
15500
19791
14875
15209
10250
13625
9250
13833
13125
29959
11583
14542
13708
14333
14875
15000
15042
14875
16500
13334
11084
9959
13583
9125
12291
13041
12375
12333
12334
12291
12375
12125
12083
12250
12250
12250
12208
12375
12292
12291
12208
12417
12375
12167
14375
9208
13709
13583
14583
12250
12333
15125
9958
58667
131458
111750
79750
48875
24208
45041
83541
72250
55917
39125
25583
11042
31459
13334
16834
10625
20333
14459
14167
10125
15625
15542
10834
15250
8708
18041
17500
10708
14958
49042
16375
14875
14958
15458
15958
15625
16084
20584
14792
15917
15875
15667
15375
15042
15292
15416
16000
15834
15833
15875
17291
14333
17083
10208
14541
14125
14166
13917
14000
14208
14250
14375
10625
14000
11167
10833
16000
18000
9792
17334
6583
12792
12167
12250
12084
12417
12375
12125
12292
12292
12334
12209
12500
12166
12125
12250
12209
12250
12000
12042
12250
12625
12208
11958
12292
12417
12083
12334
12209
12208
12166
12250
12209
12208
12042
12416
11959
12084
12166
12041
12125
12459
12500
13708
14125
13125
34542
36458
43958
33166
55709
20042
31459
56250
60333
43250
59333
57042
37416
20750
30334
43084
36834
27917
31500
21166
36166
58750
54666
65000
40083
61584
40291
58417
57167
56458
108416
93542
71375
53416
35125
13125
19958
23208
15917
23708
16417
24417
25292
10583
21750
15500
24167
12667
22417
34542
13834
22916
15250
21750
54083
49250
55500
115833
57584
90500
71875
42458
16958
22833
16875
21833
15125
21834
16375
22208
22083
21750
21416
21750
21500
25875
22000
17375
21583
22417
21792
21375
22708
21833
21584
21625
21167
17000
17917
19625
19917
22292
23292
16417
26125
8959
21208
16333
21125
21458
21333
10625
20334
20000
25917
12458
21208
11375
10041
12750
13875
6292
12750
31875
2548500
2533625
2519042
2503250
2489041
2478375
2464959
2451250
2438166
2423292
2405625
2391958
2379583
2366625
3217833
3212417
3201583
3174042
3161666
3148708
3136041
3116125
3103167
3091083
3077459
3064042
3019917
3006000
2994542
2981750
2975417
2963042
2949917
2931917
2919041
2906125
2897625
2875208
2848584
2823166
2796292
2769833
2743417
2717875
2690792
2657625
2631333
2604833
2574750
2554334
2527083
2495709
6148791
6135875
6115000
6056458
6033042
6009250
5986208
5962959
5939375
5915583
31750
3216625
3203250
3180166
3155417
3132667
42916
42959
22333
23083
24917
13208
22458
17125
21791
22750
22375
21791
21666
22833
28042
24250
15625
21458
14833
21416
16791
21417
21916
21500
16458
21750
21500
24917
22625
21542
21250
21416
21375
21583
21292
21542
21250
16167
21333
21375
21292
21208
21416
22084
21791
21458
21458
21375
21500
21459
21250
9084
24375
23291
21416
21542
21333
21416
21250
21292
21042
21000
21375
21250
21209
21542
21792
21708
21125
21416
21083
21500
21209
21333
21208
55708
55459
86500
70667
46167
18167
25042
21916
16167
23292
24834
18041
22834
23958
23709
18916
22209
17875
587208
331500
304667
53917
14208
40583
21875
28209
17292
12750
14458
11333
13417
9875
13334
13334
14083
13333
13250
13000
13417
13792
13916
13917
13958
14000
13958
13958
13541
13417
13875
7000
17667
14083
7500
13584
13959
13959
13166
13125
13208
15042
12375
21583
21125
21583
21375
21500
21334
21250
21541
21292
21459
21416
21375
21834
21500
21417
21292
21542
21375
21792
21459
21625
21458
26250
22500
26500
16708
21667
21625
21208
21875
21375
21542
21708
21083
21333
21084
21417
21250
21208
21209
21417
21416
21500
21250
21291
21417
21250
21416
21334
21333
21708
24667
23709
13167
13000
13166
12917
13083
10125
13500
15458
11125
26625
12917
18916
18417
12708
18458
19791
58333
56416
60583
37792
19209
15542
8250
15458
37458
35625
32459
16625
23708
23667
23667
23375
22958
23625
26667
26209
28583
24375
23208
22917
22875
23167
13459
24416
21458
23167
23625
23000
23625
23334
23083
23167
17042
23375
24375
25041
25250
23791
22958
24000
24334
23625
23250
23584
23416
24750
23167
23083
23250
29250
14125
24209
24750
20250
18333
24834
27375
16500
7000
10500
11000
10709
12208
7666
9500
10250
10458
10167
10167
53542
94709
72500
44500
16958
26375
24417
22791
23375
23041
22833
23208
32792
14500
23541
23042
23042
23458
23208
23083
22959
23000
22834
23125
23000
22750
23000
22833
22958
22916
22875
22917
23084
23250
22958
22834
22792
22750
22500
27083
20250
23208
22917
23000
23209
22708
23250
23041
22917
22834
17750
22625
23042
16542
22833
25458
24250
22917
22917
23125
22792
23291
22667
22875
22666
23208
22958
23208
23250
14250
13750
13834
13875
13667
14042
13834
13750
14167
14042
13917
13958
10375
14000
14000
13709
13834
13875
13791
14084
14208
13750
15500
12333
15041
10583
13959
13875
56583
151000
141625
114041
78584
55417
28792
27833
11583
43417
91375
78417
62958
46167
31625
16084
11417
14292
14125
14292
24709
16083
11042
44000
49709
35375
52208
52625
49542
47834
30083
56333
91125
79708
57792
36875
16292
24666
11084
22583
17875
22875
26333
19208
22834
16083
21833
15500
22000
16667
21708
15083
20792
22958
16292
22708
16000
22708
16375
22459
26333
30083
17041
56209
46167
45333
58291
55542
48084
46625
38000
48125
57125
63584
35958
54375
88833
71959
47875
25541
11500
22750
19041
21666
11208
29375
15458
23667
8792
44584
99916
92375
78708
64917
54625
41542
17416
12208
16708
19791
17792
7792
13333
11042
14417
8958
13167
9250
13041
13375
9792
13459
14250
14042
8542
10209
9792
6375
15625
11792
14417
15500
10708
12125
12166
17458
11042
15709
6041
13084
8791
13000
8750
13750
14542
14000
9125
13084
39833
227125
298541
304958
236292
57792
56875
70708
182792
181667
158166
134916
113708
78625
55459
80667
55917
28709
25083
21916
14375
23291
23875
28959
12375
24166
34208
18584
23625
25459
25958
23500
23208
24084
23375
23791
23042
23083
23167
23166
23958
21167
26125
23625
28584
24250
41375
35166
14667
23625
10500
32083
23458
22792
25875
25042
21000
46125
26959
24125
25834
26333
23792
24250
23666
23291
24042
24958
21333
42750
51958
25458
33042
34542
36833
25625
23583
23583
23042
25042
16875
23667
23167
23500
22000
25041
24167
23875
15417
14500
14000
13959
13833
11292
14209
14875
14542
15000
15458
15292
14208
13959
14125
15084
15292
15875
14333
6625
11042
7500
10583
11041
10542
11292
10541
11417
10667
9708
10458
11667
6750
10542
11208
10750
12084
10959
11375
10667
11375
10542
11416
11709
9958
10875
10375
9666
9542
9541
9500
9709
9667
9500
9417
9542
9458
9625
9625
9417
9500
9458
9708
10584
13625
16584
14959
13834
13958
13917
13958
13792
14000
14125
13917
14083
13917
15000
13875
13875
13958
13958
13875
14042
14250
14042
50750
45459
57292
56542
1053000
319792
60042
38667
54500
85084
52083
28834
18625
22292
22959
16708
21333
21334
16334
21500
21458
21833
21625
21334
21375
21583
21041
21208
22084
40250
54042
49959
31125
45125
64750
35459
45375
42333
21709
25417
15958
45583
64417
29209
17291
23500
16833
20250
26958
14083
25167
20958
9000
12333
19750
12833
17667
17250
16916
16584
16333
16167
17083
16417
16583
19167
11875
11583
21917
31375
10792
25250
23833
16792
30667
23833
24083
15042
17000
22166
23000
21667
21667
15791
20458
24666
22708
22083
21792
21625
22041
21833
21541
21500
21875
21750
21500
17875
24666
15625
22500
22167
22292
21709
25333
11667
21750
21792
21625
21625
21625
22250
22292
22167
21791
21750
21875
22000
22041
51042
83541
69166
50166
33083
16166
12459
11917
53083
34209
47708
50458
50750
32542
35584
39167
24250
19542
9000
18542
13375
17875
22125
19583
10458
20833
13583
19375
52542
37792
37791
34000
29375
34417
32417
37625
41083
34459
22167
20292
7750
14375
15500
10500
14333
15375
15334
44667
40500
18208
23458
23750
23166
22917
23208
23000
22875
23042
23458
23250
23250
22791
22916
22667
22792
22792
23167
22708
22750
22917
22834
23000
22667
23000
22917
22417
22708
22833
23042
23042
23041
22750
22584
22875
22625
23167
22541
22750
18333
28875
18542
23125
23125
23167
23083
22708
22708
22875
22791
22625
23542
22834
22833
22667
22709
22917
24625
12250
25459
18333
17917
30250
20250
24292
25833
24375
23333
23417
23209
22958
23250
22875
23334
24542
22958
23292
25167
24000
23333
22958
23000
22834
22791
23167
23000
22791
22834
23125
42000
47375
34958
18042
12375
15375
11125
14708
11084
14625
15542
15458
14292
14542
14291
14167
14042
14167
14792
14416
14375
14792
14750
14333
41667
63250
54583
42042
29208
18375
7083
12500
5208
12125
12916
13167
12083
13042
7833
11750
13083
9542
41042
61875
58500
49792
41292
25542
7875
19708
20584
19500
19875
17833
17417
17292
17250
17042
17542
17291
17458
6459
14458
15250
15125
15917
14709
14084
14000
13917
14083
14209
14167
13959
14042
13875
14167
14166
14417
11500
13667
13708
13333
13209
13000
20791
10875
13375
9250
13375
13792
13583
14083
14166
14417
14084
49542
31250
40334
11833
24667
24125
24042
22834
23083
22875
23458
22958
22750
23292
23000
22500
22916
22750
22833
22625
36417
40125
17500
23875
24375
24125
23334
23166
22875
23125
22834
23375
22917
23167
23417
22792
23167
23042
16583
23042
22750
22833
23000
23167
23291
23000
17375
33083
18208
25542
49125
67916
43333
17125
23583
24458
18459
23167
23334
22833
22583
27208
22750
23042
23916
23042
18750
22791
22750
22833
22666
22959
22750
22583
22875
22625
22583
22667
22708
22791
22833
22834
22708
23000
22417
22958
22708
22875
22375
22584
18750
27583
17958
18875
14167
13916
13750
13833
13875
13791
13875
13750
13917
11709
13875
14000
14000
13958
13833
13917
13875
18625
50125
57834
89416
67208
59166
35292
45875
53417
65417
44500
18417
24500
18750
23500
23625
24542
23417
23250
23792
23083
22875
23167
23209
23208
23375
23084
22958
23167
23333
25708
23500
23125
23166
22792
22708
23083
23000
22792
22833
23334
30500
18334
23708
23459
23833
29125
19292
12625
18250
12333
17375
13375
17542
17292
31917
12000
17750
17500
18667
17292
18333
11833
21917
21541
23917
14208
17917
17208
17167
19084
24083
23041
25375
19417
24500
23375
18292
24417
23083
22625
22792
22750
25958
23334
22834
23125
22708
22750
22958
27166
26083
24709
23208
23083
22958
22958
23166
22958
22750
22791
23083
23000
23167
23084
22875
23125
23667
22667
22708
22750
23041
23042
23125
22917
22750
23125
23125
10791
9542
35875
24792
25208
16625
5583
33833
23709
23500
23167
22750
23167
22708
23250
23459
23417
24209
25625
21458
8292
13750
10209
10875
12709
10834
10709
11166
10833
10708
10875
10750
10792
18875
9084
12000
10792
10667
10750
10792
7542
10750
10709
10791
10625
10750
10708
10792
10833
10625
10750
10917
10666
10750
10667
10834
10791
10541
10709
7666
10750
10584
10792
10792
10625
10709
10750
10708
10541
10583
10625
10709
10917
10625
10583
15541
12667
13125
12583
10791
10708
16708
20000
33875
48750
43333
55584
31875
17833
23583
23750
23000
16125
23250
22959
18208
28375
16208
23334
23084
23042
22916
22916
18333
31584
20834
24125
23667
23042
23208
22959
23625
22917
23000
18083
24958
24083
22875
23375
23000
22875
22458
22875
23041
22959
22834
22708
22875
22750
23167
22625
16625
18125
23083
23000
22875
22750
22791
22875
22875
23000
23042
22750
23041
22833
22708
24959
26500
14041
14042
14042
13916
14000
14000
14084
14000
13708
10709
10417
15125
15042
13916
14083
13833
14083
13750
13917
27958
13042
14042
14000
13958
13917
13875
14208
13833
13916
13916
9750
10083
10208
15292
15959
10833
15375
16083
13125
16041
14625
15791
8459
14333
14167
14042
13917
13959
14291
13958
13875
13875
13750
14000
13958
43125
42917
20292
23709
24208
23334
23416
23083
23292
22875
22666
23250
23125
22916
22959
23083
23250
22791
22959
22791
22833
22959
22875
22625
17417
14125
23125
22792
22958
22667
22584
22666
23000
23041
22625
22709
22500
23083
31709
17333
22958
22833
24084
23125
23000
22791
22542
22750
22875
22875
22750
22875
22667
23083
22750
23083
22875
23125
22875
22875
22667
23875
22792
23000
22500
22667
23208
22833
22583
22958
23000
22958
22750
22709
23084
22708
22958
23041
22792
22833
22875
22958
23333
18041
31292
21125
26792
24875
26334
22708
14166
13875
13834
13875
23125
10709
14125
14083
14834
13875
15375
13709
13917
13958
13959
6083
25625
19667
14958
18625
19459
20833
19417
15042
20709
19750
17708
17875
23583
19875
13583
103417
25625
38584
70666
59417
43708
28042
12917
15000
11167
14250
10500
14125
14583
10833
14042
14125
10458
13958
14041
14500
10417
13917
13833
14333
14291
14042
15792
9125
14000
15542
25667
22958
22958
23250
23375
22959
22917
23000
22667
22917
22708
22959
23375
23042
22917
23125
22959
23042
34667
13625
24708
23208
22791
23041
23875
29125
25042
14125
13875
14042
10000
14125
13875
14125
13750
14041
14000
14083
14000
14000
13917
13917
14083
14083
14000
13875
13958
13959
14084
13709
14000
13833
13834
13792
13875
13959
14083
14000
13917
13917
14042
13916
14125
14000
14000
13875
14042
13792
13917
13959
13875
14042
12000
13959
13916
14042
13917
14000
13875
13791
13917
13916
13959
13959
14084
13875
13792
13791
13875
16084
15334
14000
13958
10375
14166
13833
13833
13875
13791
13791
14083
13834
14000
13917
14166
13792
13917
16583
14000
12042
12041
12375
12125
12042
12042
12583
12459
43625
45708
23167
24291
24042
44833
56083
35750
44792
68042
44375
18834
24209
24084
15542
25708
12625
29333
10959
25625
17542
28125
34542
32542
58459
39416
13958
21875
25083
29375
48125
33667
28250
23041
21625
10583
25625
22083
25500
28333
22792
24250
23709
26334
26208
26917
218833
31125
28375
26125
17709
24125
24333
24458
23916
21500
24000
24083
30083
13458
24208
22708
30959
24708
23542
23750
24167
17542
24042
23042
23041
22750
23000
22917
25791
23917
21750
13791
13917
13958
14000
13792
13875
14042
13917
14042
13833
13875
30834
23500
26375
74666
44458
40000
37875
53958
58250
41667
60500
49625
43458
58125
57083
35583
63167
51708
35416
61458
49917
58333
73459
56584
31500
9708
22792
17250
22125
22541
15416
21708
22417
21917
16625
21500
21417
21542
21459
21292
21333
21375
21333
46125
55000
89250
51500
54208
113792
100416
77291
56125
35584
14792
23000
18459
21708
16791
31500
23542
9250
23000
18458
16875
17125
23458
8209
22000
16541
22542
23167
50083
28000
14042
21833
22125
23125
21583
22708
18542
22834
21375
21625
21458
21416
21542
21333
22542
21375
21917
21458
21750
21291
21417
21417
21167
21292
21292
21292
21500
21417
21375
21667
21417
21458
21125
21375
21583
25000
8833
21208
21375
21292
21709
21208
21417
21250
21458
21667
22209
23417
24292
6084
13583
11459
7375
9750
11750
14542
13500
8167
11500
11500
13417
7666
11791
11500
11959
11458
11542
11375
11417
11459
11625
7875
11167
12791
11333
7583
11416
11458
11333
11500
11417
11417
11417
12500
23083
23542
13042
26084
17125
11833
17042
56000
46625
37542
29708
11417
55667
22625
60417
42000
18292
24041
23334
23042
23125
23000
22834
23000
23542
24042
23167
22750
22917
22833
23041
23291
30542
41042
20875
24000
23250
23208
21833
12417
24250
24208
22916
23000
22875
22875
23041
23166
22917
22958
22917
22667
22709
23125
22959
22834
22917
23209
22875
22708
22916
22875
23042
26208
25375
25333
23167
22875
22959
22875
22958
23167
23042
23958
14166
13875
14083
14000
13916
13875
13750
14125
14083
13791
14375
11166
12875
13916
13917
13750
13833
13959
13959
13834
13875
13834
14084
14083
14041
13792
14083
13834
13833
14375
14083
14167
13958
14125
13959
13958
13875
13792
14041
13833
14000
13958
14042
13917
14083
14041
14083
14000
13958
13833
13834
14000
13917
13833
13750
14125
7125
19333
7375
13916
13792
13959
13834
13750
13833
14000
14000
14000
13875
13958
13792
13875
13833
13750
13958
14000
13958
14042
14042
13959
13833
14125
14042
13375
14625
12417
12458
44958
21000
25250
15209
23833
23667
12125
23500
24375
24208
23125
23667
22708
23292
22875
17459
24542
23834
22708
22750
24750
23667
23333
22791
22959
22916
17875
23125
23458
23291
24292
23417
20209
26375
18375
19875
23000
23041
24167
23125
24208
23291
23375
22959
23833
29125
22958
23000
23083
22792
23459
23458
23083
22917
23125
23375
24375
25083
24208
24958
24959
24791
25042
19000
24917
13292
15125
14041
14000
13959
13875
13875
13834
13791
14083
13833
13916
21208
14875
14709
13500
14125
14084
14625
29541
30500
26958
18542
21750
23542
26291
40000
39667
28167
27917
24666
26583
43500
55708
24542
46250
53167
50583
68458
57125
58750
32084
13083
28042
28292
26500
18500
27167
19000
27250
13375
20125
23541
23042
23500
23208
23750
22875
30041
21625
30584
18167
23459
11667
23250
23500
32959
24667
23125
22916
23000
25416
23958
26375
41167
13708
38167
15417
20709
21583
20500
25875
23541
23208
23000
23459
23042
23083
22958
23125
22708
26250
23792
23125
22958
22875
17208
23042
22958
22791
22625
23166
22875
23000
22583
22583
22958
22833
22750
22875
22666
22833
22833
22750
22792
22792
22959
22584
22625
22875
22458
22833
22792
22792
22708
22709
23083
22583
22708
22750
22750
18709
22917
23167
25292
22875
22834
22833
22958
25042
26209
13875
13875
13834
13750
14125
13875
13708
13875
13750
13958
13708
14041
15917
17542
17208
17250
17167
17208
17167
17125
17000
17042
17166
17375
17208
17042
17167
17083
17167
17042
17250
31250
19875
23583
23375
23208
22792
22958
22750
22792
23000
23375
23417
23292
23167
23083
22875
22625
22917
26042
23833
23209
23084
22666
22791
23000
22958
22625
22708
22916
23125
22958
22750
22834
22875
46959
47084
53125
110042
102750
79000
45291
19167
24292
23541
23083
23459
22792
23375
23334
23208
23083
23042
23250
23417
23000
22959
47042
74125
52333
26208
18458
23209
23666
23042
22959
22959
23083
23250
23000
22875
22917
22709
22834
23125
23083
22959
29667
18125
23250
22958
22750
23000
23000
23042
22833
23209
22834
23417
23041
25042
23667
23000
22959
22958
22916
22917
25875
23667
23458
23417
23292
23667
22750
12875
23125
23042
22959
23166
23250
23584
24375
23333
23084
22917
23125
38958
83750
75667
62333
50292
39417
26916
15500
4291
11834
9375
11292
7708
10833
9083
57334
36708
26750
17375
24750
18500
23500
23000
23083
22958
23083
19458
23583
23125
23125
22917
22541
23000
22833
23208
22541
22833
22542
22958
10333
22750
22792
22917
22917
22792
22875
22792
22666
24792
22834
22792
22708
23042
22959
22917
22625
23000
18209
22791
22959
23417
22791
22916
35875
22625
23291
22958
22833
22917
22834
22792
23083
22958
22791
22708
17417
24541
16666
23208
24917
24625
23125
24042
23459
44583
67166
42916
16541
23500
23292
23166
24541
17542
23250
22750
23042
23042
22791
23042
22708
22708
23208
22709
22708
22708
22792
22917
22875
22708
22875
22750
23208
22750
18083
24417
23000
23375
23042
22500
22667
22709
22625
22917
22750
22750
22750
26875
25125
23333
25375
25959
13667
13750
13709
13750
13833
14125
17042
13958
13917
13917
13791
13875
13916
13750
13791
13792
13875
12750
38583
10458
23334
23208
23125
22750
23042
22583
23083
22708
23125
23375
22542
23000
22875
22875
22792
23500
23000
22875
22833
22792
23666
22958
22791
17667
23167
23000
22667
22750
22500
22792
22958
23041
23459
23041
22667
22750
23042
22708
22750
22750
16625
23083
23333
22959
22750
25125
24167
13791
14000
14000
13875
13792
14000
14042
14000
14000
13833
14000
13958
13667
14041
27917
42000
50041
27084
24709
23208
50166
75792
54292
27792
18208
23375
23083
23250
22875
23042
22792
23459
22959
22834
22792
17917
23000
29750
36000
30708
18500
23208
22709
22708
22542
22875
22792
22958
58375
68417
53375
78625
61750
57917
42958
55958
34250
36709
15458
23625
16167
22042
16750
22459
23584
22875
23000
22333
21875
21583
22042
22083
22667
22292
22041
21666
21750
21708
22250
21834
22125
22125
24584
33583
31834
25500
46792
52750
31916
46667
58875
63583
43541
56875
43125
100292
90500
74916
60916
46959
31416
19500
4834
18125
11750
15875
9166
19417
15167
17375
10583
9750
13917
5708
14792
7834
15000
9041
13083
14042
9667
12958
14416
14083
9625
13000
13792
13334
13208
14416
13958
8833
12584
9125
13084
13000
13000
13250
14291
14000
13750
36458
39333
22166
10334
16708
17208
11917
16167
18709
16708
21542
21750
23167
22375
21375
21375
21250
21417
16750
21667
22000
21667
21792
30750
17541
22292
22625
51833
56000
35750
11625
22250
23458
22250
22334
22042
21750
21625
21750
21500
21458
21458
21375
15750
22292
43875
20042
24166
23125
22208
21917
25708
22125
22917
21958
21333
21875
21458
21667
23333
22333
21791
21417
21584
21625
21500
22459
19833
22375
21208
21375
21625
21333
28083
9875
22167
22250
21958
21667
21125
21459
21166
21250
21500
21916
21541
29875
13958
21833
21833
21708
21542
21500
21541
21334
21375
21625
25125
15292
21666
21333
16208
23583
16041
22000
22833
22000
22208
30458
13833
22500
22583
27084
18292
22167
22042
22208
22667
22042
21667
21417
21750
22584
11291
22541
16667
22041
21958
21708
21875
21459
21791
25792
15833
21791
21958
21708
21750
21708
31333
13125
22042
23292
21750
21625
23292
16875
21792
34292
40583
57208
22208
14791
11750
15792
9000
11625
11458
11958
11500
59292
24750
17625
23084
17416
59291
54583
90459
33625
35042
16041
22833
17209
21833
22584
22250
22625
21458
21500
21875
21666
21250
22166
21292
21667
21625
21583
21208
21417
21375
21709
21583
21542
21417
21166
21375
21208
21292
21083
21458
21375
56041
84833
65417
40083
16292
22125
23083
21875
22083
21750
21208
22458
22000
21458
22292
21500
21250
21291
21459
21459
21500
21292
23000
21500
21334
21166
21416
21458
21542
21250
21250
21458
21459
21666
21458
21500
23459
18958
22375
21125
21458
30000
23166
26792
22209
28333
21250
15166
14375
13916
13834
13875
13250
13000
13875
13208
12958
13000
12959
14167
13125
13042
13000
13000
13250
13250
13250
13125
12875
14250
9250
13125
13292
13125
12958
13042
9250
9917
14084
11792
13416
9167
13167
13500
13667
13500
13000
13041
13125
13042
12917
13125
12958
13084
12958
12958
13166
13000
13166
13125
13208
13084
13167
13042
13125
12833
13209
12875
15750
44125
266792
196666
138875
55042
53208
60834
46042
44125
39042
60292
91291
70750
43542
19333
24334
23666
23709
23417
23084
29500
12416
24416
24959
23875
24750
18500
43042
91875
85792
69084
52333
37208
21208
6250
19709
13583
17667
12958
14375
9792
16333
10500
14291
15042
14167
13875
16792
10958
16250
15958
14958
16208
16291
15667
15584
12292
10959
15542
16417
16917
16334
16708
46834
86583
76792
61375
46875
33792
19334
7583
13333
5541
12542
12708
20416
8083
12792
30042
17625
5250
12458
9209
13750
8167
10833
479166
472666
455959
469875
466875
240042
204083
159333
146625
120333
91250
76708
63209
49292
35708
23250
9584
15000
16916
9916
13209
9000
12625
10625
12792
13208
9333
12584
12709
14041
12833
9208
66291
64333
53708
32417
14667
9417
14458
10250
13500
8709
12875
14000
9500
12916
24291
33667
24125
12500
17792
12125
15125
11417
13209
9042
8250
11666
8334
11542
7792
11625
10084
13750
14208
7709
15875
5166
11208
11833
11125
10917
11042
7917
10917
11542
12000
11083
10791
11208
12541
12834
10917
12792
10125
16792
6500
13500
14208
15083
15833
16917
13000
13500
14833
13209
8041
11000
11792
8042
10959
11000
18583
10916
8208
11666
8375
12167
13417
12500
11916
12334
11125
11000
11750
12084
12291
9625
11042
12750
12750
12417
9375
12208
11791
12000
11709
11958
11084
11125
31000
54417
47375
35958
24625
21625
29875
22333
12709
7750
11500
12083
14500
7334
7916
7333
10667
8375
10709
11416
11333
8292
10833
11042
11000
10666
11041
10583
12042
13333
9458
21834
39250
37125
27875
18250
8292
11208
4583
10583
10875
7167
10500
10583
6709
9875
9833
11625
10083
9833
10000
10500
10875
11416
12292
10291
10792
9833
9917
9834
9875
9750
11250
11125
11792
10875
11541
10125
11708
9667
9708
9667
9750
36250
22083
23334
23375
23167
23166
23000
23375
22875
23000
23250
23375
22917
23083
23083
23000
23209
23792
23083
23083
22834
23083
23375
22916
22750
23042
22959
22666
23000
22750
24750
23042
23208
23667
22208
19375
11667
10917
10834
10792
10916
10916
10750
10916
13125
12500
9458
10458
8708
10542
12167
14209
12083
13250
8709
11125
13917
13083
7750
10833
10958
10875
10875
12625
12500
13000
11166
7875
10875
10042
11084
11625
11458
11500
11167
10875
12500
12250
11875
12875
10917
10833
10750
10834
10875
10750
10792
10875
10833
11084
10875
10958
10750
11083
7500
7500
12000
12250
10834
10833
10875
11375
11000
38583
57625
49667
37666
26583
16917
7125
9708
7292
6916
10875
8917
7625
7042
8000
10917
9084
11000
5250
10666
8083
10708
12459
9167
6958
12958
10959
13416
5833
10542
10625
10500
6959
10084
12041
6875
10750
8125
9792
9834
9917
9917
10542
11500
10041
9791
9875
7667
9791
9917
9875
43834
40042
31333
19416
23584
28375
23708
8041
17792
17583
18250
17333
17167
17250
17166
17458
17292
17417
38625
48166
56209
79500
58250
33041
9583
54000
56875
53708
74000
52625
25292
27209
20542
24292
23208
23334
23458
22708
23208
23125
22708
22833
22959
22917
22667
22792
22834
22750
26125
19292
23792
24250
22916
22916
22791
22833
22916
22875
22708
22833
23083
23208
22458
22750
22667
22917
23792
22708
22666
22916
71583
25542
25333
24417
23292
23542
23083
23000
23000
28500
22750
26334
60333
44000
82125
74708
58334
41250
27584
13958
11125
15250
11458
14542
14875
14083
14042
14250
14625
14000
14166
57125
45708
80958
68333
50708
33584
16375
17333
17666
18125
18541
24791
23875
21875
16041
21416
21209
21375
21250
58375
21500
46834
103250
98042
85375
71916
60292
47667
35709
22625
9708
17375
8959
14000
15167
16958
12875
13500
9792
13208
9041
13125
10792
14875
8458
10291
7041
10375
6959
10250
6667
10208
6750
10208
10333
6416
10250
6458
10125
7083
10125
7792
8667
13042
14208
4750
31500
42583
35959
27166
20083
13541
15667
10041
6875
8042
7875
12708
9625
10500
6833
10209
6458
10209
7167
10250
6917
10334
10750
12625
6542
11625
3583
10125
7042
10209
7166
10292
6708
10542
6416
10208
7167
10209
6417
10167
7125
11291
10959
11708
11000
6708
10084
7292
31250
15875
22875
17291
22167
23125
26375
10792
16750
9417
13250
13500
9833
13209
9417
13167
9666
13292
14416
57625
39333
82875
71833
59833
44500
31750
19500
7875
16042
12000
10209
14917
10250
13333
8292
13292
14083
9500
13125
9667
14500
10000
13334
13208
33333
17584
22667
15958
21583
16417
21958
15083
23416
25917
12375
14750
8708
10167
7250
10375
6459
10042
7041
10083
10750
6458
10042
7083
10041
6750
10042
5625
10041
6916
9791
10292
6541
9250
5833
40417
72875
64125
49750
34875
24667
14333
21125
42917
21708
47417
107250
105125
95250
83291
73792
34750
47583
33750
18917
12792
23875
17834
18292
12958
16709
12125
16666
12291
16083
11084
16209
12166
21833
19791
8500
16333
11833
12833
23291
9958
17167
36375
24333
6833
17416
26916
37334
25375
8292
16917
13625
18084
11375
16834
11917
16458
12208
16292
11584
17167
12250
16041
11833
16334
17583
17792
10833
16084
12541
16083
17000
12167
16042
12292
17834
10959
16708
17292
19500
18833
11041
61708
70834
67125
52917
41042
31583
12625
17209
20500
11125
13667
17042
7542
11958
14708
32666
22375
29125
17625
11416
19667
17541
19333
12208
16292
10792
16291
19708
11542
14375
8500
13125
31541
60416
53584
39417
27875
15500
10000
19792
14542
7333
15375
7209
15167
28125
18250
9000
17000
39000
22125
16958
21750
15541
21959
15375
21667
16709
21750
14625
23042
22708
22666
23500
51209
58750
106083
92625
71250
51083
29500
9125
22459
15750
21750
16792
22959
14916
21875
14750
24875
17541
21417
14667
21291
15875
21542
22167
17167
21667
18916
6875
15125
5000
13334
8708
13250
9167
13000
10750
24459
21750
22167
22750
22708
23667
21333
22667
22041
22458
58375
94041
82042
59834
37416
18750
25708
13333
27459
26959
13416
25875
9208
22500
16750
22417
27541
28667
14458
22083
16709
21959
30583
39958
29625
16250
5292
13416
9458
13416
8916
13166
22000
23167
16833
21583
17042
16500
22875
15209
21708
16875
21917
21792
16542
21458
16625
24209
26416
11959
20416
20500
36000
12833
18542
54042
48166
101833
54666
102667
88250
74209
54166
33375
60208
94708
58209
55500
94500
77792
56416
101333
85792
66041
44125
24209
18542
28625
17750
55250
62541
93000
74791
33833
28833
11667
14916
6375
13250
10584
13209
9208
13250
8916
13625
9792
13292
9000
13209
10666
13125
8708
13084
9709
13125
13666
14708
8750
35459
31958
13458
22041
15542
27042
30833
21458
26208
18458
21708
15417
21250
16667
21667
38792
57500
97000
80292
57459
36000
16417
22709
17167
22709
15125
21708
21875
16708
24917
53750
52125
56125
49458
54083
27041
31083
27500
20208
23583
53292
96875
33083
14125
17958
27209
24458
9833
21833
22417
15375
21708
56000
52416
111167
96750
75375
55708
39167
22375
30208
24292
8583
22625
22375
17166
21750
17042
21583
15334
21500
14708
21417
16541
21584
21750
22542
16083
21625
23000
16291
21541
23458
54500
48667
32042
10916
24708
17333
25458
15708
22625
18208
22541
23250
23292
16000
21750
16458
21500
16667
38292
32916
10958
21792
24958
16416
23625
15875
21500
14875
21542
23084
16833
21417
22708
21750
23125
16333
21375
22542
16542
21250
22666
24375
14958
21500
22209
16917
21583
22875
21875
31166
13584
21542
23583
17208
22250
16833
21875
20291
8167
21459
22041
16959
21625
23167
25792
15500
21791
16375
21291
16459
21375
21375
22792
22708
16416
21666
23250
51709
67000
46917
25541
18292
28458
13833
20500
17625
22875
16375
23208
16000
22166
16458
21875
16125
21792
26000
19666
23000
15292
22125
14875
21709
16375
21750
16750
21750
16250
33708
34833
23250
11333
14292
10083
13333
8542
41333
51333
31583
9458
22708
16125
21708
23541
14833
21542
16458
22375
22000
15459
21500
16541
21541
16625
24833
19709
52542
40208
68834
26416
23959
13250
10916
13750
12750
16417
8291
15667
12167
11458
14250
10625
14834
10542
14167
11708
15167
18375
5500
11792
8875
8792
7958
11292
14375
7416
11583
7708
12500
9042
10500
12584
12000
7792
12583
9084
11625
7500
11375
7250
10250
12291
7375
12500
12708
7292
13750
7625
11334
8000
11375
7250
11417
7250
11584
9000
13292
10916
7583
13750
8833
12625
12917
6625
13375
9625
12958
6375
13000
14708
5334
14042
15625
5334
11583
13209
13875
10792
13541
4209
9167
12958
9875
13416
15167
5542
11583
11917
13708
8625
12959
13083
14083
8875
9291
12250
18292
15375
30583
19750
22375
17416
22250
15125
22584
28958
55958
99875
81666
57958
34000
11708
23916
18125
23083
23875
23834
23417
23667
59458
93459
75375
52292
30834
10083
23917
17208
23167
16500
23000
23375
24084
24458
24417
16375
53792
53917
52459
92333
64417
42625
20750
25750
21416
19458
24375
18208
24708
20750
25042
25459
17833
24000
24542
25500
10750
54125
165041
27584
29000
25208
46583
34959
125042
56708
27458
25667
37541
27417
53792
53875
56250
33833
13208
57375
105167
87958
65833
43791
23167
18875
23958
18334
23125
23291
23334
31084
23583
28584
19583
23417
16792
23125
23125
23250
23292
23583
23000
23417
23458
23333
23250
23083
23542
23041
23208
23291
23334
23250
22833
23125
23083
22916
22958
23458
23167
22917
24958
23625
27792
12209
13375
13959
14042
14792
13958
14125
14375
14167
14000
14791
14584
14667
14209
14209
14208
14750
13917
13792
13792
14125
14000
14250
13917
14042
13875
14125
13834
14584
15083
15291
14292
14459
14792
56417
54667
56833
49333
55875
44000
40875
46667
29500
9042
22417
16625
21834
22000
15584
21541
14750
21625
22584
16750
21417
16458
21833
22750
16791
21833
16791
23250
21875
23167
16750
21458
22541
22625
23000
22083
16375
24041
15084
21875
23208
22417
16000
21500
16375
21541
16875
21625
22750
21625
21584
21916
21958
16417
24750
10708
13167
14167
9584
13000
9500
13292
9542
13084
14500
8542
13042
9792
12917
9791
13125
14333
13666
14000
9208
13166
8583
12916
14041
8625
12959
9708
13125
13291
14417
9584
13292
10917
23916
22750
19125
21416
22667
21584
21625
21791
22750
16625
21666
21125
24292
17125
21500
18667
25167
15834
8625
13333
13292
9834
13167
9792
13209
9625
14042
8625
10250
9500
16542
17541
8917
13500
10750
18167
17250
6500
14084
10667
15167
15666
10625
14917
17333
7125
13917
18041
10625
14083
9125
13084
8584
13083
9542
13166
9125
13291
8416
13167
13417
16375
7042
9708
13208
8458
13250
9709
13167
14333
14125
8667
12958
9584
13083
9667
13083
13708
13333
9500
13208
9500
13167
9375
13084
14666
14042
8500
13041
14208
14500
13208
13417
9583
13084
14417
8792
13125
14000
10166
13084
8167
11584
12667
12208
7167
11417
7208
15125
8416
13375
7375
11500
11709
8083
11458
5167
25000
125583
28625
57625
40875
45042
49917
16416
39500
38500
59958
55417
32083
61500
38584
39666
38083
56334
50541
39417
30500
59042
55917
32917
53875
35167
54792
109208
52916
40416
56667
54375
58208
39958
32208
42750
52208
33834
9708
23833
17000
23750
33583
28083
14250
23125
16666
25375
16750
23125
23250
23583
23250
23250
23292
23084
23375
23375
23209
23125
23167
23208
23375
23250
23375
23417
23208
23125
43291
62958
42584
19209
24583
16917
23750
24875
25042
24375
24958
24750
19125
25958
24000
121917
147708
67792
28875
10583
37833
18708
24958
18166
23375
16584
48208
57958
39958
18292
23834
19209
23542
25333
16584
23125
24375
24000
24166
24791
24333
18167
23375
32834
19833
24292
55084
99333
29333
36375
38375
58833
109333
93292
71167
48375
27083
20750
25250
16334
23334
42583
30625
64125
59250
56209
48125
41000
32917
25791
17666
27708
15334
22709
57625
95166
80958
58709
39167
19958
23084
16417
21834
15791
21792
22375
15792
23792
16625
28875
28292
13750
21459
10250
26458
11583
21875
15000
22125
16584
21583
22959
16500
21666
23792
21667
21791
22792
22459
16583
22083
16792
21375
23084
22458
17042
21833
22209
22334
23334
22750
22750
22584
23458
16167
21500
22042
21541
22375
22083
23125
22875
16667
21417
16625
21375
21416
23084
19292
16959
13000
16417
12292
14792
5000
14583
16208
6416
13375
8917
13333
27250
9542
21500
23416
16208
21750
32167
23833
17083
22208
11917
21667
15167
21708
16708
21708
16792
21792
16625
21584
16750
21375
23542
22000
16750
21583
23083
22834
22000
22958
17750
21791
17166
21459
16583
21500
22958
21833
22583
21709
23000
17000
21375
21667
23250
22625
16750
21416
22542
21625
21542
16875
21583
9375
21333
16458
22583
16709
24167
16500
22250
20375
15250
7750
13000
14542
9708
12959
14000
8541
13042
9708
12000
13416
14500
8708
20250
8958
16375
12375
16292
17500
10875
15916
12167
16167
12000
16375
11542
15958
12250
30166
40708
50792
30667
9375
23125
16041
24625
16542
31708
25041
11417
23667
16167
24667
9500
24458
19667
22083
15000
22083
14709
22166
54000
58000
32250
38750
72833
77708
48083
35167
24667
18667
11792
16958
17042
11666
3875
10667
3584
12792
15292
10375
4416
12500
13041
5625
10583
14792
7459
6250
6833
52333
38417
37667
45625
23166
39250
28875
16500
16167
15208
7584
15083
8166
13166
14000
9583
12792
9291
12541
9583
12166
13250
13041
8041
12250
9250
12208
8958
12167
13250
13292
9125
12083
13166
15625
5083
12417
16500
10208
12792
8625
12292
12375
13083
12209
13250
13250
9125
16541
14292
5625
12833
10375
17584
17125
13958
24042
32084
35083
60250
40833
14792
23458
16708
23208
18083
23125
23125
22959
23292
22875
16458
22875
23000
22750
23541
22916
22959
22875
23083
23042
23416
22750
23125
23208
23500
22792
22875
22834
23417
35458
55542
96417
79458
57292
33292
11459
24125
17208
24416
24708
17292
23709
22916
24042
23916
18417
23000
24125
24000
18333
23250
24084
23208
23334
22917
23125
23208
31125
21917
26625
17125
22959
23250
25292
23541
22958
23167
22875
23125
22833
23334
63000
108916
56875
43958
52458
36125
54417
25750
26166
13459
24833
43834
67458
52709
33708
13583
23709
25375
25041
18708
23042
23417
23334
23084
23167
23292
22916
23125
23167
17708
22833
24875
23791
23833
44583
204583
215709
116125
151417
192000
181000
169542
158042
123250
105666
56375
44667
32708
19833
7792
16125
12708
12167
14083
10875
13709
13917
9584
13583
9292
13500
8625
13375
9375
13541
9292
14041
5500
12625
8458
12834
77583
70041
59000
30542
20916
9625
12750
12750
8584
12208
8833
12084
8709
12083
8417
11875
8708
11958
12292
13833
9042
12000
14000
56667
105667
49625
57875
107375
91208
67833
46042
55333
104875
88375
65584
43375
23792
18209
23750
56250
105833
92042
71667
49750
31166
12334
22667
18000
16625
23458
23000
16542
22541
16458
21583
18750
13584
10292
13917
14708
7875
12250
9916
11916
8792
11500
7417
11459
7708
11541
7625
11333
12000
8208
11541
7375
11416
7334
11458
7542
13708
8084
12750
14125
8250
12917
8167
11459
7292
11458
12000
15417
7792
11584
11541
52666
102542
88292
67375
47625
29417
9000
22708
16584
21666
15333
23083
15375
27291
10250
28083
21208
15709
26958
27459
13250
23166
19959
21958
17250
22833
15125
21917
14875
21375
9667
37791
47208
27750
23583
14375
22958
11709
18791
22625
25125
18708
22083
15250
21625
14917
21750
16333
24917
21125
9375
27375
10000
22375
15833
22000
16583
21917
14666
24417
28958
31334
16750
22834
15708
22042
14375
22000
16292
21584
19000
22208
14750
21416
15917
22042
22167
8583
27958
13500
23041
11542
24000
21458
43500
76916
27125
9542
22375
209000
276666
120500
20083
23542
25291
13958
22291
22584
16959
21792
16458
21625
16791
21666
16792
21459
21833
16500
22000
19667
19791
14458
9292
13167
9625
12958
14625
9625
13125
13708
13958
29000
14292
29250
47750
56833
58000
59541
91334
43292
53875
55458
35833
45792
98583
54000
30125
48000
36625
18500
35125
46000
56875
105292
61584
56041
102000
35584
22375
53417
55500
56542
93375
77541
29750
26167
9167
23959
8666
21916
17125
21792
15500
21333
15750
22083
16875
21459
16750
21375
13500
27084
26875
23416
22083
22042
22083
22750
16500
21542
16833
21458
23250
23167
16333
21708
14834
21459
23125
15917
21709
22500
16583
21583
16709
21375
23458
21625
21750
21834
14959
23375
15833
12958
9750
12875
9709
13250
9375
13209
9500
13041
9833
13000
9750
13042
9500
13084
8500
13292
13292
20875
7000
13667
9542
13291
9833
13333
8792
13042
14042
8750
13333
9750
13000
15125
14375
17416
5750
13333
9167
13000
12459
13334
9833
12958
13500
9750
9209
10791
14042
14208
8667
13167
16917
5959
13334
9625
13292
8541
13208
6916
13042
9625
13250
13208
14667
8667
13209
9542
13166
9500
13167
13792
9333
13250
9333
28042
28042
16250
21500
16875
21792
22917
15042
21834
16834
21458
21583
21916
26209
15709
21792
16666
21750
16542
21334
22916
16958
21708
23375
21917
22958
22958
23375
30000
10584
26584
17042
29500
22667
15166
21834
16875
21917
22458
17000
21584
23166
19084
22292
47875
70292
51875
30125
11500
22125
15625
21750
16292
21625
14791
22083
23209
22625
14584
21583
16792
21417
15750
21666
22709
21917
21875
21542
16750
21542
16458
21708
16333
21500
21625
22875
23000
21875
22791
16083
21500
21250
16375
21500
23166
27583
14000
22375
15666
22000
24375
9542
23750
16625
13333
9292
13041
14750
7375
13291
9542
13292
9500
13042
9834
13167
9583
13167
9750
13084
13292
9375
13083
10458
13167
9708
13083
9500
13208
8459
13166
14167
9584
13125
9500
13083
14458
14166
56917
57125
53833
39625
57375
54458
42625
28041
21625
34334
37417
15833
60917
99292
84958
62167
40541
19416
24709
17833
23541
17792
23125
27709
12084
23292
24709
24583
23875
23625
23542
24166
23250
23625
23875
23417
23000
23167
23417
23292
23375
23500
23125
23625
23542
23333
23500
23250
23541
23458
22959
23292
23084
23750
24166
25458
18916
27834
30583
19583
23291
24250
24500
24292
23750
23875
23500
23667
23583
23250
24250
23417
23292
23792
23333
23875
23459
23333
23292
23625
23167
23459
23458
23167
23291
23209
23375
23458
23458
23084
24000
21916
23208
23334
23375
23208
23333
23042
23708
30833
22834
23959
23542
39458
21417
24042
25166
51541
82708
64541
41416
31250
13375
24083
17375
23166
23458
24541
23542
23375
23708
35833
29042
57583
61083
90584
73292
49917
28458
13875
24334
18958
23667
18791
27000
14375
57834
57625
50167
53083
41875
54333
39417
56625
103083
91333
69750
42083
20833
25250
12917
22959
16458
21792
24208
16625
21625
16500
23250
33042
18458
22709
15375
21458
22708
21666
16292
21292
16417
23833
16208
21583
22834
16833
21500
21208
21417
31667
32334
19209
22583
16417
22625
23083
16667
21375
16417
21834
15833
24917
9208
22334
16292
21542
22000
16625
21417
15917
22917
16417
21208
23041
36541
26125
18708
22291
14917
21625
16875
21541
23000
14458
21708
31750
14375
16959
20792
28500
28000
14750
25875
8667
21334
17458
22958
25584
13042
21500
16584
17459
21500
16583
21666
16750
21417
21792
27458
17250
23334
15709
23500
15084
24125
10791
22208
16167
21583
21708
16875
16875
22750
29750
12917
22250
16417
21625
22833
23084
21917
22125
22291
21417
18584
21416
22708
15958
21667
20917
23291
15084
21583
21875
23375
9542
23333
26500
10625
21834
21875
21667
22083
22666
21708
21666
23250
22458
22709
22084
16291
22084
14875
21583
22792
23500
17125
21792
24125
10875
24333
9042
23125
8625
24875
8500
23875
23708
20542
23041
30084
12333
26291
10875
21959
16042
17458
22291
15209
20375
22708
22167
16542
21541
18375
17208
22250
30625
26959
30750
15417
23042
57708
28208
20125
19083
38041
57208
51500
33334
10292
25208
20125
24000
17041
22167
25041
14000
25833
13708
25125
28875
11041
23417
17959
23208
20583
23083
23958
24250
23833
23375
17958
22917
23541
22917
10250
25000
24875
25084
23208
23542
19333
25875
20083
24333
18000
22792
17583
27916
18541
31459
21458
29166
37834
58208
107291
90042
65667
43417
47417
94958
81875
64917
63125
40625
99292
95416
82459
69416
59250
47458
36125
24875
13500
11125
15541
5625
14250
16333
19125
11834
9791
12834
8708
17500
19791
14667
5084
13041
7958
12792
9458
13375
14875
13333
6708
26625
53416
8167
17041
14334
7666
16166
6792
26500
16333
15709
13875
5709
12750
9542
12791
21708
11333
8667
13083
237000
222500
126667
114708
89375
55000
43000
30584
12709
5583
11167
9625
13833
5417
13458
13834
14083
9000
13459
8834
13500
9375
13625
9209
13500
9541
64250
109625
84500
50541
33917
24625
14916
4958
11792
7166
58583
47875
93084
59084
43250
52125
105916
57166
36958
8292
12916
41708
58875
34625
19208
30666
55250
57333
109750
32833
17667
43375
34958
55792
66916
50209
40334
39959
30792
19250
9459
13583
55875
55959
32459
53417
42250
56625
58166
58375
37458
33459
59167
108459
91417
69958
49750
30083
35917
34333
15000
23709
18666
23458
18000
24291
17917
23250
29833
11250
23458
23333
24583
16625
23250
16542
23125
17750
27708
21625
25375
17916
23292
23042
23250
23708
23166
22875
26584
24625
23500
23209
23417
23958
23375
23125
23042
23667
35166
31125
10542
23500
23667
24959
23375
17375
20834
19917
23042
23458
23125
23041
17750
23042
19667
24333
28209
26000
17875
23542
14041
24333
54000
87250
70875
49083
43917
96708
91709
81042
71500
64917
54375
46750
37750
57583
38500
29708
53625
107167
91417
70792
50541
30375
10417
22708
18708
21833
17709
21959
60834
56042
53500
48000
57750
57792
58084
55334
119041
54834
60084
52583
100291
42125
97625
94208
84084
74000
65000
54542
39167
29917
20333
11083
11250
4667
10291
9500
11125
8166
10208
9042
10958
8292
10292
12875
7167
10125
6375
10166
6333
10209
6542
11000
6584
11125
13292
14000
7750
12458
4916
10292
6667
10167
7209
10292
7292
12917
8375
7834
11375
7292
10500
6792
10250
6666
10125
6416
10250
6208
11958
7167
11125
9375
11167
6416
10209
15250
9125
57125
111875
57875
50416
42208
55833
89709
73250
50125
28625
22959
23583
15083
21917
52791
32459
57167
21125
29333
18708
8417
13959
8125
12375
5458
11458
37750
84125
77875
69167
58542
48875
39542
51875
31458
63417
129208
117375
96500
57417
108750
95834
59708
61834
40125
53667
55542
58416
108667
82917
53208
135042
131542
117375
103208
90500
74542
61625
49917
36958
23416
13542
10250
16958
8709
55250
108292
63333
101458
41916
85792
75042
59667
45750
34000
20833
7583
14500
10875
14459
17708
16541
21166
7708
16708
24584
17208
20500
11125
15209
10125
14208
14750
10625
15625
10458
19750
13167
35042
53667
95375
44250
60959
177042
172458
157709
142792
128792
113667
98916
85625
73208
59625
34125
18791
8917
18375
13583
11167
14417
10000
19125
35541
62167
44375
21541
26709
12625
23542
17167
23208
16292
22958
23458
23458
23167
23167
23625
16792
23042
23583
17792
23167
24250
23792
28625
44291
113208
50000
53166
37584
42625
52000
59375
45500
97333
58917
53916
57250
117667
105666
83792
63000
42125
20625
17708
24000
20292
23333
24750
22334
16958
22083
15292
21583
16458
27958
27291
14000
25042
17583
17041
25250
8333
22041
19833
14667
10542
15083
5208
13416
13958
9000
13208
8542
13041
9625
13125
8541
13042
8416
13167
14334
14667
17292
13167
9833
13125
14375
9709
22291
13166
9750
12959
14500
13166
9500
13208
9750
14417
14667
21667
16542
21291
22584
21292
21750
23875
22666
22708
22458
22250
16583
23083
21958
21875
22750
21833
22458
22542
16084
21542
20709
21500
22917
21625
23334
17083
13042
12917
14584
9416
13167
13125
13917
13042
13417
13000
9875
17292
5041
13292
9500
14166
9000
13000
14000
8500
13042
9791
13250
9375
13208
9458
13042
9584
13083
9417
13084
9667
13125
13167
13750
8666
13083
14375
9792
13042
13250
14084
9292
12959
13042
9500
12917
14416
13041
14291
14166
9750
13000
9416
13167
13208
12958
18709
15166
9042
13000
14250
14209
9625
13042
9708
13083
14375
9750
13083
13667
8500
13000
14167
13917
8458
13208
13292
13833
12125
12333
8292
11459
8209
11458
12667
12750
7416
8875
4709
18917
14584
5000
12417
8458
55000
44375
41667
26500
31708
57208
58875
105125
93708
73500
53500
33541
13958
23042
18334
22292
15500
23917
15833
21500
16500
21542
22917
22458
22917
16375
21375
16375
24291
22250
58958
43583
66333
29791
35750
56584
83500
70167
52041
27208
21083
25583
8708
22167
15500
22083
16875
22125
23125
14875
21708
16917
21250
14917
21667
16083
21625
23459
21833
16500
21708
16375
21917
16584
21542
22875
22833
23375
22958
21875
22583
16542
21666
22917
23209
16167
21792
16333
23000
17125
22708
23167
23125
16500
21541
16333
21750
16542
21750
23125
23292
21792
23209
16458
23875
16666
20250
9625
13041
57916
54875
54417
56291
56208
40792
42083
35500
38209
45334
43708
49875
49583
56542
58042
54291
48334
56833
41709
57792
51542
36959
44542
54625
53083
51792
57792
56917
107000
94500
71208
48208
26333
55375
35875
55000
43833
55375
42708
59666
101291
77375
54917
35459
21667
21500
24209
16542
23167
16375
23125
16458
23458
17084
23459
23541
24667
24708
17500
22917
23584
17917
46416
31459
49292
35208
55083
55209
26583
14666
23959
20375
29750
26375
16125
24208
17541
23417
52958
55459
61542
52208
46708
39041
42959
43291
39500
39417
29417
14709
41375
38209
41584
42583
102083
96166
84875
73917
64083
52333
42458
30792
18542
6500
28708
47750
40292
28541
17709
7916
14125
4917
12584
8375
12416
12833
8250
12417
58417
98792
96542
87125
75500
67625
55500
47416
40625
30708
20541
9709
15125
17666
11709
8833
12292
9167
11959
8583
10958
8000
13250
6125
9083
12417
9750
12084
8667
11959
8750
11834
17875
17167
8000
8750
8125
11625
12875
15458
17459
10834
8208
33167
77250
69583
57167
44666
33667
21542
10042
15834
9458
14583
9209
13542
9625
12666
8041
12417
7708
12750
14083
8833
12834
13666
9084
12500
14042
7583
12416
13666
9042
12916
14459
9416
12708
9167
12583
19583
7291
12791
13875
8792
12500
13500
14000
12666
13541
14208
8959
12333
37042
60583
54625
45959
37208
37292
30875
21291
8958
14666
14834
11375
9208
11000
7250
9917
11250
11875
5958
10708
4708
10416
10583
6167
16625
15250
9583
49417
26417
12541
39416
46208
11833
10750
6958
10167
13958
9792
12292
5041
10250
12625
7792
10750
12084
8333
10959
7792
11583
6958
11458
8209
11042
6125
10209
9916
6750
9833
12042
6375
13792
6250
10417
4292
152791
154833
10792
11375
8208
10875
7375
12584
7125
11333
7500
10875
7375
10917
7875
10084
6916
10083
6750
10709
8084
10000
7125
9917
7083
10250
7000
9917
7125
9750
6959
9833
6916
9750
12125
7042
11083
4333
12417
7833
10792
6708
10833
8042
10709
11542
11750
6542
9750
11000
6958
9791
10583
9625
9292
10875
7667
11542
8209
10792
6875
9791
6958
9750
10958
6333
9834
9875
7000
9833
6917
9750
7000
9750
8291
10250
6375
9792
9959
10542
6167
9667
10750
9875
6667
9750
7125
9709
10583
9833
10542
7083
6792
9709
6583
9708
6709
9750
6666
9750
9917
10625
7000
9791
9583
12792
4375
9709
9792
10750
10375
10125
9875
10625
10250
26167
12125
14250
8125
12791
13625
9167
12708
12500
14041
9000
12708
9792
12500
13250
14042
4417
34625
18292
5750
21625
48083
28750
12041
16166
5542
14041
10166
13500
16458
8250
12958
9667
39000
95000
91459
83042
73958
66208
55125
47333
37625
28500
19792
5042
13041
44291
100292
115833
108083
98375
32583
49083
38792
25584
12417
9666
14375
7583
22041
62417
55625
39084
26709
13416
9875
14084
4500
13167
9333
13667
8167
12708
14958
7958
12625
14208
7916
12500
8916
12458
8625
13167
9458
12709
8959
12417
13875
9042
12667
9625
13166
9500
12875
9167
12583
16792
6959
12875
8875
12458
17917
42750
38750
39125
42000
103458
44166
96750
50541
58208
53917
38083
56542
110417
99000
77084
54125
31083
10375
24667
35375
34500
53292
47834
56916
33042
30208
29458
40959
48000
109209
98917
83125
46833
