971667
875292
829125
760542
664125
563958
453375
307417
160917
10833
26041
24333
21917
22625
21709
22333
21958
21708
21209
10292
8958
9042
9375
9167
9041
9042
9292
8041
7709
7667
7875
7792
7833
7917
7792
12333
11583
11625
11583
11333
11542
11792
11500
11750
11542
11584
9875
14167
11666
9375
11500
11375
43167
52750
36541
20125
15000
13542
11750
13083
17917
13875
14667
22250
15125
13333
14000
14417
15958
14500
16625
34709
20833
39625
37583
20291
13333
22709
20125
12500
9458
9583
13125
9375
52167
53042
64542
43708
25125
29375
17125
15042
14208
14792
12583
14333
17750
19417
12875
12375
25667
18166
11917
12292
16166
16042
14291
13208
11167
12625
15208
13584
11834
12459
13917
11833
14000
11583
12750
17292
12584
38167
20542
11084
19833
13750
48416
23041
18041
14833
25000
16333
12833
17166
13375
10334
10458
8833
9208
10333
8417
10042
9042
8375
10042
8708
12792
8875
8833
8875
9000
9166
11000
9292
8791
8209
9000
10375
7250
8708
8458
11250
8584
9292
7542
8208
13167
9417
8250
8625
9250
7375
7208
8834
8125
9500
8000
7417
7584
10000
7917
8375
10875
6666
8542
8083
8125
8042
8292
8125
6750
7708
8041
7584
10375
8084
7834
8500
10500
7125
9208
7458
7875
7667
7666
8833
7250
6792
6416
8208
10000
7709
9500
7416
6083
54041
39791
25792
15583
46666
25292
52750
55375
24000
21000
12875
19083
10667
16042
14125
21625
29916
17000
13542
13459
16208
14875
13958
9500
13375
13709
47375
22625
20625
14500
12708
13541
11167
9500
9417
20375
15000
53875
16958
22208
12333
16750
14750
10583
9416
23958
19333
14708
13792
13375
9833
14208
12625
11792
11084
10333
41542
15291
25500
12584
13375
16541
10625
9583
42583
22583
22417
41125
45334
41125
21958
18500
14250
16542
11542
11667
17458
33542
17583
15000
13833
12167
14208
14875
11958
11917
17541
11084
13334
13584
11166
9667
10000
9000
8500
9417
12917
9125
7916
10334
10250
10958
9750
8917
9167
7750
8333
9417
11166
10542
9042
8542
8875
6541
8292
10583
8250
6958
8417
8417
6250
7709
9167
8459
6208
7750
7500
9417
6875
7417
9166
8667
7875
6167
8417
10125
8125
7625
8500
6250
8000
7625
8167
8042
7750
7375
5584
7459
6042
7791
6500
7417
5500
7375
5375
7458
5458
7375
7708
5500
5625
8208
7875
6833
6959
9209
7250
9625
7334
6708
7250
5375
6625
7292
5541
9250
6084
6875
8292
7666
6917
7500
8375
9792
7667
8375
7292
5500
8042
4833
7625
7417
5583
7250
5708
8542
7542
8542
7833
10041
7792
8000
7458
7834
6625
8459
8250
7583
7208
7500
8250
6750
9167
7791
7334
7250
6125
7416
7375
7041
7708
5583
7709
7333
6500
6250
7375
7291
6292
6042
7791
6875
5542
8875
7417
5500
7125
6583
6417
8292
7375
7000
7125
6583
8750
7500
7958
5458
7292
7458
6916
7458
5542
8625
8334
6875
6875
5583
7167
9250
7542
6833
7375
7375
9208
8250
7708
7125
10250
8208
5625
7917
7875
6417
7084
7500
17375
13000
13625
13208
9750
8375
10417
10500
9167
8875
11250
8208
8500
8250
38666
29250
24250
21125
12500
40459
37250
25417
18500
15375
22417
12041
18375
12208
11750
11750
10416
10500
8375
10000
8666
10000
9500
8084
8125
9083
9542
9166
9250
9083
8166
7333
7292
6708
7500
7042
7375
7208
11084
9792
8750
10292
5250
11458
9667
8958
8625
8167
9833
9459
7500
7708
7542
8583
8375
7250
8417
8833
7083
9417
6958
8541
6584
7375
7625
7541
7208
7209
6083
5833
8000
8042
8917
7458
9375
8041
37083
29166
21959
22541
14042
11125
16542
12000
10084
9875
13042
9250
12000
11708
7792
8375
8292
10584
9708
9417
8333
8667
7958
7208
9125
8042
10375
8959
7917
8291
7000
6666
7542
8250
7375
8875
9250
8208
8209
6584
6459
6292
8375
7625
6209
7541
7667
6500
6542
7042
5958
6125
8083
7084
8541
7042
8208
7292
6250
6333
6875
7333
6666
7416
7500
8208
7708
6250
6250
7458
7500
6333
6709
7875
6291
8459
6458
6125
7250
8166
7333
7000
7500
7375
8209
6666
6417
7292
7042
6708
8334
7625
7750
6959
7042
6291
7417
9875
7042
8917
7625
7333
6542
6291
6542
7292
6959
7708
7834
7417
8042
7000
6583
1003750
6417
227042
7000
1088000
7042
1191583
6708
6250
6709
7875
7917
8917
7958
6708
7041
6750
7250
6792
6959
7375
6542
6875
14167
6875
7333
15375
38167
36750
33166
31459
16708
12125
13083
13333
10958
7791
14625
10209
9958
10000
10375
6917
10542
9041
9292
8875
9041
9000
7584
31666
24542
15667
16958
12084
12291
11708
12166
10958
10541
11417
9791
10417
11500
8125
9250
9250
11334
9292
9667
8459
9167
8792
8833
8458
10292
9125
10625
10125
10541
9000
8958
9167
7833
8333
8584
9708
8958
8084
8417
7959
7667
7250
8167
8250
9125
7959
8250
8333
7666
8458
8541
9042
8125
9334
7916
9958
8084
8291
8708
7084
8792
9083
8042
8250
5458
7958
13667
11542
9709
10000
9666
8500
14750
29167
37166
32208
19375
18250
38666
19000
37042
14625
16125
15292
14125
15708
9791
10625
35250
44041
42167
38000
41166
26167
30709
15000
12666
16833
11791
13750
31333
24208
19458
13709
11542
13333
8291
8250
15708
11667
19584
19750
41875
37000
31208
16250
12333
12209
11584
10375
12625
9542
9709
8167
9292
7250
7750
8334
8125
6875
8417
6833
8084
7916
6917
6542
7834
8000
8042
7000
7000
6375
7291
23125
12542
11875
10667
10167
10792
11334
9167
10125
8584
8083
7875
8750
6625
8333
8667
8166
9334
9666
8291
5958
7500
7333
9250
8791
7292
7083
7875
8625
7417
7000
6708
7875
7500
7333
6792
7334
7167
6666
7208
7166
8667
6042
8791
7583
7375
7000
6083
7083
8125
7458
7250
6959
6542
8416
7625
6583
7416
8542
7125
7833
7250
7250
7041
6625
8084
6625
7709
7959
7916
7083
7333
7542
8291
7541
7333
7208
7167
7083
8208
7375
9000
7042
8958
8375
8000
9042
7333
6958
6292
7500
8125
7166
8875
8083
7583
7584
7750
7000
6083
7625
8000
8500
8375
6792
7542
8000
6625
6750
7500
6375
6458
7458
6500
6541
6917
6541
9750
11083
8750
8333
8334
8791
6708
9792
7500
7625
9417
8041
6583
7834
8833
7167
8542
6541
6084
6709
7416
7583
7542
6459
6708
8083
7542
6792
8416
7334
9416
7708
10792
7709
7667
8166
8833
10458
10375
9333
7125
9333
8750
7875
11416
6708
7083
6416
7750
7584
8000
6833
8541
8708
9541
8042
7666
7875
8875
8791
13291
13292
32500
13625
9000
8917
7750
7917
26541
10000
8250
8917
6917
7042
6833
9125
7583
6459
9459
7875
7625
8125
7209
7250
9792
9125
8750
7959
6709
7458
8333
38125
21667
19917
13792
14334
9667
10083
11666
11458
8292
10500
9333
9125
7375
7958
13209
7791
8875
8459
10750
9708
7750
7750
7875
8250
8333
7583
8875
7666
7958
9500
6833
5667
6500
286750
6708
6542
7167
8042
7792
7500
8083
6375
6292
9208
8333
9208
7791
6625
8125
7042
8250
7375
7000
7208
8250
7625
9875
8167
8666
6375
8000
6666
7209
6541
6708
7792
7292
7708
6792
8292
7458
8292
7625
11042
8083
8125
6333
7375
7417
8417
8958
6667
8333
8083
8458
7208
7917
8167
7500
8291
9083
7583
7709
9125
9083
7625
8625
8875
7625
9000
7666
7750
7792
6834
7333
8375
9041
9000
7958
7791
6250
7750
7875
9042
8209
6584
7792
7292
6541
5541
23417
15708
14833
14084
8291
11166
8875
7375
9250
7292
8000
7542
6583
9375
10750
8792
6667
6500
6541
8416
6083
6292
6375
7500
11583
7000
6167
7000
8625
44500
39916
41584
20833
28709
15292
13875
8875
10333
35209
21583
11917
10500
10125
10500
8334
8500
6750
9625
7667
9500
10791
14583
9416
9750
10459
8750
10708
8292
9833
10208
6834
8625
9667
7709
10416
9875
10333
7375
6833
8541
7834
6833
7208
7125
10459
14833
8292
7875
8625
7708
8958
7458
11459
9042
8417
8750
8958
8958
6625
9042
7833
10042
8042
7958
8250
7000
6667
7083
7625
7666
6334
7667
7458
8250
8375
11334
8917
8042
9125
9500
7625
7625
7375
9542
8000
6375
7625
7000
7375
7792
7542
7250
7292
6792
7666
8291
6958
6625
8209
7292
6875
8875
8875
8500
7583
5708
5500
163208
41042
33500
16000
11416
9875
12958
13416
8875
8167
11209
10333
8250
8834
9125
7375
10459
7500
10542
6709
9917
7125
9083
8625
8625
11791
9292
8000
8792
8791
7083
9875
7916
9208
6792
8583
8208
7000
8667
8875
9458
7708
7958
7625
7084
8083
7250
7500
7917
8750
8917
9041
9916
9500
9750
7833
8792
9791
9875
8500
9166
9209
8542
8333
9167
9125
8083
8292
8125
8458
8667
7333
8084
8792
9000
8542
11333
8125
8500
7791
9417
10292
9583
8125
10750
8334
8416
7875
9959
8208
8375
7792
8542
6375
14959
13958
13500
9792
9500
8417
8875
7875
7584
7375
8208
26250
15792
11500
9542
9875
8958
9917
9375
8208
9667
8375
8958
8458
10709
8916
7917
9083
8667
8417
8084
8459
8541
8834
8459
8250
8583
9416
11250
8584
8167
8709
8167
8125
10542
8584
8083
6958
9208
9000
7750
10375
8000
8959
9209
8125
12500
8083
8250
8875
8834
8208
10125
9250
7917
9041
8125
9208
8333
9125
8917
8375
8334
8291
9500
9458
9250
9291
9709
10667
8958
7334
8500
6750
9041
7000
9167
8875
12333
6917
9167
8750
8333
8917
8583
8375
7750
9000
7417
8542
7583
7958
6791
8417
7625
10542
8375
8500
10750
8417
8958
6792
8083
7125
10042
7500
7959
7875
6833
8375
11167
6875
9459
8959
9000
8042
10083
9375
8750
8542
7667
9542
9417
7792
10417
12583
7959
43500
37084
20084
12208
11292
11375
8750
8708
8792
8542
8292
397417
7500
8125
10625
7250
11667
8417
9417
10917
8459
7916
10959
8375
8875
9042
8875
8291
6958
8125
6958
8000
8500
8125
9208
8292
8667
7083
7208
7209
10458
9500
8208
8708
7000
7000
8166
8500
10042
8750
10042
7542
8834
6917
10417
8667
7875
9542
6416
7667
8042
9333
8583
7709
8834
8083
9125
9250
8541
9291
6375
6875
7500
9542
8084
9500
8250
7583
8542
7000
9333
8792
7417
8416
7875
8083
10875
9416
9041
6583
6542
35750
15667
11209
19167
11750
26958
15958
11917
11209
9542
7000
9416
9500
8875
9250
12000
10209
6542
8959
8458
8083
9375
399791
9333
6791
6500
8792
6917
7291
8625
7708
8000
8250
8375
7458
9833
7959
7334
7125
7625
6959
15333
24958
13042
8458
7750
10125
7458
8791
7375
8667
8833
7917
9250
6750
7958
8333
7750
9083
10625
9833
9875
9250
7458
9292
8125
9875
9416
8375
9500
7792
11333
9042
9084
9917
7458
8125
9542
7167
7458
7708
10958
8958
9000
10875
8292
8500
9375
9542
9292
10041
11458
10000
7208
8708
11583
9333
7750
8708
8416
8000
10667
10834
8625
8875
8792
8375
12125
10708
7542
9167
8125
9125
9334
8041
9000
7375
7375
9000
7500
7458
11667
9625
9584
7334
7459
8916
8333
7708
6792
7000
8000
7250
8875
6750
9042
7625
11958
7875
7292
7625
8084
9750
10083
8916
9416
9709
7542
8916
11375
8667
8666
8500
9750
11250
11042
28375
34333
35292
22667
13542
11459
12541
11000
12667
11000
9625
9458
7792
8958
10792
8416
7417
10291
8500
8583
8375
17083
10000
10625
11042
10667
9792
7833
9625
11041
9625
10667
9625
13500
23750
12208
10167
9208
9833
9333
9000
8042
8292
6750
8833
8666
7709
9292
19708
11500
9958
8917
21292
28250
22250
37833
24000
13709
11208
35875
17917
36750
35167
14583
15500
16625
24833
35208
37375
20583
35542
16250
46917
21625
35292
36666
14958
37333
17291
13291
38917
18667
11875
14958
10500
9084
8625
9584
10416
10333
11000
9542
8708
8209
8584
9542
8417
8041
8416
8875
8166
8459
8042
6917
9292
9875
7875
8791
8792
9666
8083
13417
10917
10042
11250
12375
12292
17500
30625
38041
20917
12125
12375
11042
9125
10834
9416
9209
9458
8916
10125
8000
9917
8583
8333
7917
8416
9250
8542
7709
7625
8083
7958
8500
8542
9458
9209
7875
8125
8417
9333
8416
10334
9250
9500
8709
8583
9417
8084
9500
8209
9500
9583
8667
8875
10208
8084
8208
7833
8666
9000
8208
10584
8209
9833
8584
8875
9166
8250
9833
7875
9834
9583
8625
9375
8708
9000
8041
9542
9500
8166
10666
10375
8000
8708
8208
7792
8458
9500
7334
8375
8208
9916
8333
8709
12083
9333
9125
9709
9208
8958
9541
8208
7958
8500
9542
8417
9625
9417
9417
8875
9625
9167
9792
9625
8292
9041
10250
9792
8167
9000
8166
8125
9666
8208
7125
7292
7458
5750
8417
8208
9625
9333
7459
7500
6458
7208
17041
13792
34459
21917
12500
12583
10375
9375
8625
17500
11041
10750
7583
7333
8667
8416
9041
8000
8292
7416
6792
5750
8250
8250
8459
10833
9458
29458
15125
11542
10375
8417
8125
8166
7625
36167
18500
12750
35666
11875
10167
11625
11625
10625
12209
7667
11000
11584
11667
9958
11250
10000
11584
12083
13542
11500
11750
13083
11375
13208
11416
8000
7542
11083
11625
11916
11583
13041
13458
8250
12792
10875
11708
7833
11917
34500
10667
11959
11875
11625
7167
11625
8333
11458
11416
11792
10416
11250
7125
11083
10958
11625
11625
10833
8458
9875
7708
10291
11666
11917
11416
12750
10917
11583
11500
9875
6083
12959
10500
12208
11209
10792
11667
12708
11458
9959
12583
12000
9667
8958
7458
7542
8125
7917
8167
11000
9250
7875
9416
11042
7542
8250
11041
11042
10750
12292
10958
11208
8166
11500
12667
12750
11500
11167
11750
11625
12125
11417
11000
12000
11792
10000
12375
11583
16166
11709
8083
8375
11583
12375
11708
11084
11792
10167
7833
12000
9792
11375
11500
11875
13083
12791
13625
11750
11667
11375
11750
12625
10667
14250
9625
11416
9375
11625
14958
12042
11791
11292
9625
10333
11458
11459
8125
9791
9458
11834
11375
13292
11042
11417
12792
9208
11375
11583
12125
11458
8333
7667
12042
11583
9041
8750
11875
11583
11333
11583
11542
11708
10334
7000
11792
11542
10625
11750
12667
11458
11750
9875
12333
12459
11541
11292
11250
13708
12667
12209
12250
13375
13000
11791
8375
11916
12083
13250
12167
8500
11667
12292
11667
11209
7958
11833
11625
13333
12000
8625
11209
9333
7333
12042
11542
11916
11833
12084
10916
12167
7250
11625
8125
11375
7542
7250
10042
7875
13208
13292
11542
11916
13125
11541
13208
10458
8041
9542
11416
11500
9875
9417
11500
12042
11500
11750
10500
7916
11958
11667
11833
11875
11917
13208
7792
13375
7875
10917
11875
14250
12167
6792
12083
11375
12083
11708
12166
9750
10333
11542
6917
11792
9750
12041
13291
11083
12292
12208
11583
11792
11875
13500
11333
11542
11250
11916
12042
11875
7875
11292
11500
8917
11167
10625
12583
9958
11458
12083
9917
11167
11375
11959
11667
8083
9959
12125
11834
11417
8125
11833
11666
11875
11167
13583
13541
7625
8042
11333
12750
10708
8167
13125
13334
9750
12042
12458
11792
11917
11417
13625
12458
13166
9666
9791
12000
11458
12958
12208
11167
11833
11333
9541
9833
11125
11083
8000
9291
10166
6708
11708
9875
11917
10292
7541
7750
522750
2289833
15042
11916
11708
9708
10000
11000
10875
11917
10917
10500
9958
10292
11333
12042
11083
12292
11333
8583
12041
11250
11375
13292
10167
11709
11791
8125
9708
9167
12958
11791
11166
11333
11708
11833
10333
8791
11375
9791
11459
11042
11750
12000
11542
12709
12458
15833
11541
11625
11458
10959
11375
11875
8834
11209
12625
11875
11750
11542
11417
12208
10958
10083
12375
9833
10625
9167
8458
10875
10250
15917
12875
8666
11375
11458
11167
11334
11833
12667
11791
10625
11583
11833
12167
11750
11625
11167
11458
11167
13500
11250
11417
9125
7334
11500
9709
11541
11583
8708
12916
11208
9833
12833
10917
11417
9750
11000
11625
13375
10709
13208
11291
11417
11833
7584
11166
9417
11542
9917
10750
11291
11334
10459
11750
11083
7542
8250
11292
11709
11667
11750
7791
12916
7583
12000
11416
12709
11750
11084
9875
12375
11667
11208
12125
12250
11000
6792
7666
10083
10916
11875
10792
11000
7250
11875
13292
12625
11750
9500
11584
7875
11958
11209
11333
11250
12833
11625
12000
10125
12166
7417
11208
11667
11750
11541
8625
10709
13250
11416
11417
7750
7917
11125
11541
11708
11208
8542
10334
9625
4584
11709
11458
7833
11292
11625
11375
12500
11875
6791
11583
8250
9916
11750
9584
10916
11875
8042
12958
11750
10542
8292
11875
12334
11625
13041
11292
8083
11541
10791
12000
12875
11917
11417
11625
12083
13166
11750
8000
11417
11666
13125
9834
10667
11459
11791
11583
11458
12167
8625
11417
12791
13250
11542
8083
11792
11833
13250
11500
11542
8917
11875
7167
11250
11750
9875
7917
7125
10666
10958
8625
10583
10667
10834
9208
10875
7583
11291
11500
12167
11375
11292
11833
9792
11958
9375
12958
10083
11458
11875
8417
6875
10542
10792
6708
10709
10500
10750
8458
10958
6500
12875
10250
10833
11709
13041
11542
7833
11417
11708
11625
11292
12000
11125
12791
6750
11334
13459
9084
8083
11833
10292
11625
12833
11375
11375
11959
10791
11667
11708
12833
11250
11375
10375
11792
10959
9708
12667
9125
11708
8500
11542
12250
9625
12958
11875
11208
11625
12209
8542
11542
11458
11750
13375
9125
11666
10791
11583
12000
13500
10917
11792
11000
12292
10875
11917
11500
12500
8042
13125
12084
11541
6708
11666
9875
11625
11583
3958
11667
7209
11875
12333
8959
11666
11875
12917
11959
10667
8625
7333
7709
7833
7458
9417
10625
11125
12250
10959
11667
10959
11250
11125
10917
6792
9750
7417
7167
10167
7250
11041
13166
11958
7666
9542
12792
12000
11792
8917
12083
11375
12000
12167
10917
8084
12542
10542
10792
9875
11209
10666
9875
12041
11084
11375
11500
11584
10542
11875
13833
10750
12042
11333
11125
9250
11334
11541
11584
13250
8625
11333
11542
10417
13416
9584
14167
8417
11750
10917
11292
11958
9875
8250
11667
11666
12375
11583
15250
11500
11667
11750
11917
11958
11959
12292
8209
11625
11459
11834
11041
7709
11833
9042
11917
11500
11875
8875
13167
11292
10500
11167
13375
11500
9834
13167
11833
12958
11875
9708
12000
7750
11125
11792
12000
11666
11500
12250
11791
11708
10334
8375
12708
11500
10041
8750
8834
10958
12041
11958
9792
12125
11792
12959
10833
11417
11833
9458
11542
11709
11792
12542
11459
7750
11459
11541
13417
11917
9000
12167
8041
11292
11708
11792
9708
11708
14084
10875
9875
12042
11041
12000
12125
11750
11458
11334
10875
12583
6708
13250
11666
11792
12750
11458
11958
12166
11833
6917
11458
12917
13000
12125
11750
11709
8250
11917
11625
7916
11875
11625
13083
12625
7833
11375
12166
7250
12250
6042
11750
12834
13708
12250
11625
8459
11459
8708
12000
11458
13500
10500
10792
11166
11709
13417
9791
7083
12125
7042
11750
8917
11209
8000
11291
12375
11041
7833
10667
10417
10541
11042
6875
12167
11042
11458
11500
11292
11625
11500
10209
12000
10250
11875
7083
12542
11833
12292
10667
11709
8459
12750
12958
7750
11208
11833
13250
12041
12916
11208
10541
10208
9083
11584
12083
11208
8750
10667
9583
12958
11541
11584
11959
11416
11750
11750
8417
11875
10583
9291
11833
9541
10625
7959
7750
9084
8875
11250
12167
11334
11083
11000
9667
11208
10458
11958
12625
10000
11541
11458
11125
8958
13333
12292
13084
11625
11417
11708
7959
11667
10667
9792
12041
11584
11167
11417
5500
11125
11209
9333
11750
10667
11416
11834
10750
7833
11792
11333
10916
10750
10375
11042
12209
10708
9666
12666
11458
11458
7375
8500
11666
7417
11833
11959
7917
8334
10500
12875
9291
11083
10125
10583
10542
9209
9417
11542
9792
11625
11458
10875
11958
11625
11000
10458
11458
11958
11583
11291
11458
11417
8500
7666
8084
8916
11166
9000
13750
9375
11708
9708
10834
12208
11625
9042
11708
11625
8083
12917
10750
7125
12708
13417
11375
11958
10833
11958
12000
8791
7875
10417
11542
12083
11708
11875
12250
11792
11583
12375
8375
13417
12000
13042
11875
12250
12542
12584
12000
10167
10417
11417
10834
11875
11792
11917
12625
11417
11917
11917
9667
11792
7834
13417
13417
10333
8292
11333
9083
10000
11833
12708
11875
11541
12417
7000
10875
12375
9167
12208
11417
11917
9541
7292
10958
10542
11125
12333
7458
10958
11041
11500
11041
11458
10500
8542
11916
11250
8500
6583
11250
12625
11583
10666
11333
11375
8042
11917
11875
9208
7750
11708
11792
11584
11375
11666
9583
8416
11416
9375
13042
7667
10000
10250
11584
11375
12542
11083
9792
11542
11667
12125
9750
12333
11583
9708
9125
11166
11625
7875
8958
10667
6667
14750
12375
10334
11167
11584
11708
7750
11833
11417
12291
12875
7042
9583
11584
10833
11583
8792
11791
9667
11334
11625
11375
11708
11500
13375
8625
11083
12042
12541
11209
10708
11667
11250
7500
7583
7916
8125
13458
11292
7833
8084
11000
10834
9292
10167
11375
11500
11083
10833
6834
11709
10917
11208
20000
12083
11667
11833
11625
11167
12209
9500
13792
12708
11917
10833
7375
11667
11541
13416
11541
8291
12542
8333
6750
11333
11875
11625
11792
11875
11709
13166
8208
10208
10291
11792
10500
11500
11458
7333
10584
10916
11750
12917
11500
11625
11167
12042
11833
11917
10125
10166
13458
11750
11500
11667
10833
12917
10958
12958
12542
6667
13417
11208
10584
10458
10584
9833
10625
10083
11166
12208
11667
11333
6584
9125
11584
11458
11250
12167
11375
11375
11792
10500
8708
11833
8500
11917
11459
7958
11792
11459
11541
12333
11375
12500
12666
11333
10875
7208
13208
10625
11708
11792
11666
11458
7916
11708
9875
7084
11958
12000
9625
12000
7292
7875
11583
8042
9833
10958
10833
9583
11708
12000
11333
10500
9209
12959
8875
12041
10875
11708
11875
11709
4250
11500
11250
11458
13333
8500
11625
7625
7500
12166
11083
11458
10000
10541
10334
12042
11250
10750
12208
9875
11000
10542
10667
11083
10375
11208
10292
11291
10666
10959
7708
7709
11708
10583
10542
7459
11917
12958
11500
14125
9458
12083
11625
13083
7958
12167
8542
7375
7750
11625
10500
11333
9042
10292
11542
10500
12000
12834
8125
9209
13000
11333
11208
11084
9667
12333
11917
8291
12750
11500
10459
8916
11875
12208
10875
11584
11417
10458
12125
11833
12167
17958
12583
8333
13333
11833
9167
11000
7375
7625
11333
11375
11666
11584
9625
8042
8250
9500
11292
10459
11375
12375
8667
12083
7208
11334
10166
12250
11334
11333
11084
13250
11417
11458
11250
11750
12209
10875
11542
8750
11458
11459
8667
11833
11792
8959
11583
11584
8375
13125
12041
11959
13125
12125
10625
11000
13375
11583
11500
13208
11708
10959
9417
12917
7167
11500
12125
11208
10833
7458
10959
6958
12917
11375
12167
11458
11375
11125
7833
11750
8500
7667
7625
12875
11625
11667
11500
11083
11333
7792
3750
11709
12834
7958
11667
11167
11709
12792
7584
7417
12917
7375
9042
11458
12416
12250
10833
7250
10208
11167
11542
11458
11417
7458
14625
10875
9875
11875
7875
13083
11334
11041
11209
9625
10833
11791
11417
11709
12250
12291
12417
11625
11958
10666
8000
11917
9542
11458
10083
10417
11500
11875
11416
11459
11916
8583
7917
11500
12417
11084
10708
10542
9833
11000
7959
8000
9375
8083
13167
12000
11459
12333
7833
13750
12875
13209
10958
7834
7666
8166
7834
8042
8666
8042
7042
8125
12750
10500
8875
7833
7792
12791
11416
10584
8334
10292
12583
9167
9000
7959
8083
12000
8833
9334
12708
8083
7625
14167
9417
9334
8000
8500
11167
8042
9500
10542
8875
9375
8959
8041
10500
10500
9667
9083
9750
9500
9458
9459
14709
14209
16958
13458
30458
20917
10583
16333
15125
7166
9875
10542
8083
27292
16375
19042
11292
11875
8584
9875
12750
10333
7125
9208
8833
9375
10166
10875
8667
10416
8667
8709
9584
8166
7583
10459
6375
10375
10417
9834
9750
8292
7416
9667
8625
9334
8584
8416
7208
8875
7125
9459
9250
8375
14417
8875
8333
8875
6875
8167
7750
7167
9292
9416
10666
9959
8792
9042
10042
6083
8542
13250
10333
7959
12209
11083
8166
9625
8250
9500
9000
8000
10084
9625
11750
10584
9750
8041
8833
9083
10000
11000
8292
7750
8041
10792
6375
10666
9541
8208
10458
7791
7917
9208
9375
8875
8208
11500
9708
7708
8334
7125
9750
8417
9625
10583
12291
10042
7709
9625
9750
8958
9875
9333
8500
8958
8625
7959
9542
8750
9500
10458
10583
8916
8417
9125
9708
8708
10125
9375
9125
8041
9500
8542
8833
9542
10625
8666
3416
7875
10083
9334
8833
10375
9750
8542
9083
10833
8750
9208
8000
9541
10959
8833
9959
6208
10916
9375
7708
9875
8375
8375
9708
7750
8125
9208
9458
9958
9666
9791
9625
9500
8833
9708
10083
9625
10708
9542
10000
10667
9042
13958
8333
9250
14750
13625
17792
7708
11417
13292
12333
14958
10542
10625
15000
13875
8292
16292
13125
10625
16083
28292
20917
15125
10459
13042
15500
13666
13250
9541
11709
8083
9125
9542
9459
9750
9500
10208
9708
9291
6958
12875
12500
11375
9542
7709
9042
7792
8583
7833
7666
8917
8750
8584
9000
9625
12875
7792
10959
9708
9167
8584
10375
9167
9583
10042
10791
9792
9542
9042
11083
9000
9167
9750
8459
9334
9417
11584
10667
9709
9334
8250
7250
8917
8458
8500
8958
10000
9500
11667
10334
10625
10375
9500
12000
8958
8625
7125
10542
9042
14542
12166
8958
9375
8708
8250
9583
8875
9625
10417
9875
9166
7458
7959
8667
9666
8625
9666
9375
6708
10500
9458
8500
9917
9625
10583
8416
7250
8084
9667
10708
9667
11875
8334
9167
10083
9791
9125
10458
8750
10709
10834
7459
9708
8875
9208
10750
10625
8708
9917
9292
10375
10000
8292
10125
9792
9791
9750
8875
8250
9666
6708
9750
9125
7208
9083
9500
9250
9166
9416
9583
9250
8958
10541
9750
9542
10958
8041
9667
10709
12708
9500
10667
8458
8834
9375
8375
9375
8958
8375
8416
9292
9583
11709
9666
9792
9833
9708
8625
10875
9083
9458
8625
9042
8125
8792
8458
8125
10292
9417
10459
9667
9250
8416
10500
8958
9209
9417
9084
9125
11958
8417
8083
8166
11875
10583
11583
8041
9417
9667
9000
9041
9708
8292
9833
8750
9708
8958
10000
9792
9792
8083
10041
10084
9625
8959
9417
9208
9584
13000
7042
10792
10208
8708
12750
16125
9000
15084
28250
11416
12084
9209
14167
14292
10041
8166
8625
9334
8750
14500
22708
19625
10916
9083
9458
9500
8041
8583
12083
9083
9792
10291
9375
14458
27958
18209
11209
8750
9208
10084
7750
8750
9167
8750
9500
10292
12334
9291
8291
8625
9125
1150875
12333
7917
13458
11125
9500
8375
14125
1628333
12458
12666
13375
19875
27167
11333
9625
7834
10666
19708
32458
12333
26792
18500
12417
33875
12750
12875
8667
9750
17542
12917
11709
15042
11167
12917
10458
9583
8750
8791
6750
9000
11791
8708
8208
8958
9792
10500
8625
7167
14709
13125
22583
17459
12959
14833
13166
10167
6542
13583
10292
8958
9833
13541
9250
11584
9250
10125
9250
9583
9500
9709
7917
8542
9500
8209
9084
8458
13625
9167
15375
12667
16875
11291
12041
7625
14125
8584
9542
7041
9292
7500
8375
9542
8208
10625
8916
8792
8542
9375
8625
9791
9584
12042
10125
9417
9416
9834
9250
8333
8750
7625
9375
10375
11208
7834
8500
14834
11250
9541
9000
12792
6916
8417
9375
8458
15041
14667
13833
14916
10750
25833
14459
27958
13708
12166
30542
32708
17709
19375
11459
10750
10333
31750
12125
10500
29416
20208
12166
13458
9541
8292
7750
9291
10083
8250
8000
7375
9917
7666
8625
18750
27750
21209
10958
8833
9791
26792
10792
13083
8709
9792
16958
11291
9709
8708
11458
10042
11458
8917
9542
8583
9250
9250
7833
6959
6959
7083
9541
9167
8333
8542
9208
7125
10792
7083
11958
8250
12625
8042
9375
9125
9958
11458
8833
9209
9541
10625
8500
7917
8708
7417
9333
9459
9208
7291
9708
8334
11750
11292
9833
7458
10750
10500
10458
9083
8750
10709
8500
8709
9667
11708
8375
8250
7459
9709
9500
9417
11375
9417
8000
9250
8500
10666
10667
7417
8208
8209
8542
7250
9709
10792
7250
10167
8208
8667
9458
8708
8667
9625
9875
8417
7917
12209
8542
7334
7834
9041
9250
8458
10916
10458
11917
8459
9000
8792
9041
11042
9541
8917
12000
10916
9125
9750
8292
7625
12125
9334
9584
10417
8708
8250
14750
7875
8333
7500
8041
8791
12583
7291
7834
8959
9000
7375
8750
9625
7458
7083
7250
8625
9417
8625
9250
7584
8250
10833
10042
9209
7792
8125
10459
9416
7167
10833
11792
10292
9375
10833
10500
11083
10625
9250
9875
7834
7917
9166
11625
8959
10666
7500
9541
8917
9500
11083
11834
9417
9709
8709
10583
9833
9625
8750
10042
9958
8125
11834
9584
10542
10667
9333
8417
12208
10958
12292
9541
9709
12375
9375
7500
10083
7375
8792
8459
9500
7750
8625
8542
9834
10709
9042
7958
10041
10500
9250
9584
11500
9792
7875
7584
7583
7708
8042
7875
8875
9125
9292
8417
8834
9292
9375
8625
7584
9708
10459
9375
9584
9250
14167
10500
16042
15542
10834
10542
11541
15250
16375
13125
8417
9875
9084
7166
12625
9125
13708
6833
22875
11958
10750
24792
15791
11041
23209
11750
20333
16833
14250
10125
7125
12458
11458
13417
10500
8959
27250
13042
24458
10333
8375
17042
8708
8000
11916
8667
8958
8000
7959
7791
9667
7708
6584
12041
24625
13708
10875
15042
9291
9125
9708
6500
7917
11292
9083
9292
11666
2116709
14250
14459
10250
8375
12334
8667
8916
21750
12834
12417
9041
9375
26209
14125
11500
12500
12250
10208
7292
17667
9583
10625
8375
12916
10375
8500
6958
9500
8791
7250
10166
7375
7792
10500
13291
17333
25333
19000
15625
25375
9500
13167
17250
13209
9458
8459
8333
17208
19167
13834
15083
10792
11292
7500
32667
15625
19084
13250
10958
14500
8917
32750
26208
15167
13375
28666
14542
26708
13875
10916
11042
9833
7875
7167
8625
9750
8291
9000
8459
7792
9292
9458
9917
8541
10667
9542
9750
9417
11541
11250
9167
12542
9125
8917
9291
8042
10542
8708
8667
10334
9667
7792
6292
8083
7250
10208
10083
8333
12333
7750
10292
10958
11917
7708
7584
11125
7875
7541
10458
11125
8583
8792
7125
8791
9291
11042
9375
7666
8958
7667
10333
10667
10791
11292
9167
9375
8833
8666
10875
10791
9250
8917
9708
10708
8917
10083
8166
7333
43917
9917
8625
8959
9000
10250
7791
8917
9708
9375
9667
9834
8167
9333
9291
10750
9541
9833
8708
9708
9416
10291
10000
7875
8709
11667
10084
9958
10084
8167
9459
9084
12250
9834
8791
11750
10250
8500
10291
9291
9334
8375
11541
10083
8584
7333
9750
9125
8708
8083
7500
7959
8167
8833
8417
9791
11542
10750
8917
8750
8417
9583
9000
8792
13625
11375
11917
8958
7709
8459
8000
10583
8791
8166
9125
9291
9917
8083
7166
7083
10084
11250
9875
8125
7917
10916
12959
9334
8541
10625
9500
9250
9792
8916
9041
9667
10000
8375
10167
11042
8541
9625
12333
8791
10417
7458
11083
9417
9625
11625
10666
8750
7667
9417
9542
7792
11875
9875
11583
8417
10333
9750
10250
8292
10584
9958
6959
9667
10042
11750
7209
7958
10417
9834
10709
8042
8042
11458
9875
9833
7333
10292
8292
8459
8291
9458
10583
12167
8125
9708
9083
8625
16125
8542
9000
8625
8250
9416
9750
7750
7750
8375
8791
9916
8125
9583
7791
10459
9542
10250
10250
8083
9833
10917
12042
8750
8792
9542
11458
9458
6625
11958
9833
9125
8875
10875
9125
9458
8250
9375
8333
9375
7792
7500
7583
10042
8708
11917
9375
8958
8042
8208
8583
9000
9791
7250
6625
9209
9584
9625
9209
13959
8250
9042
10750
9375
8584
9750
7542
10250
7542
8084
8875
9542
9667
8834
9625
9459
10458
11500
8166
8750
8292
8666
10375
7959
7833
10042
8000
7000
11125
14041
12625
9834
8375
9250
8000
9083
10041
7833
8708
7292
8125
8125
8750
9000
8417
7792
7291
6709
6958
8375
11208
10000
8583
1239792
12416
11709
11709
7625
11417
9583
8084
9375
8833
8250
9416
8042
8542
18833
13250
10708
10792
9875
11750
9583
9375
7084
7833
9542
7541
8416
9000
9250
10208
8167
8208
10125
9000
12333
9583
9459
10958
10709
8208
8250
10125
8167
7125
12583
10500
9750
9417
10917
10667
9750
10208
9917
6958
10291
9542
8167
9750
13834
10625
8583
8333
11709
7458
10917
8250
7958
9542
8292
7542
9791
9625
7209
13708
10833
12000
13916
8083
7250
8000
9083
11500
9167
8833
7584
8583
10500
8583
8167
8875
9750
10916
12000
9750
8500
8834
6875
8833
8584
8375
11750
9375
10458
7917
9959
9459
8292
11458
8833
7917
11250
8375
7125
11375
8542
9333
9709
9167
13750
11292
12541
9958
9833
9458
10208
7917
13500
8292
8000
8667
8000
11375
10458
10333
9375
9667
8667
9917
10458
10917
10042
12459
11083
9875
9333
9791
7625
21208
26583
13583
13542
13208
12708
10500
9750
9042
9833
10625
12459
9458
9334
7417
11292
8667
9292
10958
10583
9917
8000
8000
8958
44250
7667
7958
8792
11334
9458
7666
10166
10666
11250
8292
10000
10625
8209
9750
8666
13583
10500
11375
8708
8542
7291
10542
9208
9792
8917
9125
8833
9750
8667
11666
11542
12166
9333
6542
7167
12208
10292
8583
7959
8250
11791
9625
8291
8792
8000
7125
7083
6791
8208
8458
12042
9792
9000
8834
8583
8750
13000
11083
12167
11000
10625
10500
13042
8041
7458
9792
8375
8833
7375
9458
9333
11709
10333
13834
9792
8125
10792
9084
9541
11167
9292
8708
8375
7958
9917
9208
7958
9875
11167
8542
8000
8416
10708
7625
8250
8833
9000
8208
7250
7583
9250
9750
8000
9583
8917
9458
9291
9959
10583
7959
9708
9708
8125
9125
8541
10875
12500
9250
8625
9708
9583
8333
10709
8500
8208
9666
8333
9750
9667
12000
9541
8709
8458
8125
8916
7125
8208
7834
9833
10541
9625
8167
8042
10125
8750
11125
8833
10833
7833
8167
8333
8917
8667
8208
7042
17167
14583
9667
7959
7834
7958
6541
7791
12250
9709
25917
32708
15292
13541
16250
10500
11625
8625
11375
11042
9083
10333
10667
10292
6583
9083
9709
8875
9042
8291
8625
8667
8417
9417
10083
10125
10791
7917
10333
9542
8583
9208
8334
7917
7833
9416
8250
8125
8375
8542
8750
10958
10041
9458
9167
9416
8000
8083
15291
14625
8917
8583
8500
8792
8833
8750
8458
9417
8417
9084
8375
8084
7541
8791
10209
8000
9084
13542
9208
9625
11458
9917
10792
8459
9291
9084
8042
6625
9708
9500
8833
9584
9625
11291
10500
10542
10916
10167
9458
9750
7000
10833
9500
8833
10083
12083
9333
8167
10125
10459
12875
8209
10583
12708
13375
9084
11334
10791
8333
10125
8041
12042
9417
8708
8583
8375
11125
9208
8041
10208
9417
11708
14792
7875
8208
12958
9750
7958
10500
14333
9500
12167
10042
9459
9750
7833
9208
10708
11083
9500
12375
9750
9667
8917
10708
9833
9416
8667
9459
11000
9666
11375
9708
9958
9125
8792
10208
7541
10833
8958
9250
9750
10625
10458
9334
9708
10541
10000
8834
9625
9292
10083
11209
9833
9292
11125
11209
9375
8708
8500
8250
1366000
9542
10208
9375
9375
11000
13000
10958
9250
10417
8542
11542
9500
9583
10417
9208
11542
10875
8375
8167
11500
9083
9417
9334
10083
9708
9750
7875
9667
9708
10083
10166
8750
9542
13625
10417
12375
10041
9084
9417
10375
8459
10958
8708
12875
9083
8500
9625
8750
10625
10709
8667
8292
8250
7958
10500
9958
9125
8042
10542
8459
10250
7833
10084
9750
8292
9500
9125
9333
10000
8708
8000
9500
12750
12000
9875
8250
9500
9333
9708
9542
9333
8250
12542
11083
12125
10208
10500
9416
9583
9875
9875
9541
9125
9875
9000
9667
8875
8333
11541
8166
10541
9584
9417
9375
10667
8959
9166
9542
9458
9542
8333
9875
10625
10833
9208
7708
10750
8875
9167
9667
10583
8958
9208
8042
9500
11125
9417
8625
9209
7000
10083
10375
8417
9417
8875
9125
9042
9375
10584
10959
7625
10250
7917
9125
9625
8500
8834
10000
9666
10083
10416
9209
10458
9458
9167
12000
9417
6542
12375
10583
15791
12417
9292
9750
8750
8167
9917
10000
11750
10458
8292
9417
8459
10625
9458
9833
10291
8625
7958
9750
11709
8458
8208
10042
10208
7125
9000
8959
8208
8458
9875
9000
11208
10792
10500
9416
12208
10542
7625
9917
8375
10833
9583
9750
8917
9083
8375
9084
9959
9000
10708
10333
10958
11459
10042
9583
10917
9875
9709
10541
9584
12583
7750
10625
8875
9125
11375
10791
9333
11416
11708
8458
7792
13083
10375
11291
8416
8167
8042
8791
10333
9458
8542
9417
9917
10208
9042
13083
9458
9916
8458
9666
11292
11792
8875
9917
9625
9250
8500
9792
9875
11333
10584
10458
9167
8792
8917
9541
11709
9208
9500
10542
11416
9250
9500
9958
9541
11417
10834
10792
9542
8958
9750
9042
9416
12500
10042
8916
10875
10209
9833
8291
11500
8625
10667
9833
9875
7625
10375
10792
12750
7834
9958
10125
9167
9666
8792
8292
10625
7250
11333
8042
9667
8375
8417
11666
8291
7667
7209
8625
7958
11292
9583
10792
8417
8458
8583
10791
9250
12625
8416
8167
11167
8041
10875
10959
8709
8250
9875
10583
10542
9417
8291
8583
11042
7792
9750
7542
9541
8459
9834
11084
8500
8000
11500
11625
9542
9459
8666
13166
11250
8375
10459
8584
9000
14167
9584
8417
7542
9875
9250
10834
7834
7583
8500
10125
9125
8167
10083
8166
10917
8209
9584
10250
8708
9625
8917
10583
9375
9875
10917
11167
8834
9542
8833
8500
9334
9541
9916
12208
8916
9500
11208
9375
10084
9666
9166
8000
11125
8750
8958
8250
9625
10750
9416
9167
8375
8584
10792
9208
9625
9458
9625
10750
9667
9834
10792
11500
10584
8667
10500
11041
10250
9708
11500
8250
8500
9375
10375
7834
9334
10750
7084
7458
9625
9083
8459
10291
8541
9417
9042
10208
8625
8625
9166
10458
9083
9583
9917
10291
9791
9625
11125
9875
8500
12250
11084
8208
10375
8334
9791
11041
9416
10875
9917
10208
10916
10125
10209
8250
10292
10834
12875
7875
8583
11208
9250
10750
9041
9083
8542
9542
9167
8792
10834
10333
12250
11125
9584
8667
9708
10458
10041
10125
10459
10916
9083
8250
9542
7917
9584
9208
9291
9709
9916
13541
8167
9625
9500
9584
9792
8458
8375
10208
7792
9875
11375
8875
9042
8459
9500
10375
10583
11125
11209
10417
8791
9875
9667
13542
9375
7667
11417
7250
8417
14666
11375
9875
8333
9958
10708
8667
8375
11084
10334
9458
12375
11333
9750
9625
10291
11459
10291
9375
8791
10000
11792
9833
9750
9084
13042
9500
8542
9667
8500
12083
9458
11292
8709
9875
6833
9542
11208
11500
7958
8667
11500
10792
10625
9041
7083
9375
8417
9208
8709
10625
5417
8208
7958
12291
9333
8709
7500
10292
8500
11541
13833
8500
12542
12583
8333
11542
10000
7833
7792
10166
9375
8333
8041
11750
8833
8875
8833
14416
10333
9792
10375
8709
13458
10042
10208
8125
8250
9458
8250
9625
9833
9084
9375
12875
9458
8375
9959
9458
7625
9625
9708
12417
11875
8500
9333
8209
8875
8834
9084
9250
9458
8291
8708
10292
8667
8834
10458
11625
8875
8541
8958
7791
13167
8209
8000
8458
9542
8583
8709
12834
8708
7583
9125
9209
8125
7209
8334
7917
8250
8208
9458
8292
10458
9667
8334
8417
8542
8041
11125
9583
9916
8334
11458
11625
8083
10958
11042
8500
8666
9209
8000
10875
9916
10291
11917
10417
8708
9667
9583
10500
9084
8916
8792
11916
8625
9334
9583
10542
10625
13083
9292
8833
9833
9458
12000
8291
7458
9000
10458
7792
11083
14625
8083
11000
7791
7959
6875
9416
8542
10417
11208
10250
6958
8708
7875
8291
7958
11375
10375
9292
8375
10542
10000
9416
7875
11833
9416
9666
7125
7167
11709
11041
10791
10750
12250
10500
12333
10167
9458
11083
9541
8167
8292
10458
10959
7875
7667
8417
9167
9542
9541
9167
7917
9584
9458
10208
10084
9833
8833
9417
8792
9542
9334
8916
8666
14041
11459
11125
8958
7625
8625
8292
9250
10125
8667
10375
11209
10458
9875
9709
12041
11542
9584
16458
8834
6834
11084
11500
10500
7583
9542
10250
10667
8375
8833
9709
8541
10833
10042
7875
12958
8459
7250
11125
8333
9500
8833
11667
9250
8459
8541
8041
9459
7500
9583
9875
9042
9416
9625
8750
10709
7333
8041
8542
8375
12583
9542
13125
8958
8250
8250
9875
9542
12125
12958
12541
9625
11333
9333
10250
14709
11583
10417
9708
8833
7833
10000
6667
10500
8917
64667
14333
11958
10041
8834
10708
9167
8167
8291
8334
7917
9541
9959
9834
11000
9459
10000
10083
11166
8750
8792
7958
9084
9542
10500
9750
9875
8416
4459
8000
10875
10458
8500
13334
11750
8250
9291
9834
7583
11584
10000
8833
9958
9167
8042
8541
7875
10042
8083
9833
9500
9000
8167
7541
7792
9750
7917
9250
11459
8167
14834
9416
9166
10334
10917
10292
9792
9667
8708
14625
8833
9625
9208
8375
12416
11333
11250
9708
9584
9458
10959
8292
9875
11333
10042
9959
9875
9708
10250
8875
12500
10667
9750
10500
11583
8542
8125
8375
11833
8791
9084
10708
10250
8750
8833
11375
11334
9709
8042
9917
10666
8584
8750
10542
7833
1606291
9458
9291
9375
11209
11167
10125
8792
8708
7917
12792
7833
7875
8083
12292
11333
7958
8667
10542
10167
11459
11791
9166
12875
9083
8583
8416
9792
9000
7500
9792
11083
8542
7084
10791
8500
10916
8292
9500
12209
9625
9500
10291
9625
9541
10333
9250
9375
8458
10834
7959
10708
8708
9292
8042
8833
9625
9125
9375
9917
10000
8125
9334
9708
7542
9250
8250
10000
8083
8458
8000
7958
9375
10667
9750
8208
8750
8959
11166
9875
11208
8917
10000
9792
13708
10250
8916
9875
9625
7792
9875
8292
8667
8291
10584
7917
9833
10542
8833
8250
11167
11209
11833
9250
11333
12042
11333
10792
8542
12583
11333
10042
10375
8958
10417
10041
9000
8000
8834
8209
8000
8750
12042
7958
8833
9042
9542
13125
9500
10000
11208
9292
8291
7875
11917
7792
12083
10583
9417
9125
10541
10917
10500
10667
9750
10500
10166
9458
8500
7500
8541
8416
9291
11750
8625
10125
8625
8292
9041
10833
10750
10041
10333
11334
9209
8625
13916
12250
9834
10959
10000
10084
9458
7291
9000
10792
11459
10166
11375
10542
8584
14542
8834
9000
9709
9166
11542
10167
12125
8791
10209
9250
8583
8500
12042
9083
12291
8291
9458
8750
8875
8500
9667
8208
9041
11333
11041
7750
7875
8208
8042
9500
10792
7834
7959
9375
10916
10250
10542
11333
8750
9541
8000
8625
11750
8042
11459
9334
9125
11084
10000
10333
9084
8708
8125
10000
12583
8167
7333
12708
10583
72333
13083
10667
9667
11500
8500
9625
8250
9250
8917
10958
8291
9041
8292
9667
10958
8167
12834
8583
9542
12250
9459
10750
9875
10042
12750
12917
8333
8083
8125
10125
8083
10292
8375
8417
8750
10000
10916
9583
8125
11292
9208
8666
11083
10875
10542
9334
9417
11666
9917
7833
10166
8625
9666
9833
7833
8875
6791
11084
7667
8500
12333
12458
9667
8250
8584
8333
11458
11875
11459
8375
9583
7584
10292
9542
10584
8291
9666
8417
8583
9125
8333
7958
8750
8750
8875
9333
9125
11958
13000
8458
13083
9542
12792
10542
15292
8083
19250
14750
13958
20500
12834
9542
10042
9042
8917
9417
9417
11083
10333
11625
11917
11083
8416
12333
9208
9708
10042
9875
10500
9916
9834
8958
12209
8709
10667
8625
12500
12459
7750
8375
7916
8167
10000
10000
13167
8083
9667
9625
9250
7792
7417
8792
7666
11250
8417
10791
9500
8666
9084
7834
12709
8083
9542
11000
10208
8209
7833
10833
7833
11209
9959
9917
9125
7292
8583
9917
9958
9833
11792
8125
7708
9167
8209
9125
9750
8459
13334
8291
8292
9750
10667
9834
8916
10916
10000
9833
9709
9542
9208
8834
10666
6708
11792
10208
10500
5958
11750
9334
9583
9666
10041
9833
9750
7625
11083
9584
9167
10250
10792
9167
9750
11583
10250
9375
16750
11542
9916
12709
7958
10917
11458
9709
11709
12209
9375
10208
10041
9666
8791
8166
9167
10459
8083
10917
11500
13958
10125
12750
9334
10459
11291
10000
9917
10250
10417
9958
9084
8750
10250
11084
10125
9583
9667
9708
11000
11042
9583
11583
9000
9542
8542
8541
11500
13834
9500
9833
8334
9667
10042
9750
10542
8333
9875
10083
8667
9625
9291
9042
9000
9834
9541
9958
9875
10500
8083
8625
11750
10208
10416
9791
9959
11166
9208
11042
10875
10500
9708
11416
8959
11542
9583
9791
11458
10167
10625
8750
9417
9041
9292
9500
9125
8792
8459
9834
9750
9708
12041
9958
9750
8500
8459
8417
8292
9125
8875
8167
9042
8542
10917
10250
9667
10125
10500
10542
9250
9708
9458
10500
9833
8209
9042
7584
10458
9375
12916
10250
10250
9958
9750
9167
13209
9209
11584
8583
8750
9584
12500
8917
9292
9958
9416
9917
9875
9750
9625
7417
10625
9167
9166
10875
9875
10000
12458
11334
9750
10333
9583
9416
10833
11583
10417
9708
10667
12250
9875
10750
8875
9917
9292
13292
8417
10083
10750
9000
11167
10292
10500
10125
11166
9833
9625
7416
9209
9625
10417
9625
9375
10041
9542
9834
11417
10083
10791
10541
9625
9917
11458
9417
10333
8750
9417
8667
7041
9458
9125
8625
10875
10208
8958
9667
8666
9875
9333
8667
10292
9125
11417
8417
10125
9584
9667
8042
8583
11375
11084
9292
12541
8084
9667
11958
10084
11166
13375
9375
10958
8792
9459
10250
9583
9625
7916
9917
9708
9416
10833
10708
11291
9500
8708
8875
9750
10750
11291
8750
10041
8792
9292
8833
9167
9792
8709
9417
8292
9917
8625
8792
11500
8500
10584
10916
10458
11375
7958
10500
10708
9708
9750
9875
10084
11833
9375
10084
9458
9209
8125
10458
9125
13667
11125
10750
9667
10458
9792
10250
10375
11458
9750
8250
11292
13000
9667
9500
10959
10584
11250
10250
9292
8125
10000
8750
8583
8292
7000
9792
11250
8292
9375
10041
13042
10458
10333
10917
14625
9625
9875
8208
10167
9917
10583
9167
9625
7583
8583
9584
7250
7958
9417
7958
7833
8292
7458
9041
9625
9292
9917
9833
11833
10708
9541
9375
10459
10625
9625
9750
9917
10917
9750
10625
9916
10583
14750
9667
9958
11250
9750
9792
10417
11334
11792
9792
10500
10125
10083
10042
10709
12916
8125
10417
12625
8334
9542
9833
9708
11125
9917
9583
9459
9708
13791
9250
9625
9708
10583
9625
9166
9417
9458
9583
9750
9500
9375
7625
7167
8958
10458
8416
16459
11333
9334
7791
9500
10792
9458
9833
11334
28084
13875
12500
11000
10417
9750
16000
10708
8833
8875
12916
10583
10208
9708
8417
11333
14334
8750
14417
10625
10500
8166
10708
10084
11291
10250
10292
9208
11416
7875
9334
7625
10791
10917
9667
10584
8833
8334
10084
9250
10541
9500
9584
9875
9917
9500
9458
11125
9583
12708
9458
11750
9625
9792
9500
9583
13500
9500
10417
10625
13292
10583
9250
9500
9875
12834
10708
11833
10541
8334
10583
9333
8458
8083
8958
8125
10792
9584
9792
9792
10250
9042
10125
10292
9208
7625
8167
7750
8791
10209
10750
8250
9542
11167
7750
11917
12000
11916
12833
10250
9208
8000
9042
7792
9959
10458
7750
8291
8292
9083
9584
13542
10084
10667
10417
12208
9459
12000
10125
13250
8708
13666
10458
13708
10709
10042
9375
9250
12250
11833
9625
12458
10042
10500
9708
9584
9875
9709
8166
10375
11125
8458
14500
9750
10208
9625
13166
10875
10584
9041
8875
8625
9292
11084
8917
9083
11792
14000
10583
8083
9792
8833
7375
12791
7542
9584
8000
9791
14750
9875
10084
9833
9625
9709
8208
9375
10958
10542
8125
11833
9500
10583
10334
9375
8125
11084
9792
11084
9500
9583
9458
7625
11000
10833
10167
10708
9666
9833
8541
9167
9542
12125
10083
7584
8166
8166
8167
8292
8833
9917
9583
12625
9625
11583
9417
10208
8708
9333
9792
10125
12125
11417
11625
8250
8375
8875
10792
10375
10916
9667
11709
10708
11416
9250
9667
9208
11083
12417
1885958
9125
9458
10083
10375
9792
10958
10167
8500
10625
9416
7708
13667
11666
10958
11708
10792
8459
8333
9583
9667
10000
9417
9625
9708
11333
10750
8958
9500
9625
12708
10500
9625
13083
10500
11000
8292
12042
10500
11542
9333
9167
8125
9500
10417
8875
10917
10125
9459
9833
9666
10542
9208
10875
9458
11000
14334
11709
9791
9541
9666
10208
10125
12708
9750
7750
10083
8875
11333
11208
9917
10042
11792
8875
10833
10666
9625
8666
11167
9875
9666
9917
10750
10833
9708
10541
13333
10334
8500
9250
11000
11666
9334
11333
9834
9958
6958
17750
16834
14375
20875
17292
10333
9667
8917
12375
11333
11667
19625
14250
17541
9875
9042
9083
11959
10000
10500
11459
9791
12958
9458
8541
11583
10834
10500
10000
10958
10750
9125
10250
10291
10000
9917
9416
9083
13584
11833
8375
11375
10084
10125
10291
9875
10833
10542
9916
11917
13042
9916
9708
9458
13166
10375
8917
10416
9917
10500
9000
9708
9834
9625
10041
10084
9042
10542
12458
9250
10250
10500
10167
9667
9959
8667
9833
9625
10125
9209
9875
9417
9750
10708
10709
9542
10042
9708
9708
9458
10750
8958
12000
9750
11959
13084
9750
9250
8833
9666
10917
11166
10792
9541
7000
9750
8542
8334
11834
10709
9167
10125
10083
9042
12000
12708
8292
10000
10625
8916
8250
8916
8667
10083
10333
11375
9833
12250
14625
9542
9667
9292
9958
13833
9584
9750
11500
9708
11042
9916
9667
9625
9958
11083
9625
9375
11292
9791
10917
12916
8542
11167
10709
11250
9958
9791
12625
8667
11042
10584
10042
9375
10542
9584
10791
8084
11875
8958
9084
11125
9875
10958
9958
11667
8292
9917
10666
11208
9750
9833
10333
11125
11666
9166
10291
8583
9000
9083
9292
10042
9833
10458
10000
10541
10708
11625
9833
10709
10292
11291
11709
10292
8667
9041
9458
9834
13167
9167
13417
10000
11542
11208
11166
9458
8791
10459
9375
8083
11750
9250
9417
8750
13458
10125
9250
10000
9583
9958
8750
10459
9583
11416
10792
9875
9208
9375
11791
10083
12083
9750
10750
9709
13583
9416
9416
9208
12583
8750
8625
12500
10291
9583
8750
11375
11583
11833
9583
12791
8541
11750
10208
9667
11083
11291
12792
9542
11750
8292
10250
9792
9542
12167
10958
8292
11083
10000
10292
10667
9791
8833
9875
10000
11417
11875
10916
9750
10958
10167
10458
13958
12583
9792
13250
12292
12125
8708
14416
12042
13666
12958
13208
12875
10583
12584
10583
14042
11625
11958
10750
9666
6000
10208
11042
12542
13625
11834
11667
12584
12167
8375
10084
11333
12291
12500
11917
9834
8542
8375
9167
10416
11875
9625
11667
11500
11917
10833
11875
11000
11625
11667
11792
13792
12083
13792
9583
9167
11750
13333
8375
13292
9875
13417
11458
12167
14208
12375
12042
12334
8292
12542
8166
12125
13625
12708
12125
8208
8291
11042
8125
12875
12459
11292
12000
9584
9667
7792
9458
9625
11084
8042
10000
7708
11917
9208
10000
7667
10917
9666
8333
8459
9042
8542
8125
8250
15542
15833
9375
12958
8417
11000
9875
9458
10708
9458
10583
8833
11750
8458
9125
9833
9500
7875
15000
15250
14083
9166
9125
10625
10125
9375
8292
8291
14500
12625
11417
9541
10625
9458
9500
8500
11041
8916
9333
9458
8667
9750
11292
9542
10666
11000
8416
9083
9833
11125
9750
10625
8625
10167
8833
10708
9917
8916
10041
10583
9542
8875
10084
10125
14542
12625
10292
10375
12917
11666
11542
11041
10541
9834
11208
8750
9042
10750
9958
8958
9458
9958
10667
9333
10416
9792
7583
9583
10042
8958
7250
12375
10167
9750
13416
10584
9792
7917
8916
12417
14458
12375
15875
16500
16834
15459
20042
21250
17583
15583
17000
16333
16375
14667
14542
14959
16792
14958
14500
12292
9250
9042
7500
13250
15000
13416
11333
10625
8917
19000
21375
28041
17458
12875
17583
14791
14083
11708
13750
14250
13417
15459
12875
15208
10042
8458
9125
15375
13125
13250
12750
12834
13375
13750
12375
11584
10875
12208
8625
10667
11250
8792
10583
9000
8500
13833
10500
11750
7208
7542
9292
9959
10958
11542
9750
11292
10542
9833
10167
9334
8250
9083
8250
8584
8542
10375
9041
10375
11541
10291
8000
11000
12416
10292
9833
8375
9083
9416
14375
11750
10416
10208
9625
11792
7708
7583
9667
7208
8458
8916
8625
8583
9500
8708
8250
9792
9625
9458
9417
10333
9041
8958
9166
9167
10708
10291
455084
13333
12667
12875
10458
10750
9042
13500
12959
15542
18125
12625
14250
9125
8333
15250
13750
22959
11792
13000
15250
13334
10084
11375
11917
10750
14958
11708
9292
8542
9875
11125
98875
16000
13333
14208
14292
11542
9958
10959
12000
12250
10583
10166
8709
11333
12834
9667
9459
9542
9958
11000
8791
8125
9292
8584
8917
10459
10208
12958
14167
11875
13333
12417
12208
9958
9417
10625
9792
8541
9917
9625
11916
9750
8375
10000
10417
10417
13750
20416
14875
15667
13625
15667
14125
16500
14625
16792
16000
15542
11167
8292
10542
10667
10958
11000
12750
14209
14916
13750
13083
14625
13334
13292
13916
13542
13667
12208
13209
13000
15917
14542
15417
14958
13667
15791
14292
12375
12916
12708
13541
13416
13250
13625
10000
11291
12000
14083
15542
14166
13625
15834
12917
13958
15000
15125
11042
13333
13291
14958
14375
13917
13625
14458
12958
14583
14750
11584
12917
11958
14209
13375
16375
14834
14375
11916
15584
14542
14709
14625
15542
14750
13666
14042
15000
13083
14416
15084
12541
15417
10625
13916
13583
13042
12292
11541
13917
13458
14375
13958
12916
13833
14625
12458
15125
13958
14084
17125
11875
15000
12042
10666
8583
8792
9084
10542
14625
12125
12458
9750
12666
11750
10625
10291
10333
11750
9209
10417
9667
7792
9375
8458
9458
10834
11167
10000
7917
8500
9166
9583
8541
9375
8333
9791
17333
10000
10209
10708
10584
11417
11709
11417
10916
9458
13584
9875
10833
12125
11042
10208
8791
11291
9750
10042
8167
8042
10458
9542
9959
9292
8917
9500
14500
19208
15333
15916
14708
13125
11958
10333
17958
15042
11333
17000
12208
9750
10375
10625
11959
26000
15167
11625
11083
9208
9917
9083
8375
11125
13625
10167
9125
8500
10375
9875
10042
8167
7750
11583
7792
11083
9916
10125
9583
9500
10958
9250
9750
8083
9375
9542
9125
7916
8958
8917
12917
11000
8833
11333
7208
11542
11000
8542
8667
7834
9708
9958
8333
8500
9208
8916
11708
8917
10750
8917
9833
10875
9583
8834
9500
9708
10125
9459
9792
9708
9917
11334
8708
10250
8833
9875
10375
10083
8792
10625
9959
11208
12458
9958
9583
9250
10500
7917
9792
11000
11083
9750
7333
8583
7750
11042
9958
7833
8958
12208
10541
8959
9375
9167
8583
9208
9625
7791
11917
9500
9750
8625
8708
11250
9500
9542
9750
10208
11417
9958
10542
10208
9042
10000
10792
9166
10000
8459
10334
11333
9000
9917
9916
9292
13334
10875
10417
9958
9417
9000
10625
9459
10041
8417
11041
8833
10875
9709
10667
8417
9458
10208
10083
9542
10667
7917
10042
11459
9042
8125
9167
8166
9166
10125
7292
8375
9250
8292
12875
8208
8708
9083
10209
11042
10292
8750
9250
8958
9834
10125
11375
10583
7500
9792
11417
5750
10166
10208
11541
10917
9625
8375
10834
9791
11625
15584
12709
9834
9458
9292
9834
10458
13458
10958
11833
14959
13167
15125
15541
14667
14708
14000
11500
9083
10875
9125
8708
9500
9500
8250
8000
9583
8458
10667
11500
9959
8459
9792
11333
9625
9292
10625
10000
10125
8875
7417
9625
10375
9875
10333
11833
9833
10000
10125
8583
9708
11250
10084
10417
8667
7959
10958
8000
7375
10459
8833
8666
8833
9750
9417
10250
8583
8750
10167
15833
17375
16208
14708
20208
12958
16334
15375
13458
15833
15375
11000
10167
11000
8125
9459
10042
8416
11209
9667
9709
10000
9583
9208
8333
9875
16417
11125
11666
11250
9708
10166
8583
8209
10958
10083
8959
8250
9667
10375
11291
11041
9708
9375
9750
9375
10292
9542
23458
16042
8583
8667
9500
9375
8917
10125
10250
8250
9667
9666
10958
8458
9083
9584
11750
11666
10208
9750
10958
10542
9042
9083
11625
10834
10875
9541
9791
11250
9834
9750
9666
10709
9750
9083
8750
11542
9500
10292
9667
11041
9125
9625
10000
8458
8500
8958
9375
13042
12667
9125
8625
9417
9041
9750
9500
8875
8667
9625
14041
9709
9541
8583
10167
10416
9792
11583
10375
9875
8791
11167
8791
9500
8083
11750
11875
7541
9958
8459
9708
10334
9875
9166
9667
8167
9292
8916
9833
9708
10791
9458
11792
9666
8167
15542
8083
10625
9709
10125
8542
8625
8458
9208
9041
8000
9458
9708
9791
9375
7583
13584
10083
11250
9750
9250
7959
9250
9750
10708
10000
9292
9542
9875
8417
10334
10667
12792
9334
11542
10125
11167
13125
9917
9042
9791
9833
9458
8625
9375
9666
9917
10792
10750
9792
9458
9375
11542
9083
8250
10292
12666
9291
10792
11250
9750
10125
11583
9750
8917
9250
8875
8167
9625
9417
9792
9541
10792
9292
8500
6417
10958
13417
11000
12333
9375
9750
6625
9000
9791
9292
9625
10334
11500
8459
10875
9500
10417
7583
8042
9917
8291
10167
9708
11667
9000
10291
8583
11958
11417
10541
8917
9750
8791
11750
9375
9000
11000
12959
9667
9542
8625
10708
10167
25625
16583
10708
9625
11458
8209
10125
7708
8500
9750
11667
10459
9333
12583
10125
9500
8167
9792
9833
8833
11542
11791
10834
9334
9292
12500
12209
9042
10417
8667
8042
14541
11916
9459
8792
8209
7667
8167
9208
7541
10542
9416
9042
10917
8917
9041
10042
12125
10625
8792
10625
8000
9583
10166
9792
8958
9750
9250
8958
9875
8083
11958
8958
8667
8250
9541
7833
9333
11750
11417
9542
8625
12125
8709
11292
7666
12166
9625
11292
9875
13458
11792
10541
10000
12125
13709
8916
10875
7834
9292
8083
9791
8959
7958
9666
9875
8458
9000
11333
9542
9875
9583
9792
9333
9875
8750
8416
8750
10292
11500
8041
11959
11417
9958
9042
10917
9292
8750
9792
9417
9625
11042
8959
11708
10250
9459
10167
9667
10209
9625
9125
12000
9666
9667
9833
8542
10417
9792
9125
10792
7250
10958
9333
9500
9875
8292
8959
8792
12834
8625
9792
9750
9500
10541
10833
9750
10625
9333
9375
9416
13084
12167
10416
11250
8625
9542
11708
11000
9166
11125
8375
8833
10208
9667
8375
7916
13833
10750
9750
8958
11667
8458
9875
10416
10417
10333
14833
10959
10625
11042
10083
9667
13333
7542
10167
10125
10250
13667
9834
11875
8833
12625
10583
8875
12875
10958
10334
11125
9375
8084
10917
8083
13125
16792
8250
10208
11000
20541
11333
11250
9542
11792
5042
9250
10500
10625
9791
9875
9917
10041
8458
14042
8750
9583
11041
11209
9709
9750
10875
11583
8209
9667
10208
8125
10542
9916
7500
11667
9666
12125
8125
11250
10917
9458
9708
9167
7792
10250
8625
10250
10083
9625
11625
10375
10458
9834
10625
9042
11417
9333
7958
7750
8250
11792
8625
10834
11291
10167
9959
10542
10667
8583
11208
12208
9750
9542
9458
9834
9625
9917
10083
10083
11416
11542
10417
10625
8208
11166
9084
9709
8875
10292
8750
11209
11042
12250
8667
9541
8250
9667
8625
11417
10708
9125
9667
10542
12875
12000
9458
9667
10667
10459
9375
9041
9000
9917
10292
10667
9375
10542
9792
11167
8083
10542
9875
8542
9791
9500
11375
9958
10791
11000
12542
10000
9166
8750
8541
11833
10000
9917
9958
9583
12875
9791
12500
8125
10291
11000
13125
10334
10791
9875
8875
11834
14000
9708
10208
9375
8666
9458
10041
9250
11208
9917
9333
9709
9583
10375
10333
10583
13041
9500
8333
11500
10875
8792
8458
13833
9250
9792
11375
9625
11750
9917
9375
10000
11000
11333
13209
9875
10167
10834
7833
7708
10416
14583
9959
8250
9250
10041
8750
8709
9292
10375
11375
8583
12667
13917
11292
11209
8000
12125
13709
10500
11333
11417
8209
12542
10708
9375
10125
10208
11458
9458
10458
10208
8750
13125
11959
9958
9958
11166
9833
7791
9542
10042
9667
9916
9875
10625
9958
10375
10709
9709
9792
9709
10958
9750
12834
9542
9458
9958
9833
10875
10583
12209
10000
9792
9125
8708
7917
9334
9041
8375
9125
18000
11042
10291
10583
9333
8459
8083
8334
9042
10000
7750
10542
9875
9125
9667
9958
11750
8375
8292
9042
8791
8667
9917
11375
11166
10083
11042
9542
9708
12208
9833
14250
8041
10833
12542
7917
9125
9166
9792
9500
10625
9833
9458
10000
7917
9291
10792
13292
10459
8208
8500
9375
11125
8459
12167
11416
9541
7875
13208
9875
9334
9458
9792
9791
9458
12792
9583
13792
10625
10625
11000
9584
8334
9417
8667
10208
11083
10375
11792
11334
8875
9583
8334
9959
8459
12709
11959
9542
9958
10333
10542
12834
11875
9125
10958
10125
9625
19916
16000
17291
15667
12959
13042
12000
9917
14834
10875
11333
9041
9834
9750
10083
9542
9083
11959
9959
9708
8792
7959
8709
9792
10458
8375
10500
8792
10417
9333
8583
7167
9916
10000
8750
8667
9541
9417
9875
9333
8916
11667
9500
11625
10417
9791
11500
9084
9208
8833
10917
8875
9958
10000
9792
9916
7334
10709
12083
10209
8042
10458
10292
8083
10792
10459
8792
11584
10375
10875
8459
9750
9959
8792
10333
8042
9916
9625
9459
8375
8875
9959
10750
9334
9042
8875
9042
12917
15000
14250
13917
12166
11791
9167
8417
10250
10917
9459
10125
10625
10667
11333
10667
13333
13791
15625
13542
12167
10625
11125
9291
10708
8917
9459
10584
11084
11125
12500
9875
8333
15917
15958
16875
15292
13333
11375
11042
10084
9500
11500
11083
11667
15334
12916
12583
16541
15667
13417
12792
18500
16125
18458
21167
17417
18709
17667
18708
13375
12167
11375
10875
11083
13167
17833
14208
11667
10833
9625
9958
11125
9417
11333
8417
17458
12875
10375
10667
12084
9417
10625
9583
9375
10250
8750
8709
11375
9542
10584
10042
11459
9500
8833
6500
11125
9000
7542
8541
9292
8625
11500
9500
8708
11042
8500
7250
10333
8084
10208
7125
9333
9792
8667
9625
8833
11000
9834
11208
9167
7750
9083
9000
9583
8583
10958
9542
10000
10291
9000
10459
10459
11041
11791
10250
10000
11000
12084
8584
10209
10791
9542
9500
8000
10250
9084
10459
10083
10750
9417
11542
9875
11000
9375
10500
9666
8875
10375
10250
9917
11791
9542
10917
9916
8959
10500
9416
9542
9250
9542
9459
9250
11709
9042
10416
10792
10292
8334
12333
10625
8791
10250
10667
10500
8375
9875
9375
9166
8292
9583
9291
9417
10583
11916
11083
10042
10541
9417
10208
10333
10875
10792
8959
11875
9084
9541
9750
8959
9917
9333
9334
11000
11167
11166
11166
11042
9208
10584
9792
8458
9542
10542
9750
10583
6750
6709
11417
9834
11084
9042
9708
8709
9583
10500
9542
10500
10583
8167
9208
12834
9916
11875
9958
10208
9584
8792
10792
11041
10042
10000
12500
9125
9875
9000
9792
9625
10083
7958
12792
9042
9292
8583
8834
10083
8875
9625
11083
10084
10000
10125
10833
9875
10000
9875
11375
11000
9416
10125
9542
8458
11625
9834
10625
10708
10125
9708
9000
9334
9917
10500
8458
9584
11417
11875
10625
9417
10583
11583
10584
10667
11500
10750
9334
10500
10833
12334
8583
13333
9584
9917
11333
8208
10541
11167
11084
11167
9875
10500
9917
8542
10083
11667
13125
11375
11708
8834
8750
12417
16667
15542
16417
13708
12834
10459
12041
9916
11000
10375
12417
12292
10125
8958
9458
6125
10625
10834
9875
8625
9500
10834
9125
9083
11125
8625
9292
10875
9750
9584
8583
9208
9083
11000
9708
10417
11625
10083
10834
10125
9417
8208
10625
9167
13167
9208
10791
10042
10125
10208
10208
7750
10833
8166
9000
10458
9708
11334
8125
11292
9125
9208
8250
11667
8583
10166
9458
9292
9792
10625
9667
10917
9625
8583
10375
12666
9750
9917
10208
10292
8708
10083
10000
10000
9333
8417
10542
10208
8416
8958
9417
9458
10125
10584
10625
10667
8542
11833
17084
14042
10000
11709
12791
15167
15292
15042
10334
10583
11791
9500
10834
11000
9625
12292
10292
10917
10125
11333
9625
11458
9875
10333
10708
11000
11458
9750
9000
10292
9500
9375
9459
9250
11500
9958
9500
10000
9167
8458
9917
13125
16625
11791
10500
11166
10417
15083
17291
14875
11000
9959
10167
10167
9792
15417
26500
15709
11583
11667
9334
10542
11875
9958
9083
8667
9542
10500
10208
9084
8917
8041
8250
12833
9041
7916
9417
10000
10500
9500
10084
8917
11083
10917
8458
8792
9250
9583
12541
10334
10750
9459
8375
10000
10708
10125
9250
9667
10875
10792
8750
11125
8708
9625
9292
9042
10084
11542
7208
10833
8708
9834
9167
9042
8250
10167
7958
8250
8750
9375
9583
8000
9250
7834
9042
9000
10083
9459
10000
7125
10958
8458
9666
8875
8375
10667
11958
10125
10458
9042
9625
10250
6667
8417
9125
8875
18000
12167
10875
9958
16708
15917
16250
12875
11334
10167
11833
8083
9583
9750
9750
10667
11250
10291
8000
9292
10125
10708
12791
10125
7834
9541
11166
9417
10708
10041
11958
8250
13625
12250
11500
10917
10792
10959
10625
10250
11333
10167
9584
9125
9708
9583
11750
9834
8666
9667
8083
9333
9208
8916
10250
9417
15875
13917
10083
11750
12333
10291
9833
8375
8000
9500
10834
12417
9583
9750
11041
9834
9209
11250
11167
11750
9834
10542
8791
8167
8084
9709
10500
7917
9292
8125
8083
8666
11250
8959
11125
9209
11792
10584
8667
10584
9583
8625
21459
15666
14417
12917
20834
32625
17458
15542
12500
11708
14792
15459
14083
15041
14375
13083
13500
15000
11375
10375
13959
17167
15166
10500
11292
14583
14500
9167
11458
11167
10083
9875
8667
9417
9875
9542
9250
10333
9625
9041
10125
10375
9292
10875
8875
7708
9083
10291
11333
9958
10833
12167
10334
9541
11500
10875
9000
9167
9166
11125
10083
9208
9208
11000
11125
13166
10084
9167
10416
9541
9583
10834
8125
10125
9959
10042
10167
8041
9750
11417
11500
12708
9541
8916
12250
9291
9667
10000
11209
9542
9708
10166
12125
9917
10416
11042
9875
10292
9417
8625
10500
13292
11500
11417
15917
12958
10709
9625
9416
8667
12042
11042
10500
11250
11041
9708
10333
11166
14292
10417
14084
14833
15000
14334
13500
15292
14167
14625
15667
15542
17875
16292
12542
12167
10167
8542
11292
9917
9458
9125
11334
9708
9750
7083
9542
11750
10250
9625
10959
8084
9958
8459
9167
8041
9792
10875
12750
11167
9542
9417
13417
13708
12708
16333
14791
16375
13959
15917
16917
11958
10167
9333
8209
8209
9333
9584
10166
9875
10375
10000
11459
13042
13083
11583
9542
9083
14542
14750
14083
13584
14292
15584
14750
12959
14459
14542
9084
9666
9625
10333
9917
10584
10209
9417
11000
9250
10625
9792
8167
9958
9542
11375
10083
9000
9875
9625
9542
10708
11375
11709
11458
7958
10583
12583
12166
12166
12375
12791
13500
12333
8167
7625
13500
11000
12000
15583
13875
9208
8000
14042
8792
10958
11750
7958
11625
11916
11375
8375
10333
13333
11958
14959
11084
13250
12291
8959
12250
14041
13166
11875
11041
11375
9292
15375
10667
11750
14667
12125
11958
12125
11708
11125
9750
11291
6542
13500
15333
14167
14250
14750
13709
14542
17875
16250
15000
14916
17333
14250
17666
13208
11791
12375
9292
12667
11584
10833
13541
13000
14833
15500
15666
13666
11917
9167
11875
12250
13500
13958
11125
12459
14958
15666
13542
16125
15250
16667
16166
15209
14708
15125
14417
12708
14208
11000
8750
10875
12042
12250
10166
8875
8417
10709
8625
11208
9459
8625
11667
8542
8333
13625
17041
13875
13417
13542
14584
11792
14791
12042
14292
12000
12416
9958
13000
11750
13042
8959
8959
12084
267791
17209
12917
23792
15625
11875
15416
13750
14000
11500
12625
13167
12417
9125
8958
10750
14041
12209
13625
9917
10959
9250
13667
8750
12458
11792
11542
8125
12250
8250
14000
14625
12208
12000
12416
9375
8958
8625
8542
13000
11916
14625
8917
12291
10000
12583
11125
9875
10375
13666
7000
8542
11917
12792
13334
13166
10292
11500
12167
11500
11792
11000
11166
10750
14541
17542
19334
16375
18500
13334
11875
10959
11042
12042
8667
9375
8167
8667
8209
12417
12625
8250
9000
11667
11667
11041
8666
9000
12125
12375
11042
11583
11875
12625
10458
11834
7709
12417
10375
8583
13959
13416
13875
12583
8875
11917
8333
8292
11417
10334
11750
11750
13583
10000
8041
10750
11833
9750
10833
5292
7584
12000
8708
13292
9250
9459
10334
12458
13292
8000
12208
7875
12542
14500
12708
7834
11792
8291
12750
8333
11875
11917
11833
10291
11583
8125
8584
10833
18916
14250
15541
14708
16375
16042
14500
14125
11500
10500
12333
9500
9458
9708
9459
10125
10542
11208
10500
8000
9834
9833
9917
11125
9709
10750
10333
11375
13459
9625
10125
10000
10834
9000
9542
9625
8083
11542
14500
10042
11541
10958
13000
9542
11542
9917
10417
12333
8209
10458
8542
9291
11125
9000
10708
10417
9417
11166
8709
10916
10042
8292
8166
9500
9666
10750
9958
8083
11375
12084
4709
9709
9334
8791
9958
10125
10041
9584
9666
9375
10667
9666
12292
9750
11250
9583
11042
9625
8667
9166
10750
9333
11666
10542
9625
10584
9333
10625
10041
13167
9041
13875
9958
10083
8167
8708
10166
9375
9875
9750
13709
11167
11916
12125
9542
12417
10667
8459
12000
8833
13208
11000
13083
9541
10334
9583
9417
12625
8666
10000
9459
7583
8250
10208
9250
10959
10875
10875
9708
9250
8375
9791
9209
10084
9292
9792
9500
8917
9166
10500
11125
9500
10041
9958
7958
9667
9167
11791
11292
10750
9875
8667
11625
11500
9000
9459
10541
9042
10000
10250
9291
8542
11250
10833
10250
10917
8667
9083
9834
9584
9875
10708
9250
9458
10791
11042
8750
9375
15333
8042
8750
9459
13125
9958
10167
10000
10208
11000
9917
9917
10667
9709
13875
9750
10583
12667
11417
9417
11875
10959
8750
9834
9208
9833
8708
9250
11125
9667
11125
8000
7917
9917
8959
9292
8833
10625
9584
9583
9750
9292
11458
10625
10458
8875
10458
11416
10041
11250
10625
13709
11041
9750
9459
8834
8917
12917
12042
11958
11750
9916
10083
9291
12458
8708
9959
10334
12292
9333
9166
10125
8625
11709
9250
12083
10000
9417
13291
9458
9916
11750
9958
11000
10917
10166
10250
14875
9875
9958
9084
12583
9583
11208
12000
10792
9750
12833
9167
10083
10708
11292
9750
7291
8584
8209
8166
8667
9834
10334
9459
10041
9250
10917
10042
9125
11167
11083
10583
9667
10584
8417
10500
11375
9791
9375
9792
11625
8125
11417
10208
9083
10334
11500
10042
10125
13417
9959
11250
9666
9583
8542
9291
9250
8334
10792
11375
10042
9542
13125
10333
8666
11084
9875
9667
8500
9792
8083
11792
8459
9791
10833
9125
9917
8833
8417
9791
9250
11417
8292
10625
9833
9625
8875
9708
10083
8958
9375
8583
11833
10083
11125
10208
11458
8583
10667
10209
8667
8959
9250
9667
9750
8125
9750
9292
10875
8667
9667
13333
9667
10958
12792
10708
9334
11042
12958
9375
11041
8333
9875
9334
7333
9459
9542
9208
11916
12917
10709
11708
8875
9000
9500
10459
10084
10708
10708
9875
11000
9625
7958
10459
9458
10833
8583
8875
9208
8417
8834
10625
9708
11166
11542
10333
9625
9583
11042
11958
10333
9667
8584
9667
8666
9500
11417
10917
9333
11334
13542
9917
11208
11583
9250
11333
10292
9667
10209
9750
9583
8875
11084
11792
8750
10125
11958
9834
10000
11375
9833
9750
9292
10584
9500
9458
9750
11208
9625
10584
9917
10292
11042
7750
10375
12083
9666
11416
11667
11375
10167
13000
11583
10084
10750
12208
8875
8792
12834
14042
10792
8583
11083
10083
10541
9959
9666
8125
8625
13792
9625
9458
10000
9792
11042
7334
12084
9417
9416
9959
8833
9917
9584
8584
10250
11917
11458
9834
11542
12708
10958
10250
10083
13375
9667
10959
8625
11375
9000
9875
8708
12875
12834
9000
12208
9667
8625
9416
8666
9292
10792
9833
8583
10791
9125
11375
9916
10084
11292
10083
11417
9375
9959
10000
8042
11708
10792
10542
11583
12167
10875
11000
12917
8042
13458
9208
10250
6750
9416
9625
13167
13209
10125
8459
10417
12917
9375
7750
12167
12791
9417
15667
8000
9250
12917
10542
10416
9000
9791
11541
9666
11916
8625
10083
10375
11750
12667
11292
9917
8791
11208
12959
9667
9833
8625
11083
8167
9416
10250
9542
8542
9667
10000
10584
9834
8291
10541
9333
9875
8458
9667
10042
11166
10250
12083
8917
10750
9959
10042
8500
11875
13292
10417
9667
10583
10458
10583
8750
12792
11250
10291
8959
11333
9375
9542
11250
8042
11000
11000
9875
10625
10083
11958
9583
11709
10583
10042
10417
9417
8792
9917
10083
11333
10250
9834
12833
8666
9667
9958
9542
10083
8708
11917
11375
10666
9083
10458
10625
10375
10250
9792
11125
10167
10833
10417
10542
10584
9500
10708
12500
11042
8042
9917
9875
9625
10375
10292
11417
8791
9625
11750
11083
10792
8042
9500
8833
6708
10000
9917
9458
12916
10292
9459
10833
9875
10416
10459
8542
9459
9333
11334
10042
9334
10250
10083
9917
9625
10208
9375
9500
9625
8042
8583
9459
11000
9833
11167
11416
11000
10834
9375
8792
9750
9375
11458
9708
9625
9250
9458
9875
9208
16584
9583
10166
9584
9666
11125
10500
9333
10292
9875
9375
10708
10791
10208
9292
10458
9625
11542
9583
9375
10792
9375
8625
9708
14417
9917
9709
9416
10917
9750
16167
12792
10542
8417
11209
9625
10250
9083
10958
14167
8834
10584
8500
11125
12292
9750
11042
8291
9750
7792
8959
9875
9917
10834
8625
11916
9250
8667
9542
10958
9834
9375
10041
11250
10000
9166
9959
11542
9459
11583
14208
9625
9750
8708
9333
10500
9834
9292
7875
8833
9792
10250
11167
10666
11500
8500
12625
11208
10625
9417
7458
8792
8042
10333
10583
9833
8417
10375
9583
10167
9959
8375
9875
11833
9958
12209
10541
9750
9667
12750
8333
11458
8125
11500
10250
9750
9333
12333
10917
9833
9458
11625
9417
12333
11125
10875
9167
11167
9792
13458
10416
10917
9292
9583
7916
10333
10166
10334
10208
7917
8416
9250
11125
10750
12166
9208
9334
10792
11000
9459
8375
10417
9958
9417
9833
11625
9083
9208
8750
11125
9417
10542
8083
11167
14667
9834
9458
10292
12333
11208
9458
9875
10791
10208
9667
10625
9167
9958
9209
8667
9125
9708
9334
10958
11917
12750
9416
11458
8917
9583
8834
8417
9292
10041
12166
9875
10250
11375
10000
10375
11917
10250
9541
10833
9083
9417
10958
9584
9500
12417
9334
10459
9542
9084
9625
12000
10500
11125
10000
10250
9791
8833
10125
10667
8250
9750
10000
9500
8583
11875
9625
10625
9792
8250
9417
10458
10834
7875
9625
10458
10875
10000
9500
11500
10208
11125
8375
10459
10292
8250
11500
8625
9167
11750
10875
9875
11000
10416
10375
10500
10584
9542
10917
12250
9916
9625
8667
9458
9500
13167
13000
10625
9416
9625
8083
10875
9459
12083
9500
9917
10667
9875
9958
10167
11375
9958
8666
9709
9333
11166
13541
10042
10125
9959
11167
10208
10708
10250
9333
10333
10875
10833
8500
12750
9083
8500
9000
16083
10417
9792
10250
10458
8875
12625
11000
10708
10667
10667
9292
8833
11375
8333
13375
8750
10334
11958
11334
11417
8625
10291
10917
10792
10083
11084
11416
8750
13000
10666
11875
11083
9416
9125
9667
9916
10834
10125
11500
10292
10166
9583
9917
9375
8333
11125
10667
8958
10833
10500
9291
8625
10125
10833
11709
12083
9709
12125
9500
9917
11125
11333
13250
11125
10292
9458
9291
9875
9875
10750
8333
9583
9958
9458
10709
10625
11625
11000
12250
9916
9708
10625
11583
13042
10250
10375
10958
11334
11250
9542
8500
9792
8000
11292
12834
10291
9666
11250
10416
10417
9417
10792
9750
8875
8417
7500
9833
9625
9667
9917
11542
9709
9958
10750
10666
10792
8667
8667
10917
8667
9125
9708
10125
9750
11000
10667
11459
11000
9625
9458
8959
10542
10792
8834
10333
10625
11917
14125
12084
9459
8958
11708
12291
14250
9917
10083
11500
10125
10000
8750
11500
11458
10167
9875
8500
10208
9500
10042
9958
9958
10291
8833
12000
15417
12083
12125
10375
11625
9791
11208
11000
10000
12125
10542
10209
9709
11875
9500
9958
12084
11584
10042
11166
11333
9708
8958
9250
11209
9417
9042
12500
11625
13208
10000
11083
10875
10667
11375
10292
11417
9708
9417
10250
8750
10000
10125
10375
8458
8667
9792
10542
10916
10291
10125
7916
9416
10708
10416
10000
9791
10959
9708
13917
12667
13334
12042
9458
10917
12792
8959
10584
9833
12125
11833
13500
10375
9750
8167
9833
10333
10959
10583
10417
9792
10208
9459
12833
10916
8209
8208
7750
8916
13375
12375
11375
9750
10292
10042
11000
9958
8417
9375
9042
10583
9708
9958
12500
9833
9125
10666
10125
9666
9834
13458
14750
9750
10542
12334
8583
11458
12000
13250
10125
10333
10125
9833
10042
8541
9042
10625
11041
10500
10792
9000
9708
11958
11000
10875
9791
10708
8292
8167
10125
10542
9750
9708
9541
9042
11000
10125
13041
9083
9000
9625
10875
9000
9250
10209
9875
10750
9000
9792
9833
10083
10292
9208
10708
9791
13292
11042
11792
11292
14958
9458
12208
10708
10041
11208
9875
10083
9000
9291
9000
9875
7917
10291
9958
9792
12709
9625
9458
9542
10291
10375
10958
8708
9250
13083
9875
10000
9167
11125
10125
10834
8708
9917
9416
11542
10291
12792
12875
10125
11625
9833
11833
11625
12166
9708
11792
9750
9167
9209
13083
10375
11542
10583
8792
8334
8417
10417
10167
11083
10416
10625
11792
6792
11250
11084
10250
9291
8583
10167
10458
8292
11500
11041
9208
9166
9458
11375
9666
10584
10208
10333
9916
9791
10333
13666
10458
10958
11042
12583
10125
9708
13083
7042
10167
12458
9541
10000
9542
10625
10833
11042
9916
9209
13042
11417
9875
10708
10209
10916
9250
11125
16250
11166
9833
11208
10334
9875
10000
10833
9500
9834
9792
9458
11708
9708
11125
10292
10500
7042
8791
8917
13333
9917
9667
10916
11417
9166
10084
11167
9541
9500
10917
8791
10583
9667
11500
10542
9708
8041
10042
11792
12583
9458
11375
11042
11042
10208
10792
12500
10541
9917
8334
8458
9916
10125
9750
9500
9916
9041
11667
10375
7958
9541
9625
12792
10042
10083
12834
9667
9708
13625
9792
9500
9833
9917
13000
11667
10500
10708
10042
8041
11250
11750
9500
11333
9875
9333
11750
10000
9792
9291
10167
10834
8542
10084
10583
11625
9958
11458
11834
10292
11666
9958
10875
10000
9625
13625
15417
16458
10083
10417
10958
10084
10875
9542
13542
9917
10708
9541
12166
9834
11125
9709
9625
10750
11375
9334
8167
12042
10125
11209
10375
10375
10500
8625
10333
9791
8167
10792
9208
11750
12667
10875
11500
9583
9375
9833
13459
9667
8709
9667
10083
11708
9459
9458
10708
8542
10916
9458
11333
12291
9542
10583
9709
10250
8458
11208
9417
10500
8917
8459
8084
10250
11000
9333
9666
11250
11334
9166
9917
9875
12917
9459
9333
7958
10375
9542
9417
10708
8542
10125
10416
9958
8958
11125
8458
9375
9709
10875
9667
9375
11084
11000
10417
9583
9458
9875
10125
11375
12167
10333
10709
9334
12083
10458
10000
11541
9958
7917
10750
10334
11500
11250
9583
9084
9583
9167
8667
11667
11208
9958
8250
11250
11166
10083
10292
11500
12666
11791
11667
9750
12333
10542
14542
12250
9667
9667
11000
11583
10459
10833
10042
10541
9709
10584
10833
10500
10750
10959
9209
11541
9458
8042
7917
11208
9292
9542
11958
10667
8291
12208
9667
9750
8125
9708
8166
10708
9750
9042
9875
9750
9750
9292
10958
10458
9458
10292
13083
10750
8584
9833
8459
9500
8958
11083
8584
10125
8333
9208
11500
11583
9875
10166
8916
11125
10000
9208
9250
9458
10667
9416
9375
12875
10833
7834
8333
10959
10541
10833
10125
9250
10291
11958
9083
7833
11542
9583
10000
9625
10375
10791
9667
9584
9125
8125
9166
9000
10833
10625
9500
8541
8125
9625
9209
10375
11875
11917
10000
10083
10875
11334
8417
8583
11542
10791
10000
10083
9375
10000
9542
8500
11625
9000
8958
8250
8292
13125
9709
11666
12292
9416
9875
13083
11541
11042
10833
11500
10208
9958
9916
10666
9292
10459
9709
7417
10167
9959
11875
9458
10375
10625
9708
10375
8167
9209
8375
8458
9250
12708
10458
10250
10083
11917
13833
8333
10083
10459
10833
9333
10292
10417
10125
9750
11000
8916
10625
9333
12875
9542
10583
9208
10542
8000
9291
13166
9333
8000
10917
10667
8875
9625
13083
8958
9709
8209
10458
10292
12083
9500
11125
9125
12333
10333
9291
11416
9792
8917
9875
10042
10875
10167
9958
9584
9750
10083
9292
9959
9833
8625
9250
8875
9584
9709
9875
9875
9917
9583
9667
9625
10583
8208
8792
9708
10416
9583
9250
11750
9250
11917
9959
10000
10958
9167
8750
9375
10250
9167
9916
8750
9250
10375
12708
9917
10292
9666
11000
9708
10416
8417
13417
8958
9084
13292
11000
11916
10208
12000
9958
9709
13250
11000
9792
11125
9916
8667
9459
12958
9708
7875
9584
10792
9166
10750
8709
12292
12416
8250
9875
9458
9542
8042
10666
8833
11500
12083
10542
8958
11750
8666
9208
6292
9709
9500
10000
9917
9625
8750
10708
12583
12125
9084
9042
9292
9333
9917
10125
11208
13167
9500
10541
9542
9709
9500
9125
11875
10083
9375
10042
10042
11333
10666
9292
11542
7833
7417
10000
13083
12333
8875
8292
9333
9083
9084
9333
8875
9375
20083
16292
11750
11500
9166
11125
12583
8708
14042
14416
14500
15791
18667
11875
11833
11791
10708
10500
8875
9459
16541
15166
14458
15458
14833
15042
12500
10292
12000
12000
10167
13125
8209
9917
9583
9875
10750
10792
20625
15875
15042
16583
14125
14041
14667
14958
15542
15500
15833
19083
15709
17584
14333
15333
15833
13250
16125
13958
13709
15041
15541
14084
14125
16792
12792
8958
10750
9417
8917
10916
11167
13750
14917
14708
14416
13166
13417
11458
10708
11167
10125
10458
9667
8667
11167
11667
10208
9625
11750
9916
10625
11208
10417
9417
8958
9042
9708
10875
14958
11250
20292
15916
14958
11500
10666
12459
13417
12417
11833
9875
10458
7625
13167
10250
10375
9458
9667
10000
11125
10333
10083
11083
8958
8458
17208
10459
9375
9375
11250
11792
9583
9458
9708
11292
10500
10084
9750
10083
10208
9042
9792
10167
10625
10708
9916
9708
10583
10125
10458
9334
9625
16916
13000
9458
10458
8500
9583
10583
9500
10541
10833
9291
10250
12625
10791
10334
8083
17042
11042
10292
12833
10833
16125
14834
17334
13042
11750
9583
9542
9500
13959
10541
9500
10458
8875
10167
11667
11541
11458
11667
11208
10916
12708
13958
15416
15667
15458
14292
11459
11333
11375
9250
9083
7500
10375
11750
9458
8667
8084
10208
9417
9833
11333
11750
14208
10208
8959
16250
12750
10500
11250
7833
14625
16500
12792
15625
11583
9791
11042
9459
9250
11125
12792
11375
10375
9583
7708
8500
6834
8667
9209
9875
9792
9125
11833
13334
9208
10667
10750
8209
14583
17708
13958
16583
23500
17875
18625
14709
18208
14584
16167
15042
17500
14875
17250
25541
17500
12000
12958
11000
12125
12958
11375
11417
12542
10375
11125
11000
9042
17458
11875
12666
12417
11459
12083
11250
9958
14458
15042
15083
15750
14042
15791
17584
15750
17000
14459
12375
17042
12166
12375
10083
13375
21333
16875
15292
25583
14709
13333
16583
16625
13625
13417
11958
10833
9833
9333
10791
10792
9875
9709
8834
9500
10417
11291
11625
11750
9625
10125
9542
10791
9584
11458
11250
9000
9583
8792
13208
15875
16084
10708
10750
9833
8333
8083
9167
13542
11125
9500
8666
9375
8458
8583
9500
9334
12167
14041
15375
15666
17375
15542
15750
15459
14875
16625
15750
15083
15791
11417
14125
10500
10625
10375
9500
14583
12166
14625
11792
13292
16500
14667
14375
15208
16625
15792
16792
16167
16792
16084
16417
15625
16333
14500
14709
16250
15375
15917
16708
16875
15042
16292
14791
16417
16042
15833
15333
16125
15958
16875
15750
16375
15958
16167
18416
15208
16459
13458
11833
10291
10500
13417
14542
11709
9250
10792
11292
8625
10708
39625
14375
14291
13625
15542
10667
9875
9167
10583
9542
11333
10375
9750
11625
11125
8959
10708
10000
9750
9709
12416
14625
10167
10625
10083
8792
9875
11459
9291
11417
12083
13458
12584
13208
11667
9917
8750
13209
9417
14500
14542
12833
13917
10833
9334
9791
9917
8292
18667
13208
13042
13166
18834
16333
15750
16667
14750
12458
11666
11459
10042
9958
9833
13916
12083
11500
10209
10709
9958
10666
11375
10500
9667
16917
14417
13458
11584
11958
13542
13209
10375
9584
8917
14583
10083
13917
12542
13166
11500
12083
11292
8917
9041
8750
12041
13458
13167
13791
13958
12959
12250
12542
15333
9792
9708
10208
10209
9834
11334
10958
10041
9417
10250
9667
9125
7125
9167
9542
9041
9667
9625
11834
10333
8375
9083
9500
10167
8667
10167
15167
12666
13792
14917
15334
13375
13042
12375
11084
10167
10167
9625
13208
10875
10292
12709
11667
10375
10125
10416
10042
23042
19625
11541
12000
11125
11375
12541
10083
9792
9042
11583
9792
13083
10208
12417
13167
14917
12750
15917
10750
11375
10250
11875
10541
16042
14667
16167
14875
18916
16500
16500
16042
13334
15875
15958
17000
15583
16416
16000
18000
16250
16833
12750
15167
14333
16125
16541
14875
16042
16333
14084
16792
15875
15166
17125
15500
16000
20875
16041
14041
17291
16583
16417
12292
15375
16875
17083
15792
13833
17459
10792
11458
11625
10125
8292
15541
18125
13916
13417
13917
12083
14209
14500
15750
14292
14667
16083
16041
11375
15417
14750
15000
16375
15875
17166
14625
15000
14000
16042
15875
15041
15584
16208
15541
15542
12041
11708
16917
16417
15042
16292
15750
16333
15458
15917
13833
14792
14042
15708
19083
15500
15292
15417
13791
12625
10792
9417
11042
10750
9167
9000
14792
15459
14417
16708
14083
14125
10666
10042
9667
10875
10000
9875
9625
12458
13209
11959
10084
9667
9334
10125
8917
10416
9833
8875
10792
8875
8875
8959
9875
8208
9375
11625
9334
10000
10208
10000
9042
7709
8250
10167
20375
15791
14375
11416
10667
9958
10375
10542
10041
8250
9500
9541
9500
11083
10833
8917
8250
7542
8959
8333
8917
9708
9583
12708
10500
9500
8625
8458
9084
9666
9708
8250
9458
11917
10500
11334
8833
9958
9667
9708
10625
11417
9916
10125
11083
9583
9750
10208
10500
10083
8708
11625
9958
9917
10167
9875
12667
11333
11584
10333
9375
9750
10917
11542
9375
9833
10750
13334
9792
11416
9625
10500
9834
9833
12500
11083
9667
10250
12042
9792
11250
11542
12083
11000
14084
14791
9542
10000
10000
11333
9917
11708
11250
9625
9791
10375
8125
10542
9208
17667
15500
10958
10000
9416
9542
9334
10167
10125
10166
10708
10458
9708
9709
9500
9916
10875
11167
11625
8292
9916
9792
8958
9125
9958
9375
11583
9792
8500
9709
8333
10375
10042
9833
9542
9958
10916
9709
8666
8709
10125
9291
9541
9042
7625
11292
9083
8250
9125
7500
10291
11917
12291
10166
9833
11042
9375
10084
10458
10667
9042
11375
9833
11209
10417
10500
8833
10583
9458
12458
10375
9708
11542
9292
11750
9917
8166
12625
8500
9000
8458
10167
10750
11791
9833
9417
11625
9875
9459
12875
9292
11833
10625
9250
9542
9833
11000
11625
12250
9708
9833
10125
9583
9916
8917
8959
11625
11959
9541
10417
6875
9709
8667
10083
9250
8792
9541
8333
9542
9625
11208
9750
11125
12791
10459
12250
9958
11292
11333
9625
10458
12375
8625
10792
8208
11333
10042
12166
11333
10833
9166
9667
9625
10750
11000
10750
9792
12792
9500
9334
9417
11875
10584
8625
14208
9000
11083
9583
8125
9667
10375
9833
11292
10625
9167
8625
10792
7625
9750
10291
14166
9708
11084
11416
9792
11000
10792
8250
8167
8584
10875
11083
9542
9959
10542
8542
12000
11000
11417
9375
9291
9708
8917
10291
11292
12000
9667
10750
10042
9666
9208
8916
13500
12875
9333
11625
10958
11208
10083
9750
15041
12167
12167
9958
11125
8917
9708
11875
11708
9916
11334
8792
9125
9500
9708
9416
8208
8500
9875
11625
10208
14167
9584
10833
16167
10208
9833
12917
10041
9291
9292
8834
9708
10125
10792
11208
9583
10459
9541
9708
8166
10791
12334
10458
9667
10167
9709
10250
10500
8334
9375
9125
11125
10708
9417
11709
9041
10250
8416
8959
10208
9083
8958
9667
10708
10500
10625
10125
9917
8167
10875
10500
9292
9583
11417
10167
10792
9667
10125
6875
9708
10833
10583
9125
10417
11500
9667
13625
10250
9083
10542
8208
9750
11167
9875
11375
8584
9000
9291
9333
11250
10041
9459
10750
9333
9958
8500
14166
12959
9917
12583
10666
12791
10042
14750
11125
11166
11083
7750
10042
12792
9750
9166
9875
8583
8542
9167
9625
9291
9458
11458
10667
9333
10208
12250
13041
9792
9875
9917
8917
9542
12375
9750
7917
11792
9958
8625
8833
10459
9583
10292
9416
10084
10375
9250
12208
9250
11041
7834
16541
12042
10208
9625
11125
9791
14625
10333
14250
8666
10000
9750
9459
10250
12791
11875
9750
11208
9417
9625
9750
10708
10875
8584
9792
13541
8375
10667
7666
12333
11459
8667
11292
9917
10292
9917
9667
11375
8625
11542
10834
11917
9625
10291
9458
10375
10000
8792
7958
8709
9458
11458
10750
9750
10542
9583
9917
10459
11042
8375
11792
10083
9792
14334
11083
15000
9333
10250
11583
11250
9417
13500
11416
7958
12500
14167
9625
9667
16459
11875
12542
10209
10083
9208
9500
11125
11042
9625
9833
11333
13084
11542
9625
7958
10584
7041
9875
9875
9792
9208
11708
12375
10083
11708
9375
9334
10667
9625
8250
11250
9333
11291
9500
9292
9625
10167
9542
11209
9916
13083
8542
8292
11083
11792
11083
10167
10625
9167
7667
10250
7167
11750
10166
8209
8333
8750
10084
12625
10209
9458
9708
8041
10417
9291
9625
10334
11375
8417
10583
9500
10666
11750
9167
12000
11625
9833
9792
9750
10250
9792
9708
11292
8750
8375
10750
10125
8375
11000
9709
9417
9167
10958
10750
9625
9333
9583
10625
10500
10375
9875
9583
11583
9958
10542
8917
10958
9083
10583
8791
8833
11666
10209
8167
11916
9458
9042
13875
9916
10625
14958
10375
11000
11250
10625
9375
12917
14042
9833
8750
11292
8000
8791
10250
9708
9833
9959
8291
10875
12792
9875
9458
9791
14292
12333
11542
10958
9917
8209
11042
11667
9250
10458
9916
12000
11084
11958
10875
9750
9750
9833
9333
11125
10625
11417
9334
12083
10708
9875
11500
9667
10541
9541
9834
9834
10750
9458
10583
10166
8500
11541
10708
11875
9333
11084
9500
9666
9167
10917
9959
8250
8625
9458
8250
11250
9167
9625
11000
11000
10667
9125
10667
11334
9125
10875
9541
10166
10791
11000
9416
11000
8333
10541
11875
9292
10250
9125
12792
12042
9709
9916
11583
13750
9875
6667
11125
12958
8959
12750
11834
9125
10083
9667
9125
9500
10917
11958
9666
11666
9917
9416
9750
10292
9375
9041
10958
9167
13042
9417
10083
9250
8917
9708
10167
9833
11292
9750
13834
10042
11208
9583
10125
11167
10041
9500
11834
10834
9208
9583
10333
9959
8834
9459
9334
10542
10166
9791
8709
8375
10167
9250
9583
11417
11625
9916
8209
9834
12416
10792
10833
9459
9541
10292
9500
10291
9084
7208
9625
9833
10834
9583
10916
8334
9875
10250
7666
10416
9708
9333
12083
9458
10875
8625
9625
9833
8792
9667
10167
8792
13583
12167
11833
10292
10875
11583
10291
10166
9250
11917
9583
12083
12833
9708
11500
10625
10209
10000
9583
9917
9292
8625
9708
9500
8625
8458
13084
10125
10208
10292
9458
10625
11584
14333
10625
11375
10375
11542
10459
10709
9334
9417
10708
11417
10625
14666
9542
11167
9292
10667
10500
14708
9875
8333
9375
7959
11084
9542
10500
11167
11875
10375
9250
10250
7792
11167
9958
9250
10416
9083
9458
8958
10000
9000
11750
9750
9875
9833
8667
10667
10250
10042
12125
11000
10917
11250
10958
9709
7208
10459
10792
10958
9167
11416
10917
11792
8875
9125
9500
9666
11500
8125
10833
10708
10667
9334
8166
10875
9959
11417
9833
10541
9583
10083
9708
9708
11334
9083
8375
9667
8250
13084
9333
9042
10250
10708
8084
9917
9916
9542
9542
11417
9250
8792
9209
11625
9709
9708
15041
8500
9167
12833
11500
9709
9583
10625
10333
12750
9500
11417
11500
13125
10542
15625
10500
10166
9916
11834
9917
11375
10042
10708
10500
10291
11750
11333
9667
9542
10000
9000
13125
10083
9375
10291
10417
10959
11875
11667
10833
12708
10125
10250
10542
9333
10000
8625
9708
9666
14125
11417
9542
9250
13917
11292
9625
10875
11375
11250
10791
11500
9708
10375
13000
9958
10458
9541
9125
9834
8625
11500
16167
12875
9750
13000
10000
12625
9791
11167
8667
10791
9500
10625
9958
10875
13792
9625
9542
9000
8333
10958
12041
10708
11500
9708
10875
10875
12416
10166
9625
11000
9667
9500
11084
9833
12083
9291
9292
8708
9333
9042
9375
9584
8833
9750
9375
9334
11709
9709
9875
11208
12250
12875
10333
10209
9792
11000
9917
12041
9833
10833
10500
10500
11792
10833
8500
9667
7917
10667
10041
10875
10500
12459
10375
9500
11167
9292
9334
9625
9458
11792
9792
13917
10709
10459
9208
9917
10375
9083
9209
11083
10875
13167
9583
12250
9625
9750
11000
12459
9917
12167
10625
10500
10208
10458
9667
9291
9458
10709
10250
10625
9250
9792
9167
9917
8875
12000
9375
11000
9667
9875
9584
10000
9666
9917
11583
9875
9125
9417
10208
9542
9292
9417
10750
9500
9625
8500
9292
10084
10208
11958
10000
11375
9333
8625
8250
11250
9625
9291
9083
12208
9833
9041
10083
11625
9917
9750
9292
12167
8458
9417
10625
13333
9292
9667
10458
9917
11708
13458
10500
10167
11375
11292
10708
15666
9583
8167
9208
9584
8625
10042
9875
10667
12084
9667
8709
8792
9750
11666
8875
8667
10875
10375
10125
11000
9709
8833
11042
9125
10125
8625
9292
9208
9917
15083
9792
9750
9875
11583
9333
9750
9334
11084
9375
10792
8708
9250
11542
8959
8667
11417
9875
12084
8583
10500
12958
10708
11458
9625
9792
9833
11000
9625
9375
10375
9791
10666
9875
8625
11334
9750
9958
9042
8500
9250
11125
9250
9625
9916
11375
9584
8750
9208
10583
9792
10459
10792
11625
11958
11209
8250
10917
10000
10750
9083
10834
9250
10000
11291
9583
7750
12041
14625
10791
11208
11375
9209
9959
11000
9292
11500
11542
9000
9208
10375
13583
12583
9459
10792
9708
11541
9875
8209
8042
12042
10583
10333
10875
9792
11084
10083
13375
10916
10334
11458
10583
9625
9792
12250
11417
11167
11375
11500
10709
8500
10958
8083
12875
13125
10792
10625
8583
10459
8209
11709
11333
9542
9625
9875
10375
10250
9375
10750
9833
11208
9958
10583
9916
8334
11334
9834
10875
9458
10083
10000
10000
9125
10792
9458
8208
12542
9542
11500
10916
11417
9875
13083
11000
10208
10541
9125
9667
9708
9250
9583
12000
9708
10083
11583
11375
11750
10375
13042
13000
10375
11458
10167
10292
9958
8916
8000
9917
9500
9000
13000
11041
11083
10833
13834
11709
10250
10084
14750
10875
11500
10583
9792
12417
11000
9334
11709
9666
9208
13083
9834
11375
10500
10917
11000
8250
8750
10875
9875
11041
10709
11750
13125
11042
10916
9709
10958
10583
9333
10667
9541
9625
9833
9375
10875
10000
10750
11500
8167
12625
11625
10959
9958
11417
10750
9625
9208
10167
10209
9250
10000
15208
8500
7959
8667
12292
14250
9084
8250
10625
9291
12250
8917
9875
9459
12208
9208
9667
9625
11166
10292
9167
12292
9459
10791
9875
8416
12292
12041
9542
8667
10250
9334
8334
12334
9667
12459
6750
13208
9459
9958
10584
8958
12000
10667
10375
9292
9583
9833
14750
14625
11042
11041
11833
9667
10333
9709
9666
12250
8792
10500
11334
10459
10500
10417
11084
10958
10625
9125
9084
10583
8917
12000
10041
11084
11166
12542
10958
10500
9917
11542
11500
10042
12667
11042
9333
8542
9375
11042
10000
10875
11375
11125
9833
13167
10834
10291
11000
12625
8333
10666
10709
12500
9417
10125
10125
9875
10084
9875
11416
9583
10083
9625
11417
9209
8875
10625
11417
8708
10125
9875
9500
8625
9417
16041
10209
9375
10834
11041
10042
8834
9958
9958
9917
10250
10833
10125
9875
10500
10333
10708
9333
10333
11334
11083
9750
9292
13375
10375
9875
9416
12667
10000
11500
9875
9708
9916
9083
11667
12417
10208
9125
12584
11583
14250
10125
13042
10791
9708
9666
15083
10875
9167
10167
9167
9708
10792
9916
9875
10333
10666
11167
10167
9750
570583
13667
12166
12084
12584
9500
14042
9917
11667
11875
9667
11916
9917
10459
9500
11375
9250
9375
10959
9292
11125
13875
12166
10292
11917
10083
11083
9750
9875
10083
12125
9625
10750
9750
9292
12000
9000
8375
11250
9542
9333
9958
9500
9250
9958
8583
11792
9167
8709
9375
9542
11000
11750
10209
11375
9875
10292
9667
9583
11167
11750
9375
9708
9666
9542
9750
11417
10666
10125
10292
10333
11292
12834
12167
9583
11083
11792
9958
12708
10083
8833
10041
10834
10750
9709
13750
11166
12041
8959
9916
12917
11417
10125
9667
9917
12917
12250
10083
10125
10333
11792
8791
11458
9833
9625
10875
8500
9959
15042
7875
9708
14625
10042
9792
9708
9833
10000
11000
7833
10583
9292
12333
9875
9792
11792
10541
10208
9250
12458
10833
10541
11125
10042
10458
11125
9875
9959
10042
11042
11417
11416
10250
10583
10292
10541
9750
9458
10375
11583
9583
9042
11125
9458
10000
10542
10792
8959
9417
9709
9792
10917
9083
11250
9666
10000
10500
9583
12208
8792
8791
11334
13792
9166
8250
10083
9417
10042
8416
11000
10250
11333
11375
10083
11833
10375
11250
14500
9833
10958
10417
13583
11375
11792
9500
11083
10917
12792
10292
11875
8750
8958
9625
10250
11208
11291
10166
11209
10042
10458
10959
11250
9750
12167
9833
10750
10708
9541
9500
10166
11417
9875
9833
12000
8833
10417
8917
9959
8208
11125
9792
10166
10292
10792
12666
9541
9583
10916
9583
8041
10000
8917
13208
9625
10083
14625
9917
9750
9042
12000
8584
8959
10417
10667
11333
9417
9500
8708
9709
10833
9208
9125
10500
10250
10250
9666
9667
9625
9916
10084
10709
8959
11792
12291
7834
9833
9917
8458
13541
11208
9708
11292
9250
11041
10125
10625
9792
8750
9416
11542
8541
9584
11291
10666
10291
9958
11125
10958
10250
9750
10625
12667
12375
10042
9916
11042
9958
9750
14542
9708
11333
10125
12500
9583
12000
10084
9833
14667
19625
17583
11583
13917
10041
15500
11084
11833
11625
11833
10708
10791
9583
10625
11083
9458
12333
9084
10958
9584
11333
12375
10709
9792
9500
16875
16792
9167
9625
11333
10333
8500
14167
10750
12250
11625
9292
9542
9666
11291
10541
11583
10500
10583
13667
11333
8916
8875
10917
11000
10125
9916
10333
9583
11542
9917
10417
9792
11291
11166
11417
9625
11625
9667
9333
9333
9792
9416
9667
12042
10583
10417
12959
12417
9750
8917
9875
9792
9750
9542
10500
9750
11000
10500
8458
10750
9250
11000
10875
8833
8375
11667
11041
11125
11083
13583
10750
9917
13709
10042
10834
11209
13084
10333
10291
9375
9666
12042
10917
13292
9875
11416
8666
10708
9417
11667
10709
10583
13500
9125
9625
9667
10708
13708
10292
10167
7125
12084
13791
11791
10750
11042
9750
8833
11375
10166
9792
9709
11459
10334
10959
10584
10333
8375
10916
11208
11125
10875
10000
9916
9833
9750
11208
11667
10292
12959
11875
10125
8917
11125
9833
10458
11084
9875
11042
7791
10541
11083
9167
9417
9500
10167
10625
13375
7916
11250
9416
8584
10209
11667
9208
9125
15375
10875
9625
12416
11166
8958
11375
11875
8875
10208
11250
9083
11875
10917
13208
12625
9917
10125
11333
11833
9666
14125
9833
12750
9959
10542
9083
10916
10208
11541
11042
10125
9875
8750
11791
9834
10084
9750
8541
10000
10833
11250
13042
9958
11250
9417
11167
11375
9042
9750
10500
8334
11625
10334
9750
11917
11292
8500
10541
9833
9750
10542
13417
11375
9542
10500
8417
10792
9833
9917
9417
9708
8833
9750
9667
8750
14375
9833
11125
9375
11542
10000
10208
9708
10459
11375
9000
11375
10125
9625
10916
12042
9583
11042
10625
9625
10083
10166
8375
12833
9625
9833
9667
9625
9208
10458
10792
9709
9416
8250
11167
10417
9291
10208
9333
9958
9916
9667
13375
11917
11750
12958
10333
10166
8334
11583
13291
14291
8834
11500
11250
9875
12916
10500
10792
13000
10917
9750
12542
12875
9208
15167
10542
9500
8584
11083
9708
9958
12083
11375
10958
11125
11792
11750
10875
9542
8292
9791
10000
11542
9875
8833
14125
11750
10625
10833
10292
11083
9458
9958
11292
11042
10458
11458
11166
8292
10084
10792
12375
17084
9041
11375
10167
9500
10042
11833
9959
14875
12167
13333
11666
10667
8334
9333
9292
11542
10917
11959
11042
10291
16000
11291
11000
8458
10125
13458
9167
12708
8500
9458
9875
11291
11625
10792
10250
9125
9458
12584
10000
12333
10000
11333
9041
9250
7625
11791
10458
11292
12083
11375
13667
11416
11792
11375
14833
10083
8750
10042
10625
12750
10166
9458
9709
10208
9166
9292
8750
9375
9750
10000
8667
10084
6750
9125
9292
8875
10500
10500
10666
10584
10792
9833
10583
10292
8250
8542
9375
10750
10917
10750
8875
11125
10125
9750
9000
9959
13583
10125
11500
8250
13875
11417
10541
8792
9750
9541
11167
20167
21000
17792
15625
13458
16208
16792
14416
16291
15083
14791
12458
10667
11708
13709
13459
13459
11875
12792
10875
12916
12167
14125
12041
14375
12000
12541
10791
11875
10709
10375
10459
12958
12042
12000
12250
11834
8791
9750
12458
12709
11958
11125
12375
9042
13833
13875
13125
10458
10917
13375
11791
11250
10917
10459
9875
9667
9917
11833
9375
11542
15500
16750
16000
16750
17792
16458
17417
18750
15334
17625
11708
9625
10833
9916
9167
11458
14042
19666
16166
11250
11166
12500
12041
10916
12208
12959
10500
8500
9375
15208
16208
11291
11542
11167
10375
11250
9958
11667
9625
12542
10084
8042
9250
8500
11750
9875
9084
9666
9417
8959
12208
52000
15125
14750
12083
12917
11333
11125
10750
10583
11542
10375
11416
8958
10583
13041
10000
9333
9041
10167
10375
11500
11000
9542
9584
9583
12625
11875
8333
13292
10042
9375
10875
12084
12875
8667
13167
12375
12708
10500
10625
13084
9458
8083
9792
10583
10958
10291
12084
9500
10625
10709
10000
8583
10625
13208
10417
9250
12042
10167
9250
8250
11750
9084
7209
10209
11667
9333
10542
8375
9958
10000
10500
7375
3961167
9250
10875
10750
11834
10167
11458
10958
10083
10833
8459
11166
9500
10375
9166
9375
9958
10791
12042
9958
7958
11375
11417
8958
10875
8333
9208
9791
9792
9000
10125
10708
9500
10833
8542
9334
6791
10042
9625
11750
9917
10333
11125
11417
10167
10916
14125
10834
10250
10458
12125
11209
10125
10500
8875
10250
10084
11834
9625
9750
10416
9792
10167
11958
11542
11708
9083
11875
10125
11750
11000
15667
10125
10375
9209
11041
10125
9833
10208
11375
11166
10667
9209
11000
9708
9292
9792
10459
9125
8583
9875
8291
12459
9625
9333
10375
9666
9584
8584
13208
11167
11750
10542
10833
9750
11833
8667
10500
10000
8750
9542
9375
12375
10084
9959
11000
11167
12792
9583
10750
10916
10750
10041
11458
8625
16291
11500
10625
10541
14042
10542
13208
9667
8334
9666
10208
11500
10917
9917
11416
9458
10459
10042
9750
9666
11500
8709
10541
10083
11084
11583
4052334
9834
9333
9416
11917
9500
13416
9625
13291
12041
10500
11833
9042
11583
10916
9666
10541
8000
12875
10583
11542
10166
9708
10375
11750
9500
8458
11667
11416
9625
7667
8625
9833
10041
11625
12500
13084
11084
9708
10083
10500
8584
8875
11417
11292
11375
8792
8666
10000
10583
10833
9208
9833
10833
11542
9791
9500
10250
9416
10500
10125
12167
9792
12333
9875
8584
11708
10667
9833
9083
9875
9250
9583
9208
13333
14167
11375
9625
11666
10291
10125
9667
9834
10459
8625
9708
8958
10375
11209
9542
9750
10708
11333
10875
10000
10416
10458
10500
12416
9625
8500
9750
10583
9250
9208
9417
10500
9625
10125
10000
5000
10166
11583
10667
9542
10875
13125
10000
11208
10125
10250
12042
12583
11292
12208
9917
10459
10625
10875
11416
9500
10625
9292
9750
9417
8375
9292
11125
10416
9500
10000
10125
10083
9708
10166
13167
10833
10416
8916
10459
10250
9542
11833
9709
9041
9333
12459
9875
8584
9375
10333
9666
12375
12167
9292
7791
11083
11667
9708
8291
9833
12500
10625
10916
9791
7833
12959
10666
10041
9458
9584
10292
9250
7333
11542
9750
11875
10416
10708
10667
10417
9875
9625
12125
11250
10875
10458
10792
11209
12292
14834
11084
9250
9792
10916
10167
9791
8167
9584
10750
9959
11375
10208
11792
11459
11084
10708
9083
9291
10625
9667
11583
11875
11125
10583
8792
8709
10125
9125
9542
6833
7875
13500
9542
9417
10416
11541
10708
9792
10792
10417
9459
7708
9834
11208
10625
8917
8625
10667
9959
8042
10917
11500
13541
7708
9000
9625
9584
9750
11875
9709
10458
9042
9541
9541
11083
8583
9375
13041
10375
9750
9666
10792
11292
12625
9958
9417
10167
8541
8500
7459
9250
8625
10583
9750
10750
10167
10958
11625
11500
9791
8875
12417
9125
9667
9500
8167
9875
11000
9708
12084
9541
10084
10042
10792
9458
10625
11459
9458
13583
11875
7750
10500
9875
11125
9708
11750
7916
8334
10916
10208
10125
13916
9416
9541
9541
8917
8541
8584
11125
10833
9542
9667
9291
9625
10709
10833
10167
10166
9750
11667
9209
10208
9667
9667
11416
11250
9958
10041
10250
8667
12375
10958
10500
10167
10209
14458
9917
8750
11375
11834
8958
9375
9792
12750
11041
11708
10959
14542
10334
10916
8833
10167
9542
11417
9750
8625
11208
10000
11541
10916
10833
13083
12917
9750
9125
9417
10042
9625
9125
9958
8542
8541
9584
9292
10875
8333
11417
9667
9708
10042
11917
10792
10792
11334
9583
10042
9667
9625
11000
9209
10208
9875
13041
9333
10375
10875
10667
9333
10042
9291
9875
9750
13042
10042
10667
14083
11334
8958
9458
10375
11541
9584
11500
10166
8875
9125
10000
8292
8667
11250
11875
8625
9375
9458
11583
10625
11875
12709
13625
11792
11333
9750
10208
9875
8250
11125
11458
9417
8292
9375
8583
12750
8500
13625
10166
10084
12584
10083
9958
9125
9667
10291
10125
10208
12084
9292
9917
9667
12292
8334
9792
8542
11166
11042
10250
9250
8708
9333
9750
10708
9875
9166
9500
12709
11291
8459
9542
9625
9250
8500
9875
11375
8542
8875
10708
9417
13042
11041
9000
8666
9625
9791
9583
11833
8833
8625
8875
8000
10625
9417
9916
12000
10875
10458
9625
12875
10459
9667
9583
10125
10583
12875
9792
9541
8500
10125
10084
10084
4130541
12083
9583
11000
10125
10833
11166
9584
9666
9458
6833
9750
9791
9875
8834
9333
9584
10917
8542
10792
8625
11542
10667
10375
8542
9625
12333
10917
9458
11125
9167
15375
10291
11500
8625
10625
11875
9333
12167
9250
11625
8542
9084
9333
9291
11042
10583
10959
12416
9708
11292
11666
10042
10333
10542
9042
10541
10834
14708
9625
10167
10083
11500
11250
9417
12166
11125
9375
9917
13667
9958
10333
11625
11417
9875
10541
9833
8834
10875
9000
8792
9750
10083
11875
9291
8875
9417
13667
13500
12042
9875
10292
9709
9042
10792
9625
11458
9792
8958
9333
6125
9125
8917
8000
9958
11459
10583
11208
9791
10459
9917
10541
12083
9917
9458
11625
13667
12166
8250
10292
8250
10500
8583
9458
9125
9958
9416
9875
8958
8375
14334
15708
11334
9292
10750
10416
9209
9000
12167
12750
21917
11500
10166
10750
8709
11542
10833
10000
12292
11208
12833
8166
9834
10709
11416
14167
9125
8875
11125
11000
10500
12250
11041
10042
9708
12250
9792
9667
11041
10416
9583
8209
12000
12750
11708
14292
11792
10250
11209
11084
10208
12250
10833
9417
8708
9458
10875
10500
12125
14042
10250
11042
9500
9292
10917
10000
10167
9708
10041
11750
9834
10500
11125
9292
9917
11584
8667
8208
9750
15375
10583
10792
12417
10583
8291
9958
11083
9917
10792
9708
10291
9875
12375
9875
9375
9459
9042
12166
11333
7916
10458
9667
14500
8959
9084
10459
9583
10375
9917
8750
9250
9959
8666
14125
11291
13583
8417
9459
10167
12000
15750
15458
15042
13417
13333
9291
12458
10958
10833
12500
11125
9917
12500
8833
10708
10708
9375
9917
10291
8542
9000
10750
9416
13417
10958
11625
11167
10042
15667
13708
11208
8292
11583
9542
11875
9709
9875
9459
11958
