179750
72125
53708
97209
127000
169916
208334
245959
286084
323417
361125
399458
427000
457709
491583
528958
566875
604500
641500
684250
721958
759792
796583
834334
862042
899875
938541
976250
1012417
1050792
1089208
1127500
1164875
1202625
1233667
1268125
1303542
1341833
1386875
1426375
1465209
1524958
1555875
1582875
1600458
1627375
1650625
1678334
1710792
1737916
1765000
1792458
1812917
1840458
1862750
1891375
1918167
1941500
1973042
2001167
2027958
2055458
2082833
2109333
2129708
2156667
76167
190375
235625
274417
317792
357750
396625
437625
476833
515083
548833
581125
618625
658417
696625
734542
773000
788125
820125
857709
895125
933042
971000
1009250
1047291
1085917
1123834
1161417
1198917
1237125
1274542
1312250
1348084
1390042
1424250
1463041
1501333
99333
199791
204166
249375
286959
325916
365083
403792
442666
481542
518208
548875
586916
624916
662958
700708
739125
777792
814875
848916
885875
923791
958458
996042
1035000
1073834
1112375
1151084
1189666
1228125
1270542
1310000
1349125
1390125
1429667
1467625
1506916
1545708
1582084
1619791
1657792
1686667
1723250
1762875
1796875
1834750
1872458
1910375
1949375
1985167
2002500
2022166
2042042
2062459
2082416
2099416
2120875
2143500
2162875
2186375
2208166
2229541
2249709
2270083
2290417
2303791
2313375
2333666
2354334
2374416
2394708
2415125
2431250
2451542
2471709
2492583
2513209
2529750
2550584
2571208
2591208
2611417
2627250
2647625
2668292
2694625
2716625
2737042
2757333
2774250
2794292
2814208
2830625
2851000
2871167
2891916
2912167
2926000
2934166
2954334
2971084
2991209
3005958
3026167
3046792
3067000
3087875
3107833
3128709
3149291
3170208
3185917
1313667
1333708
1358334
1380000
1401833
1422417
1444542
1466542
1488000
1508792
1530709
1550458
1572209
1594500
1620792
1645292
1667708
1684333
1703167
1722083
1740875
1759333
1775834
1794250
1812875
1831625
1850500
1864834
1883250
1902042
1920375
1938708
1957666
1972750
1991416
2009958
2028667
2047417
2063750
2081833
2100500
2110042
2128708
2147333
2165834
2184500
2203083
2222000
2236875
2255334
2274291
2288833
2307292
2326083
2344667
2363083
2381417
2400250
2418458
2434791
2453625
2467917
2486625
2504917
2520042
2532000
2550167
2568708
2587916
2606709
2625125
2640750
2659250
2678167
82958
205791
250625
288292
326875
367000
404833
443709
483709
521959
555459
599958
640583
678791
718042
747833
785000
821792
865958
915083
953666
996583
1045875
1085916
1134042
1173458
1213083
1250542
1287958
1325792
1371500
1416625
1451083
1483792
1522250
1558542
1596750
1633959
1672875
1709875
1748417
1787333
1825917
1863625
1897958
1935375
60000
123083
167500
207583
247583
267500
304042
345208
383750
421959
457750
491291
61083
98166
113791
146292
171959
208417
246500
286208
324541
371334
411250
442500
481667
514083
550833
587333
216583
259250
296792
334458
373458
410250
445417
484375
521625
559500
597875
634375
64458
128709
171667
211375
247541
277708
316000
354209
392667
431875
469791
501333
547042
586375
49667
89750
129708
167625
202958
240708
277916
48292
88042
127500
166625
203625
241125
277750
314875
352417
389583
426709
458667
49416
89833
130000
168708
205792
243417
280250
317042
354292
46792
82583
121250
159334
196750
234583
272958
308792
346250
385833
423041
454875
492666
36542
75792
96875
117334
136167
156708
175625
195209
214500
233916
45917
84833
106583
129625
149792
168917
187833
208000
228500
248833
29750
55042
64083
72084
79250
85916
93292
100500
108041
16791
25542
32250
38875
42417
48917
58166
64709
71250
77834
84542
14667
21958
28458
34834
41333
47416
54041
60541
67000
73500
79875
17542
29500
37709
45291
52333
56583
63750
70542
77292
84042
90625
95708
32083
49125
66375
82000
96541
111250
126250
140250
154625
29625
42875
60917
77917
94000
109958
126417
142292
158500
174792
190750
33917
46083
63875
83250
101959
121042
139459
157834
176666
196292
214792
230916
33834
47250
66250
85208
103791
126084
144959
163458
189000
208083
226708
243167
33708
46084
61667
80708
99208
24584
54583
64250
72250
79167
86125
92750
99875
107584
115167
121833
126792
133500
140125
147000
153875
160625
167500
174000
180208
186875
193625
200500
213708
220541
226959
234208
240833
247375
253625
259875
266292
272583
277833
62791
80916
83000
83417
82583
80333
191208
231042
268666
77000
156458
200708
83375
65083
119875
68291
155166
196333
233791
85250
101083
186542
85750
176417
86833
191416
75333
69458
143083
183625
226542
263375
78000
62667
88166
89958
209750
254750
87458
63458
123167
81083
87083
81083
71292
68083
84625
91916
56709
84875
81042
84833
206667
243583
86542
209958
253875
281917
320084
355834
396791
437625
478333
513375
545583
578042
615250
653958
692042
731125
769041
801750
836458
874416
910042
948250
981666
1020042
1057458
1095042
1132458
1175875
1214500
1251458
1288625
1326000
63916
84500
88709
89916
209084
252708
290166
329125
367167
405625
445958
484291
520667
555417
598875
639750
678500
717375
755541
794000
831541
866500
904750
943000
980833
1013458
1051709
56959
97458
138542
178042
215125
254000
311166
353416
393125
431750
469333
500708
538750
577333
615625
653500
691584
730417
768625
803291
842250
881709
919959
958208
996208
1033958
1072750
1110625
1149375
1187291
1226459
66833
142958
189792
230417
270500
310875
355542
393625
435541
474250
522459
553375
591708
628958
667750
706083
744292
781917
820166
855333
892958
930583
971417
1011041
1048500
1086250
1124292
1161750
1199708
1237208
1275792
1320625
1359292
1393416
1430666
1468917
1505583
1543208
1581584
1618333
1654375
1700209
1733750
1771500
58000
116250
158250
198417
236500
274833
317709
357708
396750
435666
473208
505792
544500
582708
620792
658916
696833
734458
778333
816125
854625
892000
926916
964334
1002375
1040834
1084084
1121916
1159292
1197000
1234416
1271500
1310000
1344541
1382167
1418416
1456875
1494750
1532875
1591250
1630750
1669333
1706542
1747209
1782958
1821209
1859250
1897458
1935250
1973334
2012000
2049750
2083666
2122125
2161208
2195667
2234042
2272875
2306208
2328958
2349166
2369542
2365041
2384250
2404667
2424792
2440750
2460750
2480958
2501458
2523125
2543417
2559542
2579792
84666
189250
233209
269166
306958
345542
382084
421750
460042
497791
532250
569833
604375
643042
680542
718958
756083
792708
826625
864375
901459
938834
976209
1010833
1043083
1081917
1120042
1158041
1201375
1239167
1275250
1312292
1350084
1386541
1424125
1467875
1510042
1547125
1585875
1623542
1662542
1700334
1738166
1775417
1812750
1846875
1881541
1920334
1958500
1995750
2033458
2072083
2110584
2148292
2187750
2226250
2264041
2293167
2313459
2333791
2352792
2367333
2384291
2404167
2420792
2440917
2461000
2480834
2500666
2521250
2541250
2561625
2582334
2605500
2627125
2644375
2664750
2685000
2705042
2725125
2745375
2753000
2772958
2795667
2816791
2837875
2854125
2874000
2894375
2914959
2936208
2953416
2972041
2974208
2994666
3017584
3039458
3060666
3083625
3104042
3126084
3142917
3163167
3184042
3201167
3220958
3243625
3263958
3284750
3305667
3327000
3343875
3364750
3384750
3404958
3421625
3437958
84750
198333
242334
283084
323792
361583
399875
438375
477958
516208
550750
582542
622083
661292
698750
736292
774417
811791
846750
885083
918292
956250
990459
1028542
1067000
1105125
1142958
1181125
1219458
1263875
1302500
1338459
1381584
97167
196292
229875
276333
318583
360583
400500
439708
479000
517042
554583
586333
623416
662125
701709
739791
778042
816167
859292
898250
932416
970583
1007875
1048042
54625
108833
154500
196500
244583
284708
322959
361042
400084
438541
477500
513750
553083
591167
629459
667209
704875
742375
780083
814500
854958
902584
939500
978417
1016209
1058500
1098417
1138417
48500
85708
125708
163458
200083
237167
274667
310833
348333
386625
424083
455750
46958
83667
122375
160708
199250
235666
272667
309333
347417
385667
429417
463583
501541
540375
578167
615917
653833
691208
246250
57334
102375
142250
181208
218709
257250
292167
328708
366666
405791
443083
474750
512333
550500
588834
627708
668000
706167
745291
781208
819625
858333
897000
934292
95333
187625
224334
263375
306375
346958
385125
422417
463250
503375
543750
576459
614833
650709
689209
727292
764625
802167
840375
885375
923250
958500
999833
1040958
1079042
1117500
1156458
1194834
1233417
1275209
82500
180333
223625
261792
324625
361833
400125
437708
477208
510500
543084
572875
607584
643958
679000
713958
748875
782666
814042
848542
883375
919375
961250
67750
108792
137416
175625
214416
250167
285500
320500
354125
392750
429166
460083
494333
529750
582458
52000
96417
135917
174917
211417
246834
281292
316542
351417
388792
423958
453458
53333
87250
117417
152708
187416
220708
254834
289042
323584
359541
398084
428000
52833
88583
113042
148125
182500
216916
253000
287958
324834
110666
192125
221417
82042
82542
183625
87042
80750
182542
222167
258375
296916
331334
367167
402167
80875
110500
206250
240875
264083
300958
337333
114333
211750
247583
271000
308542
344541
380541
414042
449417
486541
521417
549041
582375
617541
658208
693708
729541
83292
83042
176667
89083
192792
234792
273834
312375
348625
386542
424042
462708
500459
534959
565250
602041
639083
676292
713917
751666
791750
36625
59708
75542
90375
104208
118250
131917
146792
160958
175125
188625
199625
213583
231125
248458
264542
278375
292166
304667
317375
331250
345209
358375
372334
386542
403500
441291
481500
521000
561167
601500
651083
699250
738042
778542
818500
858250
897375
936917
977125
1018166
1058083
1092958
1132333
1169750
1209917
1250292
1290292
1330375
1367917
1407958
1447833
1488250
1538125
52167
96500
136667
176250
214792
252625
291458
328417
366166
404542
441292
472291
509459
547167
588208
627333
665708
703875
741000
775542
813417
852292
891625
928958
965000
1002584
1040458
1075959
1116875
1154417
1194958
1231875
1269333
1303750
1341458
1379000
71667
108333
146208
174458
212333
250500
287500
323084
358625
395166
431458
465416
503000
539792
581041
617875
655250
692833
62792
101541
138709
171375
211625
249792
287667
325167
361834
399416
436584
470667
508292
547042
586042
623583
661375
694708
732167
770333
808625
843333
877959
915834
83292
84125
89833
179125
80583
54333
50750
85458
86083
85750
84666
69916
81792
87375
82834
80958
85625
83042
84209
180458
221292
91750
157666
188750
220750
256625
293583
329375
362125
398000
433625
469833
498292
531334
565875
601667
637333
672334
707208
746875
781625
813375
848375
55167
79125
62333
84875
79792
90791
81833
86209
78791
186875
229458
269875
308875
348542
387458
425584
465708
502625
537584
576333
88542
173625
216417
261000
300917
338583
374917
414500
452916
490458
526125
558333
596125
633458
665833
703500
741958
784416
819500
857667
895375
932916
968458
1006500
1052125
1090333
1126833
1164458
1203833
1242792
1280334
1318291
1356417
1399375
1439000
1476416
1514166
1552000
1590083
1627542
1665167
1698958
1736625
1774791
1810875
1848958
1887041
1925167
1963375
2001458
2039875
2077209
2115292
2153750
2191833
2226583
2263125
2294375
2331750
2369083
2408167
2405625
2444541
2482875
2503334
2523458
2539500
2559042
2579458
2599292
2619916
2638416
2658250
2678334
2698667
2718917
2739542
2764083
2785041
2805417
2825167
2843791
2864417
2884791
2904083
2934750
2957000
2979917
84542
80125
199500
79667
89791
204250
88916
180750
217250
254834
295125
333625
370584
409750
78834
49167
89542
125834
87583
194542
238000
275125
314417
352750
389625
426875
464916
501333
536125
567666
605083
642917
680750
80750
192250
85458
194208
83208
83875
80167
193792
237750
276917
318250
83250
218041
263708
304417
345417
381792
421458
460583
500833
538208
564708
604334
646042
684750
722250
759750
798083
834833
870375
908041
945333
979625
1012166
1050667
1089000
1127083
1171250
1213334
1252750
1293083
1330000
1360750
1405000
1439542
1477250
1514583
1552375
1589334
1627375
1665667
1702958
1738625
1771125
1805875
1838375
1876792
1914583
1962167
2000541
2035791
2074958
2112542
2149834
2188708
2226792
2261292
2299041
2336292
2373542
2411416
2451417
2489583
2527708
2560792
2597209
2628750
2666625
2704750
2742584
2780458
2817959
2856333
2894250
2930875
2947583
2967417
2987458
3007625
3027917
3051792
3071958
54000
102959
146958
187250
225666
267500
307458
343958
381750
420750
458166
489625
528417
566041
604208
642375
680833
719542
756667
793166
86292
107333
189250
222666
248875
286667
324083
364375
402542
441875
482875
519708
551083
593083
632042
670792
711958
750041
814833
851000
885583
920291
955250
986958
87084
151667
190542
225959
261834
297625
332708
368708
406208
440459
473083
502833
537958
574209
609292
644000
678500
713042
744334
780417
816125
850958
887667
922250
956541
991584
1026709
1061167
1105417
92333
72750
161625
201042
238209
273917
309667
344584
380459
417333
460167
494959
523959
561750
603208
85291
63708
99250
132750
164500
199875
234750
268583
302375
342542
375250
410584
440917
480500
517084
553125
588958
624708
660291
696250
729875
761125
798792
510125
545000
580083
615542
650250
684500
720583
756833
791500
825125
859916
889791
925083
68625
104583
140250
169291
205375
242667
279500
317375
357166
392917
427542
459583
495125
538875
574459
46791
56792
99958
135083
168875
205084
240167
275042
309500
347125
53917
99500
142042
180583
215708
250417
287041
323833
362666
401083
436250
465375
500250
536000
571208
607084
646625
685209
721416
754458
86542
62208
115875
153208
188333
223666
259000
295709
334917
371625
406416
439458
474792
506042
540792
575875
75334
61875
111334
151250
188833
222583
259208
293834
328500
364375
399750
433375
462542
498125
533917
569333
604750
640625
675708
709042
741792
776125
817375
851625
895583
931708
89125
183500
223709
258458
295916
331209
368208
406583
442083
476083
509709
538333
85500
197167
76792
156000
198833
237333
274375
310625
337541
373375
410375
446458
480375
509083
546334
581208
616334
651584
687417
723208
757666
790375
826042
861125
893000
928958
964250
1000000
1035250
1070542
1105375
86083
88000
84250
84375
84125
188167
228583
264791
300834
339083
374708
410792
446792
480750
513166
542000
578000
605458
640833
676000
715375
750250
781708
816875
852500
887083
922667
958083
990208
1025375
1061084
1100875
1135750
1169416
1203541
1237583
1271625
1306708
1341709
1373000
1406333
1458167
1493917
1529750
1565125
1593917
1628750
1663250
1694834
1729625
1764458
1799625
1834167
1868916
1904791
1939584
1972000
2007791
2042250
2076541
2111375
2146083
2180666
2214583
2253583
2288791
2323833
2355959
2391500
2426167
2461042
2479625
2497708
2517000
2535208
2553833
83458
160667
197875
231959
268958
304917
339875
377958
413500
447333
478792
508250
543291
579333
615125
651000
686041
720000
758625
797500
835625
871125
901834
935917
970959
1004834
1040584
1080458
1116292
1151250
1186166
1221125
1255416
1291000
1322750
1359208
1394166
67000
129625
207625
262666
303958
340084
377250
411083
447458
483791
518667
549208
585834
623166
657750
693542
729166
764750
798959
830959
865959
901833
934125
969375
1004917
1018875
1046834
1081709
1121417
1156250
1191500
1226458
1261750
1292167
1333250
1370042
1414292
1450417
1486375
1526083
94834
174500
197583
233542
268250
97750
165125
191417
244250
296541
336292
373834
408833
444875
481042
516125
544042
576542
611583
646625
681334
716667
751250
786125
819917
851125
885833
925084
961125
996542
1032084
1067209
1114041
1150042
1184834
1220083
1254791
1297000
1329000
1364458
1398375
35916
50542
73125
94500
114833
134667
154459
174334
195125
215250
235792
253166
273083
293417
314458
334500
354958
41500
63750
87000
104791
120250
142292
164916
48792
83375
119625
155000
189875
223916
258208
292084
326625
361708
399458
433458
47834
85708
124166
160833
196125
230625
265416
299958
336000
371291
406333
436125
471375
54250
90875
124334
160917
193416
229125
264458
299333
334292
370417
405167
435458
104417
184167
207042
242833
76791
76875
171292
209709
245291
280958
63542
130208
170708
73334
148333
189125
227125
262500
297291
332791
370042
408875
444291
477542
505208
539542
575375
610667
645792
680750
715917
750042
782875
817500
857500
891250
938000
975875
1012041
1048500
1084500
1119667
1154833
1200333
1236792
1271750
1301500
1336375
1369917
433500
467375
502833
538334
573792
608917
643750
678541
713250
748334
783458
811208
845959
880958
915125
952542
988333
1024125
1059417
1094709
1130542
1165333
85542
88334
182084
53666
98750
100833
178375
208666
241083
278541
314875
348875
382166
416083
452125
487375
514750
547917
583333
618708
654791
689833
725417
760334
794167
825417
860125
891000
925667
960042
995167
1029542
1073375
1111375
1199083
1236042
1271833
57250
98709
118125
151334
187208
222041
257667
292916
329625
367666
403208
429792
464458
500209
535708
571417
607041
645917
681375
716166
755208
784375
815375
850542
885792
52375
45792
81750
120625
52833
89209
88583
53833
82708
85833
160125
198084
232708
274291
309083
344250
379375
406166
436041
469167
62875
77417
58250
109833
149625
186417
46625
46666
72500
127709
163000
201375
236917
271833
305791
341583
378208
414833
449458
478750
511375
546708
581708
616750
652250
688209
723625
756750
788875
823167
854416
890084
925083
960042
57875
95833
134458
169125
202959
238375
272333
306708
343334
378666
419500
450083
485292
519917
554667
589542
629750
667583
705708
53667
97459
137917
176125
215792
253417
289500
325166
361917
398083
432084
461292
496833
532542
567917
603709
632041
666833
701542
733209
768834
807625
839292
873209
908250
943292
977917
1013334
1048958
1084416
59875
104458
141083
179125
215250
250500
289542
324583
360208
396500
432875
462833
499125
535208
571083
606666
643584
678500
713917
745917
780917
816208
852292
887792
922542
953625
988333
1022250
1056541
74791
122042
157250
191667
228917
257375
292125
327459
364375
401666
441584
473167
506834
542125
577583
612917
647875
682833
717333
752083
784209
819416
850917
885833
921584
959083
49417
86209
123458
159083
193458
228709
265000
298625
333792
369375
404042
433041
469709
505334
540667
575500
611042
646000
46167
79792
139083
182000
218750
253709
289500
323208
358500
393292
428583
458542
494708
529958
565375
600833
635917
671458
706834
738041
45542
50542
86375
124042
158834
192875
227375
261750
295125
329667
364667
399208
429750
466667
501833
545667
581500
616625
651500
685291
718208
760125
796667
827791
862125
896667
930125
965417
1000584
1041000
1075542
1111791
1146833
1180500
1212625
1247625
1287792
1364166
1397500
1432000
1468500
1511167
1548250
70125
57875
57958
49791
84750
146875
193167
229750
265209
302708
336750
373625
411208
447334
476041
510791
546125
581416
616500
651250
685875
719334
45167
79334
116417
152708
189250
225334
263666
298250
333333
368291
403333
433375
468584
504208
540500
575958
611208
646584
54167
50416
84333
121667
156417
191083
225875
261375
295208
330500
366042
401000
429625
464500
499375
534875
569958
605250
640958
675458
710583
47709
81667
117750
152625
188042
222667
257209
291083
325708
361625
396833
56708
94375
132458
170375
206959
241959
276375
311708
348708
387042
422375
454292
488166
523084
557834
591916
626500
661667
697000
731583
762750
797375
829375
872125
909166
945292
980458
97958
54458
47750
81417
118042
153208
187459
222792
258458
292334
327625
362583
397291
426833
461250
495916
530583
68083
132708
103541
162292
192500
229125
268458
58916
97667
131375
166542
200583
237584
270375
304250
339875
375083
409208
439000
474459
509125
545125
580292
615666
657334
691167
725666
767333
802792
834250
868833
908584
944042
979792
1015875
1051375
1084625
1119209
1154583
1189750
1221208
1257833
1292333
1327625
1359208
1395333
1441916
1477625
1513000
1547917
1587792
1620042
1655458
1696208
1732791
1767834
1802625
1838375
1873500
1906792
1935459
1970500
2002750
2038125
2073458
2110083
2147208
2185083
2221083
2256542
2291666
2326875
2362000
2394875
2429625
2464583
2500291
2534875
2570625
2608292
2643709
2669083
2687833
2706250
2720834
2739875
2758500
2776584
2795542
2819791
2842750
2861000
2869250
2891333
2913917
2933333
2952875
2971250
2991666
2999125
82292
69875
79292
65125
129334
84083
61208
119500
161667
198000
232958
268625
302750
338375
373167
408917
100250
179125
213375
235958
271667
308250
344000
378709
413500
449125
484167
511583
544541
579750
83166
156834
196166
230166
267209
303125
337667
372708
408458
442375
477750
510500
545834
581625
617083
651667
687500
721167
753125
789875
824000
859167
894750
930167
965041
1008000
1044625
1079334
1114500
1149333
1184125
1218208
1253541
1285875
1321083
1356041
1402875
1439291
1475417
1510542
1547959
1582500
1617459
1652000
1683791
1717792
1752042
1790042
1825000
1860292
1895125
1930875
1969833
2009708
2043375
2069208
2104583
2140375
2177792
2214000
2248917
2283834
2319292
2388750
2424500
2460375
2491041
2526541
2562125
2599750
88333
57916
80584
81875
62083
77167
59000
114959
158541
197750
234209
270708
306458
343417
380125
422250
459583
495583
532959
571333
608459
645583
681959
718167
755125
788333
824834
862833
896708
934667
972292
1013834
1051042
1087666
1123875
1160208
1195958
1232500
1269792
1302500
1337750
1374625
1411833
1449333
1492417
1530583
1567959
1604750
1638583
1675208
1708333
1744959
1782125
1818792
1855625
1892500
1929250
1966209
2002500
2040166
2077583
2111750
2149083
2182667
2196417
2215875
2235583
2255125
2274667
2294208
2314125
2334084
2350500
2373208
2393250
2412709
2432583
2452292
2472000
2491542
2511041
2530875
2550958
2567584
2587000
2607167
2627000
2646666
2666167
2685792
2705125
2724959
2744292
2764458
2784292
2799459
60250
102417
148458
189666
227417
264417
301541
338375
380250
418125
455583
486833
521166
558708
595333
632500
669833
706500
743833
780083
813375
850417
884458
921542
959416
997167
1034291
1072625
1109208
1146792
1183750
1222125
1259917
1298792
1335334
1378875
1415375
1452750
1489041
1526167
1562208
1603250
1621292
1640917
1657708
1677417
1697042
1716459
1736208
1755833
1772542
1793250
1813334
1832791
1852375
1868209
1887541
1906666
1926125
1945458
1965292
1984709
2004916
2025333
2045292
2065041
2075833
2094959
2114458
2133667
2153666
2172709
2192667
2212583
2232000
2251167
2270958
2286417
2305917
2325500
2346375
2366458
2385875
2405541
2425125
2444666
2464125
2483459
2503416
64334
122500
162875
59833
60000
105625
146750
185625
228625
265917
301791
339000
377459
414708
451583
481750
519958
556333
593500
433417
469125
53208
53375
49292
85042
146250
190542
226375
263584
303708
347292
386166
423292
459916
490916
528334
564834
602291
640458
677917
714041
750750
778166
819708
54167
111375
154875
195833
233375
271375
309041
346000
385750
425000
462292
492958
531125
568917
605958
643333
681083
61917
99167
136291
169416
222458
261292
298625
334833
371167
408041
445250
478167
515625
555292
598625
636250
673667
711458
748833
786334
823542
858084
892625
931000
970708
1009750
1054166
1093583
1131792
1173417
1210541
1248417
1286625
1320000
1357750
1395375
1433208
1461791
1504208
1548208
1584792
1620916
1660375
1696750
1730000
1767792
1804333
1839542
1877875
1916833
1954625
1992375
2029583
2067125
2104042
2134834
2172375
2210459
2248458
2286417
2319708
2342750
2362791
2382416
2402458
2422334
2438542
2458042
2477750
2497292
2518583
2531958
2552125
2578041
2597792
2618000
2638250
2654375
2674041
2693125
2712791
2734208
2754000
2773917
2796625
2816458
2837583
2858083
2874417
2890792
2910625
2930500
2951000
2971083
2989834
2247125
2265541
76833
80250
182625
224917
268667
308708
346500
382375
421167
459333
496083
532750
566208
603250
640041
677083
714125
751750
788166
822334
860250
897375
934500
967875
1005333
1042375
1079625
1125708
1170750
1208083
1243708
1279875
1316208
1352583
1385708
1423333
1460250
1501834
1540000
1577666
1615583
1652750
1689791
1727042
1770334
241291
276542
311541
347458
384292
425292
463209
500708
536833
572250
609958
642542
681875
719667
757666
793833
830208
863458
900792
938791
977500
68459
131500
172333
213209
252125
290333
328875
367500
406667
444459
481208
512208
550875
589042
628000
665959
704334
741500
779041
812750
850333
891709
929375
77625
139042
153041
189416
224833
262250
299750
336042
371416
409042
445208
472791
510584
547583
585083
631667
671083
708416
745292
778083
815417
852584
885459
927583
963416
999333
1035834
1072459
1108750
1147458
1185083
1222209
1263542
1297583
1335709
1373167
1412083
1457084
1494708
1532166
1566334
1604958
1641833
1680167
1697875
1718042
1737541
1757000
1776209
1797000
1817250
1838250
1858791
1878750
1898000
1911125
1924292
1943958
1963375
1983334
2003667
2023500
2043166
2063333
2083292
2103250
2120042
2139959
2162000
2182625
2202292
2222208
2241375
2261500
2282000
2302417
2323375
2340000
2360625
2380250
2400625
2420292
2439584
1364208
79291
69750
140542
184041
86917
92917
206458
89833
76042
80875
84375
84375
86916
54542
101292
147500
190042
228334
268500
307334
346167
387166
427792
467250
500416
540667
612750
652167
690209
728208
766375
803541
836875
873708
911917
950417
986875
1022625
1059750
1096708
1132250
1173166
1211875
1249541
1283875
1320666
1353875
1390167
1427292
1479458
1517959
1554833
1589041
1626500
1663791
1700625
1737459
1772083
1809208
1847791
1885084
1922167
1959583
1997417
2034500
2072208
2109166
2144042
2171792
2208500
2245208
2282208
2329042
2366833
2403625
2441041
2477209
2514125
2551375
2585625
2622875
2660583
2698000
2734834
2771292
2808125
2849750
2887167
2924291
2958292
2977167
2998125
3017875
3038042
3057916
3077333
3097375
3117209
64416
104209
144042
181375
216208
252167
289125
325167
362709
399458
435000
465792
503250
540208
577792
614958
651958
690084
726667
759750
796000
833083
870667
907292
943916
980667
1016542
1052833
1089500
1128417
1164833
1199583
1237375
1269708
1312375
1352167
1392458
1433750
1471250
1505542
60208
76375
81209
66458
53875
58625
78958
72042
87083
60250
112208
158166
199541
235417
273125
308875
344416
383625
422208
458917
501292
539417
577208
614583
652458
690000
727166
763125
797958
835000
871625
906625
953792
992084
1028792
1065291
1102334
1138292
1175750
1213375
1249625
1285542
1318750
1356167
1392208
1437333
1481875
1520583
1557125
1590667
1628625
1665625
1703417
1736500
1773667
1813042
1851083
1888333
1929625
1966542
2003500
2040958
2077791
2115208
2147417
2181625
2218875
2255208
2291709
2329333
2365792
2403208
2440542
2476875
2514875
2548083
57500
102583
152250
194000
231708
269417
306125
341459
378667
416083
452417
486667
523875
560625
597834
635542
673833
712583
748083
781458
821292
859750
899209
936416
972084
1008417
1045541
1081250
1119125
1156541
1192625
1227791
1264291
1302916
1340625
1382083
1419500
1456417
1493458
1527291
1563791
1600583
1640708
1677250
1710084
63041
83458
65417
63250
83084
118709
217208
253041
286750
317583
356000
393833
431292
467833
505541
542583
83334
104916
194459
228792
269416
311750
351084
388583
425583
80834
84417
58042
81208
80042
81833
142625
180875
214875
250625
86125
82584
173917
213792
248625
284125
320542
355500
392666
430583
464375
496167
524875
560417
595709
631333
666334
701417
734166
766167
84417
78959
67959
107958
212875
248708
284292
322708
360458
397250
434042
470250
508084
545958
67375
113000
205875
239500
263833
301417
337000
371959
58916
83042
82125
82125
72042
152667
196208
234042
267916
302875
335208
370625
407167
442625
477000
504875
540333
574875
610042
644917
680666
715750
751042
783958
819208
854250
886167
921292
957083
992208
1027875
1062834
1098042
1133000
1168375
1203708
1245125
1278291
1312958
1347875
1384000
1425583
1462666
1498000
1532750
1566333
1600750
1635917
1668166
1703375
1749792
1786958
1823042
1855000
1890125
1925333
1961375
1996875
2033083
2064459
2099250
2139250
2174875
2210042
2249708
74625
56292
104333
147666
186292
221541
259458
297375
333000
370250
405000
439708
474500
510000
545459
589709
626375
662625
698250
732834
765417
800542
837125
870875
910750
945750
980500
1015458
1050917
1085458
1120708
1155834
1194875
1228542
1259792
1301042
1336959
1372791
1408500
1444625
1479625
1511334
1550875
82208
185166
224084
259334
296208
332042
367292
403583
440917
470750
87625
163833
53250
94292
61125
110042
138208
177375
212875
249709
286250
323041
361458
398750
434666
464584
501875
538917
575625
613042
651292
688875
725000
759166
799584
836458
870375
906792
943625
979542
1017125
1054416
1091416
1126875
1163250
1200208
1238916
1273583
1311000
1347791
1384333
1424583
1463458
1501042
1539042
1576375
1613084
1660125
1693500
1731250
1768542
1805875
1842625
1881042
1918083
1955250
1990083
2023750
2062125
2097000
2135625
2175375
2212000
2250417
2287333
2324125
2361334
2398375
2440250
2477958
2511958
70791
156042
203167
241458
279750
317791
356458
396458
434583
471458
507792
541208
578709
617583
655417
693666
732000
769125
796791
834375
871375
912334
947125
983375
1020084
1060125
1098542
1136542
1174583
1212584
1247750
1286250
1323959
1359625
1397292
1435208
1473083
1510625
1546375
1584958
1622041
1660625
1698750
1737250
1773042
1812375
1850875
1888292
1928000
1966875
2005417
2043708
2080625
2118083
2144625
2188958
2210875
2231541
2252042
2272417
2293459
2313083
2332708
2352958
2373292
2394000
82208
85583
90250
172958
212584
248125
283792
319000
355125
392291
428042
461833
493833
523083
557541
592375
627208
663083
699084
734125
766750
801792
836458
871500
901958
78209
157083
193833
229209
264083
287542
323625
358750
394209
427666
460375
495208
530167
566000
600833
635167
667333
703167
734875
769917
805000
840583
880917
916334
950917
985292
1021125
1052666
1088500
1124500
1159542
1191666
1227042
1262500
1297625
1348375
1384209
1420500
1453000
1484166
1518833
1554459
1589125
1624625
1664042
1699959
1745708
1781334
1817291
1853458
1888584
1925084
1958125
1989542
2030500
2060208
2095458
2130958
2166125
2204291
2239625
2275167
2312291
2331375
2347167
2365625
2383791
2404000
2422417
2441750
2460500
2478167
2500583
2519209
2539708
2554958
2575625
2599542
2618166
2637083
2655666
2673875
2692833
2713375
2734208
2753000
2765583
2773791
2792875
2811041
2829875
2848292
2868375
2888708
2909458
2929250
2949917
2970292
2989834
3009750
3029833
3034458
3053791
3072875
3091208
3109625
3129917
3148417
3157917
3176334
3194958
3212000
3230583
3248708
3263709
3281792
3296458
3315208
3334167
3288833
3306583
3316125
3334459
3352708
3371417
3389542
3408000
3426500
3444916
3463917
3476500
3494083
3512375
3530583
3549208
3567334
3586042
3604667
3623458
3642041
3661167
3676250
3694208
3713000
3730750
3746333
3761792
3776917
3792209
3807791
3805167
3796875
3810625
3825875
3841250
3868291
3886084
3899917
3914500
3933875
3948666
3963417
3978417
3989583
3996250
4011666
4026709
4041625
4056833
4072000
4087250
4102166
4113875
4129125
4144250
4156167
4171209
4186500
4201875
4218292
4233542
4248709
4256334
4271458
4286500
4301416
4315541
4333084
4344667
4359917
4375000
4393459
4403209
4418542
80250
152042
194625
232792
268375
306625
340458
374958
410833
446458
480708
512750
547916
583000
618791
654250
689500
724833
758208
792083
826959
861542
892583
926875
961625
996292
1031375
1066917
1107583
72084
161791
202375
238084
274500
310417
345708
382000
419209
454292
495458
526125
562792
599125
59042
93125
127667
162000
89666
175625
214000
249458
286042
319167
353625
388292
425167
459708
492042
521333
555833
591042
625708
660042
695500
86292
167875
199875
234500
271000
308250
342000
377875
414208
448292
480125
507375
542209
577292
611500
646875
682458
716584
748083
79917
84667
93000
74458
146334
186916
227041
260958
294709
327834
364709
402875
85417
61959
70791
141709
183500
220792
256709
293417
83833
179292
217750
253375
288500
323542
358875
394208
431333
466667
499042
528292
565166
600167
635625
670458
705375
739417
771000
806709
841083
876125
907417
942083
977583
1014208
1050375
1091417
1126375
1160208
1194875
1229791
1264167
1296583
1331416
1366375
1400041
1445875
1482917
1519041
1554750
1599708
1635083
1671500
1701167
1736125
1771666
1806459
1841916
1876875
1912208
1946209
1985625
2022209
2058375
2091167
2105833
2124875
2143500
2160250
2172375
2190791
2209292
2227666
2245916
2264209
2277042
2295625
2315667
2334500
2353167
2371708
2390167
2408792
2427292
2446292
2464792
2483542
2498958
2519042
55000
99500
135417
174250
208708
245208
280958
320125
356250
391333
425375
455041
490291
526375
561666
596000
631667
670208
705958
737042
81291
182292
221250
255958
292334
326083
361542
396583
432334
465584
500375
528834
563834
599083
633792
668917
704167
738291
769375
804041
838916
873834
62333
87084
63958
117000
76584
62750
114500
152459
76125
57125
59875
109833
149042
186208
52584
53875
97334
140083
176417
210500
247291
281708
317417
353000
388084
421666
449583
484083
519292
555041
589625
624875
660042
693791
725375
759875
796292
827583
862167
896625
59500
116541
158750
197500
234417
269791
304208
338833
375250
411708
447041
476458
512042
546958
582292
618000
652875
688917
722750
754958
789917
824500
855875
891583
72875
148083
187750
225584
262333
298875
335125
377334
413000
447750
481125
511583
546917
581917
618416
661167
697458
732833
764542
800042
835792
876833
910583
948750
986000
1021500
1057042
1092375
1128292
1164292
1198250
1233500
1268667
1301125
1336958
1376125
1454167
1490833
1524292
1559708
1604417
1643375
1679416
1714708
1747167
1782458
1817792
1853083
1889958
65041
50375
81583
181500
219958
255375
290709
322667
357292
392917
429083
463000
494833
524167
559250
594500
629709
664333
700291
735000
766667
802208
837167
872000
904333
939667
977875
1014542
1052750
1094292
1130500
1165375
1199708
1240375
1277000
1309375
1345625
1380750
1414333
1459000
1497291
1533625
1568625
1604209
1640167
1675667
1706042
1741667
1777708
1813625
1850250
1885958
1921875
1958583
1994125
2031375
2067459
2100791
2137375
2174083
2210833
2245417
2275667
2311334
2347791
2383166
2419708
2458042
2491792
2527417
2562625
2597834
2632958
2669083
2704458
2740208
2776708
2814708
2856584
2895875
2932708
2970542
3008375
3027208
3050959
3071416
3094875
3117917
3138875
3159375
3178750
56875
103750
144625
87208
78334
176750
216833
252833
283042
83750
85125
149292
186167
219416
80166
60083
70209
92542
171084
201875
239958
278417
314500
350000
384333
420709
462583
497209
524875
560541
601292
636959
673583
709542
746000
780375
811917
847083
881916
913542
948542
984167
1019334
1054375
1089875
1124375
1159875
1195708
1225625
1265167
1296000
1331583
1366000
1400250
1434583
1469208
1503625
1536750
1572417
1607417
1643917
1675625
1713916
1748625
1783708
1815917
1850791
1885333
1920375
1955166
1990584
2026125
2062042
2081042
2099375
2118125
2136459
2155125
2173792
2197125
2214834
2231041
2249375
2264625
2283125
2301708
2320667
2339083
2358000
2376875
2398250
2417000
2435458
2454042
2469209
2487458
2506083
2524584
2544709
2562958
2584333
2602625
2621042
2639792
2658208
2673291
2692000
2710875
2729458
2737708
2755791
2774375
2791375
2801167
2825959
2845292
2865250
2883917
2902292
2923833
2944209
2964000
2983084
3006208
3026084
3047250
3065583
3086916
3107000
3124583
3147584
3159000
3177500
3195667
3214041
3234666
3258250
3281250
3301542
3320417
3341000
3359625
3374625
3393125
3415959
3434875
3454750
3473750
3491917
3510916
3529917
3547167
3549500
3566334
3582959
3598042
3614417
3629333
3647584
3661083
3676417
3691958
3709791
3725125
3740584
3755666
3774042
3789250
3804166
3818542
53875
94917
132333
170750
207791
245125
280542
316333
349666
385292
419459
450250
487166
524958
559541
594125
629583
666625
701125
734333
773917
812958
844625
879250
913750
64917
102833
122875
158042
192542
228125
263583
298875
334584
370834
405417
435667
471166
506750
542666
579375
615125
650208
686167
722666
758292
793209
824916
861166
895416
933750
970583
1008541
1042792
1078625
1118250
1154000
52417
97958
139375
178292
213791
251292
288958
325667
361583
397667
435334
466000
502125
538541
576291
612542
648000
693083
729500
763584
799500
83208
116291
151750
48375
89500
51666
89792
131834
169208
209000
61584
115291
155666
192417
227875
264250
299042
333958
372291
409417
444458
473875
510916
548334
585708
53625
94917
142000
179000
215541
250791
285042
319417
354292
389125
424250
452666
488292
524291
559417
594292
629916
665792
699000
730708
765666
804083
835958
870334
904583
940125
974000
1008750
1044333
1079458
1120417
1156792
1191375
1223500
57834
98000
122375
160583
195875
232833
269458
304958
340917
376542
411292
441000
476166
511917
547250
582167
617625
646833
685750
720416
754750
789667
821417
856334
891833
927333
962458
996167
1032042
1066959
1102208
1137041
1171375
1204083
1238583
1324334
1364125
1401000
1437125
1473125
1508708
1544250
1578917
1613250
1645250
1680041
1714875
1751291
1786375
1821333
1854292
1883333
1917834
1953333
1987708
2020042
2055750
2090791
2126708
2161792
2196958
2232041
2268333
48750
48417
45333
68084
103167
138125
167042
201792
237458
272750
308750
344083
383834
417458
448209
483250
518375
551500
586625
621625
656125
691083
725958
761083
797209
48292
87666
128250
165750
201500
238584
275916
312667
343834
383708
419125
449417
484583
520250
556458
591666
627458
662708
706459
743708
780083
814375
845500
880875
917000
954500
991125
1026708
1061417
1097042
1132042
1173375
495584
530459
564875
600917
636000
670708
706584
743334
777958
811584
846917
878375
913750
949208
984084
1019041
1053834
1085959
1120458
78500
119875
186583
216708
251917
288917
324708
368291
404667
439750
473208
503375
538167
573584
607417
643959
679625
714666
749834
786708
821541
857125
886584
922125
956500
991667
1027333
1065000
1100958
1136459
57875
102000
142334
178167
213167
247666
281750
316500
351750
386583
420791
450542
486292
521000
556708
591584
627042
661917
697417
729083
764000
798667
835000
870209
904750
939583
970125
1004000
1039000
1073625
1109625
1143666
1179375
1213333
1248958
1285958
1321542
1356291
1390958
1422833
1457833
1493458
1528625
1564667
1603000
1636417
1655042
1674208
1692791
1711208
1730167
1748542
1768042
1787125
1805041
1814875
1833416
1852125
1872167
1892875
1911541
1930458
1952083
1970833
1991542
2016584
2032416
2050916
55375
93375
129208
166041
202208
238417
54625
60459
58542
99084
137625
174042
207958
245250
280125
314792
349166
383916
444333
475167
509708
544958
62875
61000
57750
77292
29375
30125
82500
92167
62333
56500
108583
151041
191166
228625
268125
305666
343292
381458
420542
457334
489542
527791
565833
603541
641417
79666
80583
55583
114792
159917
49708
89042
131125
179542
217250
254333
290125
327625
366334
404792
442166
474583
513459
552500
591042
628625
666833
704500
741083
779750
818875
856042
889708
927000
964709
1002917
1040959
1078917
1114917
72708
73750
68541
147667
191541
231334
272042
310417
347417
386167
425792
463083
498208
530667
569166
606375
644458
682916
721083
758292
792750
830583
54458
89834
161750
194959
232083
271833
309750
349292
387583
426291
465000
501958
532833
568500
606209
644959
683292
720875
758959
86583
172875
214084
252625
289625
325292
361667
402083
440542
479208
516875
548250
586459
624291
662667
699917
738167
775875
811542
56000
109375
154584
196000
238125
279000
320041
360500
401167
438958
475959
508125
546500
586292
625416
663959
701458
738959
776416
810834
855459
895458
930500
979333
1019542
1062166
1100459
1141083
1178458
1216333
1254958
1293542
1330875
1365416
68958
140500
187916
229416
266667
307709
345959
385291
425667
463750
500167
532375
570209
607917
653709
698500
737708
776292
815667
850042
888500
926000
959792
998166
1042542
1083375
1124625
1163542
47959
89666
131208
178292
215459
253084
290833
328125
367708
405625
444958
479750
517833
555750
594500
635750
675917
713292
751042
786125
824750
866833
901375
943834
988667
1032959
1071250
1112291
48334
85208
84292
186875
233958
275625
316500
356583
394583
435625
474583
512042
548042
581375
619583
657583
696625
735875
774959
811750
847541
885542
82333
197875
241459
281459
320709
358333
396458
435959
475625
514584
550375
583250
621667
660625
700208
739125
778625
815583
850209
889084
928500
966500
1001375
1039583
1078292
1116792
1155125
1195250
1233291
1270667
1319167
1358250
1406458
1441166
1478791
1515875
1548125
1568458
1580750
1606708
1626667
1638334
1658084
1678333
1698625
1718916
1739666
1760125
1781000
1794750
1814917
1831709
1856750
1878208
1899000
1919417
1939916
1962458
1982958
2005125
2027667
2047709
2068959
2088500
2106834
2125750
2147042
2167375
2187417
2207875
2228167
2233416
2253709
2275958
2296666
2316708
2338459
2358584
2381125
2400833
2422750
2442375
2460208
2480083
2500042
2519750
2539459
2559000
2580250
2600750
2622583
2643542
2665000
2687375
2712125
2735583
2758125
2770625
2792417
2815791
2840542
2855208
2875750
2900292
2921000
2941334
2962041
2982500
3002750
3016250
3034750
3052125
3071208
3090000
3108084
3121916
3078833
3094625
3111292
3129000
3145792
3162792
3180917
3197500
3217791
3234542
3252708
3267500
3285083
3304291
3321250
3334041
3353917
3370791
3388250
3405542
3422916
3442250
3455959
3472291
3489333
3503000
3521000
3539416
3557042
3573875
3591250
3608250
3624875
3637959
3656542
3675708
3693125
3710416
3730542
3752166
3763292
3779958
3797834
3815875
3828875
3823333
3842000
3860750
3877459
3893959
3910334
3922959
3941708
3960917
3981708
3994500
4006916
4023584
4041625
4058167
4074583
4091166
4108125
4124875
4141541
4138958
4155416
61292
53791
85208
174791
202125
241250
279916
318917
358458
395834
434083
473292
509125
538875
577125
610833
80459
73458
80917
85417
77709
164833
237167
281208
323666
364958
404125
490958
530292
567750
604000
634542
671250
709292
748084
784833
821583
860500
896792
932250
968541
1005667
1039750
1076625
1114042
1151250
1188625
1226667
1264125
1301542
1337708
1374417
1411500
1452250
1488250
1513708
1548125
1591916
1629792
1666000
1702167
1739042
1773625
1810375
1844291
1880541
1916208
1953042
1990750
2037292
2075625
2113250
2150750
2187833
2222042
2256750
2293708
2331417
2368791
2407083
2444958
2482542
2520708
2559375
2596291
2633500
2680875
2721750
2760500
2797250
2830583
2868125
2905334
2944167
2986417
3023709
3061375
3089041
3106417
3127167
3148125
3172667
3195292
3217000
3237875
3261875
3283667
3306417
3328625
3347875
3369083
3389333
3405583
3427333
3448417
3470250
3484917
3507084
3527916
3550458
3571750
3591417
3597792
3617333
3639208
3661542
3688500
3707083
3730542
3750708
3776333
3797125
3817458
3839500
3858917
3878709
3898750
3920542
3937500
3958458
3980333
4001584
4018709
4040292
4061916
4082709
4103750
4123459
4145750
4165584
4186833
4209500
4230958
4258083
4282375
4303916
4325125
4346916
4368291
4387834
4406208
4429791
4449542
4470750
4492125
4514333
4534875
4554959
4575166
4593584
4609375
4623458
4640833
4658917
4679250
4697333
4714542
4727666
4744500
4760542
4778333
4797375
4814791
4833333
4852125
4870750
4868667
4887750
4902750
4922625
4940417
4958458
4975542
4993125
2840041
2853959
2868125
2883125
2898834
2913750
2929916
2946042
2960125
2973708
65959
115833
154625
193209
230041
268000
306125
342583
392625
433916
470875
502917
541292
579167
627750
674792
717083
755291
793000
827292
889125
929667
964042
1003834
1046833
1086084
1123792
1161083
1199292
1237041
1274458
1312958
1350167
1383625
1423000
1461083
1498792
1536792
1576625
1614125
1655500
1361459
1396709
1433750
1470959
1507834
1552042
1590917
1628833
1666375
1703916
1743208
1776709
1808000
1827750
1848000
1867042
1880333
1901000
1920792
1941834
1961959
1981583
1997750
2017416
2037375
2057416
2077417
2097833
87458
84709
148833
194458
83792
81875
59250
74542
101916
186625
213041
255584
296833
337125
374666
411458
447875
487291
523125
554416
590083
627833
666459
704375
742625
780459
818166
855125
888083
933042
968167
1006208
1043500
1079791
1117209
1153875
1191375
1230542
1267542
1304792
1342292
1377250
1415083
1450625
1480833
1518167
1555208
1592333
1629250
1666750
1703167
1747791
1781583
1817042
1853041
1890792
1933333
1971583
2008541
2044042
2078500
2097084
2117250
2138209
2158000
2178375
2198500
2217875
1652417
1669791
1689209
1708250
1727708
1747459
1766584
1786250
1805708
1825417
58500
107750
160209
201625
240708
282334
323458
362125
399792
437416
473333
503834
540708
579416
621458
662708
700708
738791
776042
810375
847167
884666
63334
113292
144708
180666
217916
256750
296292
333042
370500
410375
450625
487166
526750
48583
82292
127625
165875
202292
238750
275417
313542
351833
388041
425667
456667
493375
531000
568500
606000
646042
50958
90875
131208
169500
206042
242250
279875
316042
353750
391083
436334
468917
507792
545625
582292
619041
656709
694208
732167
768375
332708
369583
406375
443875
480583
517667
559875
597750
636250
672458
709083
745250
783375
820500
857958
902042
940042
973875
1016542
1054750
1094583
1131542
1165667
1202542
56292
55375
105958
157917
198583
240083
280583
320125
360042
399000
436666
473917
504333
542375
581708
619167
657167
694250
731208
767458
804167
843458
57333
98125
138334
177333
59917
115125
150833
190208
228041
264083
301000
336750
375417
412875
449875
481125
85292
143584
183458
221542
259333
297541
335084
374625
413125
449791
486875
517875
556750
594208
631667
670458
708042
744542
782875
823375
864750
901625
933250
970833
1008167
1044292
1084959
1123375
1161125
1197500
1235167
1272708
1309542
1343500
1381542
1419209
1464416
1501792
1540416
1577584
1614708
1654625
1693041
1730917
1765375
1802750
1840708
1878250
1917750
1958458
1995708
2033292
2068125
2100250
2137500
2170666
2208500
2245000
2281166
2319250
2357917
2397500
2437167
2477041
2515875
2545209
2562042
2581708
2601708
2621417
2640750
2659667
2681458
2701333
2720750
2739709
2759084
2776167
2795208
2815125
2834083
2842583
2866458
2885916
2927250
2936917
2956833
2976916
2996375
3012125
3031792
3051625
3071625
3093000
3114042
3133875
3154083
3173917
3193500
3216791
3234541
3255084
3277625
3297583
3319041
3338833
3358500
3379000
3399333
3419375
3439917
3453250
3472958
3492292
3513750
3533375
3553208
51625
83167
75083
57750
111875
195875
229583
246125
281209
318417
356333
393791
430667
468084
503375
533667
568208
607125
645958
685000
721333
759334
796791
832667
861333
898709
937292
977584
1014833
1051750
1088875
1125417
1162250
1199083
1234584
1272709
1310833
1344042
1394042
1430250
1461916
1499708
1537084
1587334
1624833
1661167
1698375
1741083
1774125
1812000
1851083
1888458
1923709
1960041
1996667
2041750
2079708
2117125
2162084
2198250
2236167
2272958
2309792
2346959
2383541
2421250
2457916
2498750
2540291
2577000
2611500
2652208
2689375
2713458
2733459
2753791
2767833
2786334
2805833
2825834
2846333
2867041
2889750
2915542
2935541
2957041
2982083
3001375
3021000
3040542
3060583
3082584
3105417
3125208
3144667
3164375
3186083
3204583
3224666
3244833
3267292
3287417
3307209
3327042
3343750
3363458
3382917
3399167
3407459
3426667
3446625
3466416
3486084
3509458
3529125
3545459
3564875
3585250
3605042
3624667
3644250
3664125
2616250
2633792
2653417
2672958
2692625
2710000
2729959
2749542
2771917
2794916
2814625
2837333
2856584
2874417
2893250
2912250
2929791
2949625
2969416
2993208
3011167
3030584
3047000
3066666
3085792
3106750
3128542
3149250
3166375
3188125
3205875
3222459
3238625
3254750
3270708
3289833
3306584
3324042
3340084
3356208
3372916
3389750
3406084
3421500
3431833
3445208
3463250
3479417
3495625
3514542
3530958
3546250
3562125
3584208
3603958
3620292
3633375
3651625
3667792
3684458
3700666
3716750
3732541
3748625
3765250
3782625
3798833
3811958
3828125
3844209
3860417
3876000
3892375
3910417
3926417
3942000
3949166
3967417
3980959
3996875
4017625
4033209
4049791
4067583
4083875
4103000
4123875
4140250
4156417
4170458
4181333
76709
81375
59791
74750
110333
206292
239458
272291
313667
352667
388333
422958
457666
491791
524583
553208
586708
620625
657292
693667
729291
764792
801042
836292
870208
902167
933667
968958
1005292
1040875
1076334
1111375
1146541
1181833
1217667
1252291
1288959
1320958
1356167
1392833
1426958
1472833
1510291
1546209
1580917
1616292
1652167
1687625
1719750
1755000
1788125
1806916
1825708
1845958
1864750
1883500
1901917
1929542
1952042
1967500
1991375
2009916
2027917
2045917
2065875
2082875
2102083
2120959
2143958
2161792
2176125
2194541
2213084
2231333
2249958
2270334
2288875
2304083
2324125
2346916
2368458
2388375
2407458
2427625
2447625
2466583
2488416
2507541
2519959
2543166
2561958
2580958
2597333
2610458
2628583
2650542
2669125
2687875
2707792
2728500
2747000
2765291
2787958
2804084
2822500
2844333
2862916
2881875
2902583
2924250
2943917
2963417
2984041
3003333
3019125
3038292
3057250
3077667
3095875
3114166
3132875
3088250
3106458
3124917
3141875
3148667
3168459
3190125
3206875
3226959
3247542
3266125
3278375
3293750
3309209
3324625
3339417
3356459
3371791
3386833
3401833
85000
98958
190417
85583
157417
188417
223834
260667
295542
330917
368709
404625
437708
469250
496167
530583
87917
178875
80334
84542
81667
181334
230875
86000
158042
197333
233375
271959
310708
346500
385417
422792
462000
496875
527500
564500
602709
640750
677666
715292
751000
784959
822500
859750
897375
935875
973375
1009625
1046125
1083125
1119167
1155833
1192958
1229291
1263541
1300500
1333959
1379791
1418833
1456500
1494916
1531792
1565125
1608250
1639291
1658917
1678708
1694916
1714000
1733417
1753625
1773292
1792875
1812791
1831166
1851167
1871875
1890875
1901458
1921291
1940875
1960291
1979708
1999375
2018209
2038333
2058542
2078625
2098375
2115084
2134625
2154458
2173834
2193708
2212625
2232250
2251917
2276250
2296667
2321125
2339959
2361458
62541
83209
102333
123416
144958
165959
187417
210291
231584
251583
273208
291500
313250
336000
358000
379416
400333
425791
71583
129000
199542
240542
278583
315833
352666
388458
430292
468167
511792
544375
582542
620375
658333
697041
734458
772417
809417
842875
884666
928959
964834
1003250
50000
83000
163916
201667
238041
273250
310208
345959
390625
430458
466458
496584
533292
570583
611542
649250
685916
723375
762125
795875
53167
90584
149584
190208
227958
264625
302291
338667
376417
414667
451917
483875
522083
558917
596875
633875
671334
707833
744750
779417
816083
854083
887208
927750
80875
178708
83500
179625
219833
256417
294416
329041
366208
98709
162917
192833
208208
239667
275000
311291
349917
387708
415166
451958
480417
514416
551791
588666
633666
673208
710291
747416
782459
815916
852542
886417
924583
961208
998042
1034625
1071500
1110875
1153334
1189958
1232167
1268875
1301583
1344833
1383875
1421208
1459250
1496625
1533917
1568833
1606708
1651667
1688917
1723000
1759917
1796500
1832750
1866583
1903583
1941583
1978583
2019667
2064167
2102125
2128458
2148458
2168375
2188167
2207833
2227792
2249542
2271750
2289584
2297459
2317042
2333208
2352833
2372542
2395959
2416250
2435583
2458458
2481709
2502959
2522875
2545250
2563334
133750
154959
175250
196917
218000
238750
260792
287000
308458
329084
354666
377708
399250
421208
443041
464833
486500
506750
535083
557083
578875
600125
620208
641917
663708
688250
713542
735417
756875
779084
802416
823542
845125
858375
879708
900625
921709
942833
963834
985500
1007417
1028500
1049292
1071000
1090667
1112000
1134583
1158500
1180375
1201667
1221792
1244708
1266458
1292375
1310750
1327333
1345209
1363875
1382250
1400209
1418292
1438458
1462084
1480792
1501000
1519375
1532125
1550083
1568292
1586541
1604875
1627916
1649209
1667583
1685416
1706708
54375
90750
128458
166292
202125
239208
275834
310792
346958
383708
420334
450083
486500
523125
559667
597375
634333
670542
705583
739500
780333
817208
850041
885250
922042
958041
995042
1032541
1069417
1104209
1140750
1178625
1215292
1248250
1287292
54500
101041
145042
187208
226959
266083
306958
344875
382917
421208
458125
489709
527417
566958
607792
645958
683292
721291
757834
799875
840792
880625
915375
964375
1005750
1043541
1080334
1118625
1156291
1195541
1232917
1273625
51583
86625
125959
163583
200917
236000
274083
311917
342125
379125
415125
446292
483833
522041
559375
596625
634333
675375
716541
760708
796958
833542
866417
902708
939750
976667
1017125
1053167
50542
89166
129542
167208
203958
240125
276167
311541
348792
385875
415667
446041
483958
521041
558458
596041
637125
675125
711834
748292
785500
55667
90667
127084
162958
199791
235916
271709
309000
345834
383541
421083
452958
492917
530000
567708
605458
647833
685959
723542
761709
797000
52625
87833
155709
197291
234125
269500
307041
343166
379541
416375
452958
484709
521125
557667
594291
631917
669250
706416
742375
763125
799708
818250
847458
883666
919542
956084
992209
1029375
1066750
1104375
1139791
1177709
1216916
1250083
145334
241208
276334
311000
347666
382500
420125
449709
486375
523375
559625
592292
634833
673417
710375
747292
782917
820708
858167
895334
936208
974041
1007666
1070542
1111083
1149042
1186083
1223334
1259792
1297417
1339167
1383625
1422083
1458291
1495959
1535584
1573250
1610750
1647500
1683375
1714417
1751083
1788333
1825292
1858708
1895917
1933750
1970541
2012125
2050708
2087791
2125709
2164042
2201000
2238667
2270958
2307708
2344041
2381292
2420000
2457208
2494250
85083
63375
73709
73208
55792
66000
111042
148542
187416
225750
264833
303583
341791
379583
418291
454000
487750
530542
568583
607584
644708
682375
718958
753166
781458
824875
868334
903458
939416
976292
1013875
1049875
1095375
1136458
1174333
1210125
1246750
1284542
1319292
1357500
1394917
1432791
1469458
1504000
1544125
1581250
1618708
1656250
1694042
1728125
1771125
55958
97083
137042
176958
213875
251125
288542
323959
361083
398000
433583
463500
500625
538584
50292
85083
123125
47041
81625
119542
157042
193042
228125
264292
299750
336416
372875
409791
441208
46958
46750
82000
127917
165875
202875
237917
276083
312084
349000
386667
423167
54667
92959
130500
167667
204750
241333
276666
314792
50792
86833
127000
164625
201708
237209
273458
309375
346750
385708
422333
453917
491125
47583
85042
123125
159500
194584
230500
265459
300791
338000
374791
412125
442834
479583
47083
83292
158042
195709
232167
268458
306083
342125
378500
416167
47459
81667
119500
156292
191292
228250
263208
299167
336208
373209
56833
106750
145042
184416
223834
262000
299334
337375
376625
414333
51417
88167
122667
159917
196834
232583
270541
305917
342709
380917
417333
448208
47167
82458
121125
156750
193042
229500
264750
300875
47584
82208
127958
166708
203375
244000
281250
317292
355500
392541
429792
460833
498291
536041
572083
609084
645625
683000
719750
757625
46833
45084
84500
124625
163000
199334
237000
274709
311833
349083
386125
422791
454583
491583
91500
163750
198375
241875
280709
325125
365083
404584
443084
482667
520417
552250
588084
625667
663917
700375
738166
775750
815542
852292
895500
934958
969125
1006417
1043459
71958
108500
119458
153416
188833
225125
262458
298583
53250
94708
135833
173875
212375
247917
283291
318750
49125
84291
129875
167541
204292
240083
279583
316041
352833
390166
425959
457250
494166
531500
568708
606209
643542
679958
716959
756667
50917
93208
143416
185750
223500
259959
298583
338000
49459
85875
124958
161875
198709
237792
278667
315541
353000
390292
426916
457792
495208
535750
573334
611000
648958
685959
722542
48250
82875
121542
158750
195708
231792
47459
47041
81000
119584
156875
192542
50417
90583
131708
171042
208667
48208
84541
122250
158916
194500
233333
269583
47125
81458
119708
157042
192792
229375
73917
154416
176000
186375
197917
210709
222250
235959
248625
257833
271250
279875
55417
102042
142875
180500
219250
258875
294542
330291
367958
405042
440958
471708
508334
50625
89583
129458
168125
205708
242292
278875
321542
360292
398375
435292
466125
503500
50584
94292
135917
176667
215917
255041
293958
330750
368666
406792
442959
47708
84583
123208
160125
196625
233083
268000
303458
331333
368084
405084
435625
473292
516375
559083
598167
634959
675250
712167
748208
784458
85250
164125
82291
55833
54834
94042
135833
174125
206833
244875
282542
322000
358916
396167
432084
462167
83625
173375
78167
159333
198625
235833
273416
310459
347916
388792
430000
465792
500167
538416
572583
609208
650666
688208
726000
761375
795209
831542
868917
906042
942750
981959
1019541
1055667
1092041
1129708
1165209
1204375
1248500
1289542
1325500
1361250
1403417
1442000
1480584
1518042
1554750
1592500
1626459
1663125
1700625
1737208
1778209
1814125
1855667
1892292
1930125
1967709
2004209
2043875
2087125
2126833
2167042
2206458
2235875
2272416
2311125
2349542
2388458
2418750
2438958
2458750
2478584
2498500
2517584
2534000
2553041
2572625
2594000
2613792
2633542
2653125
64583
112459
155083
195292
233167
271375
309625
346959
387959
425125
461792
491542
528791
567417
598417
635625
672792
711458
748417
782459
819500
856625
891583
934916
975417
1016333
1053625
1091500
1127833
1165583
1202042
1239166
1282584
1317959
1355959
1393750
1430833
1468291
1509166
1550083
1584333
1621750
1659125
1696458
1729834
1767250
1804500
1841666
1878417
1918500
1955834
1993125
2036042
2075541
2114375
2147542
2178916
2217417
2261958
2296333
2340125
2382458
2418917
2456625
2495584
2532375
2566125
2603375
2641583
2661583
2682708
2706000
2727500
2752375
2772458
2794541
2814667
2831667
2851459
2871375
2890666
2910000
2932209
2952416
2971625
2991250
3015833
3039458
3052000
3068417
3087958
3107333
3114208
3133833
3153834
3177125
3200292
3219958
3239666
3259291
3275250
3295125
3314042
3333792
3356459
3378250
3398000
3383750
50959
84667
122000
159459
52708
49833
86750
48167
47208
84333
121541
49791
84458
128291
160916
195417
231334
267250
302125
337708
373667
408250
442375
480041
517166
554667
590791
627167
663583
704500
739875
775500
810625
841375
875459
910875
945750
981417
1015625
1051916
1088250
1123750
1159167
1195000
72208
114792
149542
187125
221958
257083
292250
327291
363167
401584
436500
465666
501292
536958
572583
607792
643292
680583
718250
750667
790166
829750
860375
896083
931209
965834
1001334
1035375
1070750
1106708
1141208
1175167
1210500
1244916
1286375
86209
161875
194958
229125
265250
300458
335458
374416
412125
446250
479083
506167
541125
576291
611292
646625
681375
715875
748500
783959
819041
854625
890333
961250
995833
1030667
1065166
1100042
1136125
1171584
1206209
1238625
66042
136375
177541
214084
249166
285041
321667
357000
57125
84167
87250
176042
214750
250292
286959
321042
354708
390917
428125
461583
493875
522208
73333
78459
162042
190833
227167
263042
298750
334125
369500
405833
439375
471917
507208
542750
573917
609459
643916
678875
717666
750458
785833
820667
855834
898250
941708
974250
1009042
1043667
1078958
1112833
1148333
1183584
1218375
1251333
86250
186500
225791
260125
296166
330959
365166
402125
438166
471459
503333
531875
567208
602416
638875
674666
710750
745083
776250
818458
854916
896000
76583
54916
101833
141958
180291
213708
248917
282792
319167
354500
390083
424500
449833
485167
520667
556042
589708
624166
666541
704209
736875
84708
167542
209000
245500
281458
317542
353125
390583
426625
460583
494084
528833
560834
595541
630375
665084
700292
734292
767500
803375
838208
874083
910458
942958
978166
1024000
1060667
1095541
1133542
1175959
1211250
1247458
1283125
1318084
1348667
1383750
1419542
1454250
1489708
1534458
1570958
1606875
1641875
1680416
1719583
1752708
1788209
1825583
1861291
1896959
1933292
1968833
2005791
2040625
2076917
2113125
2149875
2185958
2217959
2255875
2291959
2327250
2362625
2398375
2434041
2469250
2505000
2537250
2572542
2608667
2647375
2685791
2720500
2755750
2791375
2827167
2862709
2897875
2926458
2945042
2963458
2982375
3003875
3023083
3043458
3062125
3081209
3099666
3118542
3131375
3138834
85542
182625
222500
258417
295500
331291
366208
400667
435875
469792
501250
529834
564459
599458
634125
663084
698625
732375
764042
799208
82958
83042
78542
165584
82084
165708
205291
242250
280250
317292
355250
392542
431542
468875
503750
541292
575541
612250
649459
686291
724208
760875
795459
833000
870250
907500
944291
978209
1020625
1056750
1093917
1131083
1169417
1205000
1236875
1273666
1310291
1345458
1382500
1419833
1469584
1508333
1547042
1584750
1622917
1654083
1691417
1717542
50292
87500
134875
173333
209542
246167
283750
319500
356792
394625
430125
460583
498500
536000
573458
611500
649417
686709
723375
757166
789958
827125
859708
895625
933333
968541
1005291
1042542
1078542
1113416
1150333
1192750
1231458
1265416
1304541
1342625
1381291
1422333
1471166
1509541
1547416
1586792
1624000
1661625
1697375
1736791
1778333
1816167
1853750
1890375
1927584
1963833
1999583
2034542
2071917
2105042
2144167
2182875
2220209
2258750
2296667
2336875
2374041
2413917
2454125
2493833
2528750
2568375
2605542
2646667
2684875
2714208
2733958
2754083
2774375
2794250
2816083
2832875
2852417
2874125
2895167
2918500
2937958
2957625
2973833
2981625
3000875
3020875
3044500
3060500
3080500
3100042
3119459
3139459
3159167
3179708
3199667
3222750
3242708
3262667
85417
179667
219250
253500
289084
324583
359666
395666
432208
86584
187375
227084
92792
171750
212000
246416
282333
316792
351875
387792
424708
458292
489792
519500
554167
589417
624833
659625
694958
729250
761292
796584
833791
869959
901750
937042
972625
1013292
1048000
1082458
1116542
1152208
1185959
1221875
1257083
1288167
1321166
1356083
1400166
1437375
1473500
1510083
1545833
1581625
84292
59167
53791
91916
70083
137791
179292
218166
256500
293750
328917
365583
402708
440083
475416
503583
541333
578291
614250
651375
688208
726125
762000
795583
832209
869709
902709
940917
978417
55042
105500
192125
227000
242292
273917
310083
347084
392333
431333
470042
507042
536583
571125
607709
646709
685000
722208
759792
797125
834625
868792
905875
939166
976500
1012959
1051166
1088291
1125416
1162208
1199708
1236166
1273417
1309833
1343083
1384083
1422792
1455417
1492416
32042
58500
83834
67208
146125
190125
85375
206250
251792
294000
335083
376083
417792
460542
502583
542541
582958
618167
658416
701875
742458
782084
76125
192333
238333
279208
321375
363916
410041
453292
494458
534625
571959
606750
646250
686083
729000
769958
810000
849417
886791
928000
967958
1008958
1045792
1086250
1127250
1167375
1207875
1247417
1287667
1332625
1375041
1413959
1461375
1499750
1537958
1577292
1617500
1659791
1698750
1738792
1778834
1821125
1861125
1902291
1943459
1986417
2057916
2099625
2137209
2178333
2201958
2224750
2248250
2268292
2289917
2307042
2327209
2348416
2369416
2393875
2414541
2432208
2445958
2465541
2485000
2504916
2522041
2541958
2561458
2583250
2603583
2623125
2642375
2662250
2682042
2701875
2721208
2731542
2751833
2772042
2792083
2812000
2831583
2851584
2871167
2890625
2913834
2934917
2954750
2972125
2992333
3011541
3031625
3049500
3058542
3080417
3104541
3125167
3146542
3166166
3181625
3201083
3220916
3240709
3266084
3287750
3308209
3328167
3348125
3362166
56667
55292
101333
143333
183125
220833
257709
296458
334625
372542
415084
452959
483209
520666
558416
596042
632917
670208
710041
747084
780958
817875
51875
88334
125708
163583
199250
236166
272875
309292
346167
383792
419792
451333
488667
524583
562125
600250
636708
674750
714958
755250
792417
827750
83583
59958
74833
83667
55750
107375
207833
242916
285250
324625
363917
402166
440791
478166
516250
553041
581917
636667
44500
114792
148667
174917
197500
223250
255375
279458
304791
328625
351208
369834
378916
399542
421542
446042
490584
518584
539625
560125
582166
604375
53042
97542
136250
174209
209792
246833
284666
323208
361583
397958
432875
464375
504834
545708
586208
623250
660084
81208
330375
348542
365083
377584
389458
402083
25125
47417
65792
83041
99541
115916
131958
148208
167209
183417
199250
212667
228541
244709
260834
276875
293459
309667
328000
343166
359333
375625
391916
410041
426583
442375
458625
474834
490709
506792
522917
538750
554084
568792
587291
605167
621125
637000
652833
669209
683833
700333
716292
732708
747541
765916
783084
798958
815750
831916
848166
864000
882750
899041
915083
928792
942542
959000
975000
997167
59791
117042
142250
63834
127917
145917
161958
181500
199542
217292
234417
251958
270708
288541
301125
98334
202875
218417
248125
282042
319167
354959
390208
426916
462750
518666
546625
581458
616792
652208
688209
724875
761208
794583
826208
861375
897000
928292
962792
998125
1036292
1071292
1106458
1150166
1187875
1222667
1257916
1293417
1324250
1366583
1402458
1436166
1469875
1513000
1547500
1582458
1617542
1652500
1685541
1716750
1750333
1786042
1820375
1855167
1889875
1925542
1958292
1992625
2027125
2064958
2095375
2129167
2163209
2206208
2252125
2291958
2326709
2369417
2405375
2429583
2465708
2497709
2526042
2563917
2607666
2643667
2687834
2722542
2757125
45625
58709
146500
174667
193834
213125
231250
249917
268875
287625
65459
165583
201542
224250
245541
265541
287125
120458
60750
158291
183375
200625
217458
234291
250417
268083
286541
302375
318333
331375
349834
367250
385042
401958
419667
435875
451709
469000
486167
503417
518542
536042
553875
573583
590709
608167
626250
643375
47375
121791
66708
65959
59750
51209
109750
137167
159583
180625
201000
221875
242500
264500
284917
304167
321209
341417
369583
393583
418667
442250
463333
483583
502833
523958
544375
566917
586750
607250
627875
648417
668417
694500
721708
742125
763833
786583
806666
826042
849125
874750
895458
919750
939708
959125
978875
998666
1018042
1036417
1056541
1076083
1095083
1115334
1138125
1160583
1182375
1205417
1225625
1246959
1263667
1283917
1304458
1325875
1346834
1367458
1387625
1407416
1433458
1454625
1475416
1493750
1513792
1535208
1555833
1575541
1599792
1621083
1641458
1661416
1681125
1701375
1719083
1739125
1772333
1797583
1825667
1847334
1870875
1894583
1915875
1935916
1956083
1973791
1993750
2013709
2033917
2055459
2079375
82167
185708
224791
259542
295833
330667
365417
402166
439709
89208
86458
87000
83916
49250
86250
50542
28834
39625
51541
64459
52708
56959
119166
135416
155584
173416
191584
210333
228833
247833
265667
277250
293959
311458
330916
355125
34084
48916
66000
84667
102500
119875
137375
140959
159041
176375
193250
208125
224708
241708
259125
276375
293791
311208
328375
66458
145834
178667
207250
237250
265500
297583
331625
361209
388625
414292
436458
463791
491334
526333
560666
595291
628417
653375
680167
707333
735250
759292
786250
815875
842458
873209
900416
930250
960209
994417
1021166
1047833
1071500
1100291
1129000
1161792
1188375
1214750
1242708
1270125
1298500
1327292
1358625
1423875
1452416
1482458
1510291
1537333
1567042
1596500
1623333
1651917
1684542
1711625
1738500
1767583
1796625
1823208
1853708
1886083
1913709
1941292
1969875
2001167
2033292
2064667
2093792
2121875
2149125
2176000
2203208
2225083
2245875
2266042
2288625
2311958
2328084
2352250
2382334
52542
116750
215708
82375
180208
226167
264250
301167
337625
62125
81625
198084
239042
70333
82875
75875
85042
193666
44750
94625
118083
154709
167166
179042
190292
200667
211208
221666
231417
239292
249541
261458
272458
282750
292708
302750
312667
321959
331750
341959
350625
360583
370709
381333
391833
401958
411959
425459
437083
447250
457209
464625
475083
484125
495084
505292
515459
525625
535459
545458
555583
565541
574708
584500
594917
605541
615500
625459
635500
645708
655625
665625
676291
685500
695625
705583
715750
725792
735833
745916
755917
765875
775792
784292
89542
171750
211333
247917
283750
320291
356167
393417
432833
62875
142667
164792
182917
200500
218958
237042
256125
274625
291833
308125
320667
342209
362584
382167
402375
422833
439250
456416
474917
493458
511834
528209
547416
565500
28166
66375
75792
83292
89709
97542
105209
112708
119833
126833
134000
139667
148125
156000
163791
171167
178625
185750
193125
200792
208000
215042
221958
229375
236708
244042
251542
258833
266125
273708
280916
288250
296125
302792
310042
317166
324000
330167
337375
344834
351875
359167
366667
374167
380875
388000
395542
402667
409667
416959
424042
431416
438708
446000
453625
460708
468292
475625
482958
490250
497208
504542
511666
519208
526750
534000
539959
86083
78708
101959
216959
266416
308833
349459
390291
427458
464125
502292
541250
576708
605542
642667
679500
718125
755792
793500
832750
868417
901292
938542
977250
1009583
1046959
1086709
1123667
1162833
1207500
1244750
1281625
1306250
1351542
1392625
1429917
1465875
1496250
1532834
1570125
1607958
1644667
1683333
1732083
1772417
1808417
1845708
1883875
1920292
1959458
1998958
2035500
2070042
2106000
2143542
2179334
2226083
2263459
2302541
2350084
2383875
2423625
73417
122791
154000
191500
227084
264291
302417
338250
375084
412000
448208
477208
514167
551583
589417
626125
663542
703500
739958
773958
811750
849375
882375
919750
962500
1000250
1036584
1073541
1111375
1183042
1250125
1294541
1334458
1370416
1418250
1459792
1499000
1537000
1574875
1613709
1633542
1649958
1670292
1693208
1710667
1732916
1754042
1775750
1795959
1817708
1842417
1862291
1882625
1902333
1922750
1938917
1958250
1974458
1994583
2014250
2038167
2058625
2079291
2099250
2119584
2142000
2160167
2184583
2207834
2229708
2252958
2274542
2297333
2317584
2340125
2361667
2392625
2412208
2433125
2455041
2477250
2498833
2523500
2544000
2564708
2586583
2607666
2635833
2654958
2662875
2684000
2711709
2732042
2753084
2775917
2805000
2826459
2848042
2869125
2891542
2909916
2931375
2951375
2971416
2994541
3015583
3037708
3058459
3079917
3102583
3131625
3150291
3143834
3161958
3179709
3198875
3224625
3243959
3253833
3270750
3288792
3306583
86708
102167
86167
66333
164041
192000
212792
234209
253042
272750
294250
66375
162833
192042
211500
231750
251125
271375
292417
315792
335041
352250
367500
387292
407583
428209
447959
468125
486875
505750
526042
546041
565875
584000
603583
623334
643250
664917
684917
705209
725209
740667
760459
781750
798834
815083
834792
855084
875334
895583
915458
940709
960333
980292
999792
1018167
1037583
1058000
1078333
1098125
1117292
1136916
1158083
1185458
1205959
1226291
1245959
1265625
1283375
1303125
1322875
1342792
1362333
1384041
1410375
1431500
1452667
1473042
1496209
1517041
1540542
1561958
1583625
1605250
1622167
1642250
1662625
1686500
1704916
1724958
1747042
1765708
1781916
1799208
1816458
1834541
1851125
1867833
1885417
1899208
1915875
1932542
1948875
1965458
1982083
1998958
2015500
2032542
85042
84875
113333
232041
276625
311791
356250
396791
434417
33459
80250
94959
106125
115834
125916
135583
145333
155084
164792
173541
178375
187958
197709
89083
45333
51917
90709
143750
31750
67625
183125
225500
247000
266292
285125
304250
322208
340750
358541
377583
390292
419875
458375
482458
501917
570500
590208
607500
627125
645833
664583
689667
708291
806792
858167
880750
909042
927417
958709
973375
993417
1011792
1029084
1044292
1062625
1080375
1104084
1123625
1142375
1164083
1181042
1200250
1218708
1238875
1258416
1287000
1329292
1365917
1387708
1408125
1428750
1447792
1470708
1493792
1512042
1532500
1555583
1576791
1595875
1614500
1632459
1653833
1668959
842375
65666
146750
168500
185500
207917
227083
245334
263708
280417
298625
314667
325958
342458
357375
372166
386875
401542
416333
430791
445042
459208
472459
484292
498833
513542
528125
542625
557541
572250
586958
601958
46583
85917
103583
117958
128584
143708
158583
47709
92834
109625
133417
157083
174250
189083
203291
217167
230042
242334
252292
264958
38709
22500
40709
55292
69500
84334
98250
112458
126250
139583
24917
47291
60583
75250
88292
101084
115583
130125
143833
157791
170333
180250
192125
204625
217042
229709
242333
254750
270375
24041
30750
39459
50834
65041
78417
91292
104041
117042
129708
142333
155875
83750
87125
92417
84250
84291
28666
50625
48375
60167
63792
88792
86375
81459
68584
55667
133000
148000
159583
176750
190583
204250
217000
229625
242042
254250
263542
275959
287500
300291
313042
325667
338000
352209
365541
377459
385667
396583
409375
421958
434458
447250
459875
474959
489125
62709
159000
35792
45125
125000
95166
201750
242292
281708
330208
372334
411042
452125
491917
529792
565625
594541
632916
670917
709417
748083
786792
824084
859500
897458
934500
972084
1007167
1044833
1082959
1121708
1162292
1200625
1251000
1298916
1337708
1376459
1415166
1457041
1495542
1534791
1573083
1611709
1648167
1686583
1725833
1764625
1804292
1844292
1878917
1918167
1955583
1995250
2034708
2074667
2121166
2159500
2186709
2207875
2230666
2249125
2272708
2294875
2318666
2339167
2360917
2378625
2393792
2415291
2387292
2405417
2425208
2450500
2477375
2496750
2517958
2542792
2563959
2584625
2608625
2633833
2654625
2676583
2697000
2717792
2738042
2759750
2782417
2809833
2830833
2850500
2876416
2899500
2919333
2941000
2967667
2988541
3008958
3027917
3037250
3056583
3079042
3096875
3118667
3146166
3166250
3173625
3193209
3213041
3244000
3263917
3284833
3306000
3323542
3344459
3364917
3393167
3424959
3453500
3478750
3498500
3519667
3539167
3566250
3584667
3612333
3634125
3655833
3676125
3696625
3714833
3739916
3757042
3773166
3797459
3812375
3828833
3844459
3861834
3878791
3911084
3928375
3947208
3963250
3981459
3997458
4011750
4030875
4050792
4069125
4087625
4106042
4130958
4148666
4167583
4193500
4208458
4230584
4256750
4284500
4302750
4320542
4340042
4338250
4357292
4374750
4406042
4424041
4441375
4459625
4477375
4494791
4512209
4526333
4544375
4564666
4581625
4599125
4616417
4633750
4650750
4667417
4684750
4701666
4716084
4734500
4752750
4773834
4791042
4807875
4826875
4847667
4865125
4881958
4898250
4911959
4907541
4924542
4941708
4958792
4975708
4993167
5010167
5030250
5048250
5067292
5074667
5091667
5110500
5129459
5148375
5159333
5177833
5196792
5216709
5234375
5245917
5262417
5280583
5301292
5325292
5347334
5364125
5381791
5402291
5421750
5435584
5457375
5478417
5495875
5512958
5529209
5549000
5566958
5586292
5605791
5618417
5637625
5662083
5678667
5699458
5718375
5740792
5755291
5774625
5788250
5831833
5850583
5865167
5880333
5897583
5914458
5931250
5948167
5908541
5916167
5932708
5957584
6012667
6033041
6050375
6065792
6081750
6097625
6114833
6140584
6156708
6176333
6193792
6208541
6224833
6242666
6260208
6274541
6288500
6312833
6333916
6351667
6371709
6390583
6416291
6440958
6459542
6474500
6480125
6499500
6517667
6533333
6553209
6571500
6589541
6607625
6625542
6643250
6657125
6665416
6684500
6702875
6721750
6746292
6771084
6789333
6814292
6839500
6848375
6865625
6879583
6899417
6918417
6936375
6963625
6970292
6994917
7013875
7024417
7044209
7060500
7073833
7091166
7110792
7135584
7161833
7185917
7211375
7230709
7251125
7275125
7292250
7307833
7325875
7345042
7370000
7387958
7406334
7416583
7433708
7450625
7467833
7488958
7505208
7523792
7542125
7569667
7592667
7607833
7632541
7657708
7677375
7701500
7718375
7733875
7754166
7771292
7790042
7821458
7844625
7863625
7881833
7901458
7928375
7944208
7962916
7982125
8001667
76625
166291
191875
213208
233834
253125
272291
339667
359833
378083
393625
411375
427167
445334
463291
481500
499500
516792
533750
551708
569458
587333
605375
621125
638833
656792
677625
45625
127416
82417
79042
59875
175125
200500
218541
236833
254417
271625
289125
306375
323042
338958
350792
368292
385917
403458
421083
438375
455291
471625
488917
508833
56000
129542
152166
169542
184541
201542
217250
232875
250000
265625
281833
294625
310125
325416
341250
356458
374916
476792
553000
581417
604416
655958
687000
709875
732083
752625
772666
827875
870709
897917
920458
951791
984125
1005667
1026250
1043708
1073417
1100167
1120334
1141458
1156417
1175583
1194709
1214125
1231291
1250667
1270333
1289458
1310125
1330083
1348917
46542
68250
84250
100417
121750
141166
160250
178833
197000
215166
233333
248958
267167
284708
303708
322417
341209
360334
379584
398208
416750
433750
450708
469625
488000
506167
524833
543458
562250
580750
599375
617959
636875
654042
672625
691208
709375
725375
744250
763625
782125
802125
821167
840417
858042
876542
895875
914708
933209
955792
974500
992708
1011042
1029291
1047250
1064834
1084834
1104417
1123084
1142167
1160667
1178833
1197416
1215875
1231459
1249875
1265542
1284709
1304125
1322792
1341709
1360166
1379083
1397792
1416000
1435666
1454666
1471458
1489875
46375
62125
160416
177667
202459
244125
333333
353792
366083
394417
407708
416833
424042
432958
445958
461875
471166
479417
487917
496167
504583
513083
521500
511875
517583
525917
536083
544542
552959
20500
31458
41375
50250
85250
215875
266917
306709
349209
390167
430458
471875
511084
550541
589042
624375
665542
705292
745500
786000
826625
866709
904500
946000
992417
1035292
1075167
1120042
1162292
1203083
1244083
1284541
1325542
1366708
1411666
1452250
1493875
1542250
1585292
1627750
1669459
1709541
1756084
1795542
1845291
1891166
1932125
1983958
2022000
2067500
2111959
2153250
2204833
2253333
2301333
2340292
2380000
2423750
2467709
2508583
2549042
2589958
2630167
2669083
2716208
2755125
2796542
2836166
2878833
81375
69917
80500
86666
59125
56958
107208
256333
304667
355584
400375
452875
485250
521375
91917
225917
280333
327833
368875
408667
451125
491750
532875
575833
612084
641917
681750
721083
760292
799417
838250
876875
914625
949709
988000
1025292
1061708
1100125
1138500
1178084
1216334
1254625
1292250
1330500
1375041
1415291
1458250
1505542
1546958
1562500
1562583
1584375
1605750
1627166
1648042
1671208
1698584
1721125
1742625
1763833
1784792
1803667
1827208
1850375
1871042
1875791
1895875
1915833
1937583
1961125
1983375
2011167
2031667
2049500
2071291
2093250
2109375
2131333
2153833
2175334
2196542
2219500
2240667
2261958
2287083
2307084
2327625
2345125
2367084
2380125
2401125
2427667
2451917
2474125
2498458
2519291
2534125
2556834
2574542
2599792
2621625
2642459
2662625
2684375
2706250
2728250
2747125
2767208
2787167
2805417
2826208
2850833
2870875
2894458
2916250
2942625
2962750
2986916
3011167
3033125
3049209
3059209
3081583
3101708
3119291
3144167
3160959
3179833
3197500
86334
87833
84708
88209
90375
205333
85916
203959
247250
286375
324292
361541
398125
437208
476250
513750
547584
584958
622958
661000
699166
737084
774959
811834
846625
81708
77041
69333
78125
61166
87125
59209
118333
65416
91042
111500
236542
271834
312875
353208
392250
431125
469625
510041
548250
585542
615708
651084
688292
726208
764125
801834
839375
877000
914042
938041
976209
1010000
1047375
1085083
1122833
82083
197750
241000
277833
316209
354708
390875
430583
470667
507917
543292
576458
614375
652709
691042
729125
766917
804250
839209
876250
913666
950459
984125
1032291
1070958
1108708
1146500
1183958
1221459
1258708
1296709
1335084
1372167
1405375
1442667
1479625
1517167
1563375
1601458
1637000
1674833
1710500
1748542
1787625
1827417
1866417
1904541
1939750
1977291
2014833
2052125
2088250
2126167
2163750
2207750
2245583
80167
61458
81167
180584
220959
258959
296542
331417
370583
412084
450875
486625
520000
551250
587875
625000
662417
699917
736917
77750
184542
85541
207334
250084
75250
182041
227083
265292
305084
341334
378917
417458
456500
74417
69583
113084
231792
269292
311334
352750
393667
434208
473625
513042
553500
592875
625667
662458
694500
734666
775291
815791
855541
895959
934167
969959
1009709
1049166
1087916
1130542
1173584
1214958
1254958
1295041
1335792
1375458
1415500
1457958
1507125
1547292
1583916
1617500
1657416
1698875
1729167
1751583
1773750
1794916
1815958
1836917
1858708
1876083
1898416
1927458
1949708
81459
182542
67959
75792
86500
199375
79042
55791
66458
122167
166916
210000
248292
290500
329917
370792
411875
453500
496916
535500
575708
615625
655792
696542
735959
775875
814208
851042
892792
929083
50292
50417
48125
91583
134917
177208
73375
117333
157417
192625
234875
281292
51000
91250
157709
219708
265125
311458
357791
399708
440709
481292
521208
556542
597666
639666
683083
722625
762834
806167
846042
883542
916292
953250
994375
1034750
1078750
1126209
1167625
1207625
1248125
1288583
1328250
1366875
1409916
57666
104459
145667
187250
226375
266083
306125
345375
386000
425834
465333
499000
539500
579750
619959
660667
701250
746875
790041
62291
103042
159167
202167
242584
286666
329750
368833
417458
459041
499416
533834
573625
614333
654667
696667
743792
785166
829750
866250
908958
951584
992625
1027209
1073709
1113792
1152708
1193083
1233375
1271708
1312333
1352708
1391750
1426125
1468042
1508667
1551292
1591000
1631708
1670958
1716875
1753875
1793000
1834333
1875000
1921292
1961458
2002292
2041833
2082209
2122875
2162750
2193208
2214708
2236083
2254709
2273417
2288292
2309250
2330542
2352417
2373500
2390333
2412208
2433416
2455084
2473625
2494500
2516416
2538042
2559750
2583875
2606500
2628209
2651083
2673250
2694500
2712208
2733541
2755042
2776542
2799792
2823917
2845667
2867125
80875
74208
56750
81958
179208
224458
265584
305875
346875
387834
74584
70750
70958
57792
108917
155416
197750
235208
276167
313000
353750
403708
446917
486708
523125
563041
602917
642584
682208
729083
771125
811625
850250
888875
933167
980458
1022041
1062166
1101375
1141750
1179875
1220291
1261833
1302542
580791
621208
662000
702167
741459
781583
821875
864792
900042
939625
985000
1008125
1052167
1093333
1134833
1175166
1214791
1260875
1300959
1344750
1385167
1425583
1465208
1495834
1515167
1535625
1556334
1576333
1597875
1621166
1642041
1661334
1682875
1700667
1722375
1743875
1770917
1792166
1813042
1833625
1854667
1875875
1897334
1918625
1936833
1957709
1980541
2001583
2023125
2044541
2065125
2085958
2107750
2134042
2153416
2165250
2186459
2207958
2229042
2250417
2276042
2300041
2323250
2349417
2371584
2393416
2411000
39000
72416
104583
136000
165334
200667
234667
265292
294500
323958
357375
384917
416875
447458
477041
506083
535291
565667
595542
623417
652750
682625
714334
744292
773333
804833
833583
862209
891833
737583
50250
57375
105333
146375
186416
74042
81125
54625
63291
124416
68917
83791
84833
206833
80917
155333
195709
239834
282959
324167
362792
402542
440542
478708
517667
550625
586875
624666
663000
701041
739292
779417
818333
855750
891416
929250
964209
1002334
1040625
1079917
1118125
1157084
1195916
1233375
1271958
1310583
1348792
1383167
1421792
1466500
1500500
1538667
1583417
1626625
1673000
1712167
1749416
1787041
1821417
1858333
1899250
1937167
1974625
2011375
2049291
2087125
2125917
2164125
2202667
2236375
2275208
2310333
2349125
2387375
2425166
2463042
2500625
2538583
2576459
2614625
56792
49667
94000
145208
186833
223875
261792
299500
338292
377625
415458
452416
483750
520833
559208
597625
636125
680334
720417
758333
793375
832375
871667
910709
948042
985333
72000
144292
184750
224084
260875
299583
337292
374666
413750
452458
490250
522042
560458
598750
637667
676584
714833
753084
791334
826417
865167
903125
942375
985250
1024541
1062250
1099917
1138042
1175875
1213291
1257125
1294458
1331666
1365333
1402250
1452875
1492667
1531292
1573042
1608875
1646583
1684667
1726375
1763625
1799750
1842375
1880208
1915334
1937166
1956875
1976583
1996416
2016083
2036958
2057084
2079250
2102375
2125417
2146042
2166208
2186500
2207416
2226292
2240750
2261041
2281625
2298375
2322125
2353667
2374542
2396375
2416708
2440125
2460416
2480708
2501167
2521959
2538667
2558583
2584292
2606459
2626833
2646917
2668209
2690084
2715042
2737458
2760041
2776875
2797167
2817916
2841125
2850083
2870083
2889333
2898000
2918250
2938042
2958042
2977958
2998458
3021625
3044500
3064625
3084667
3107625
3130125
3150042
3171292
82791
193917
67333
81500
67500
52542
46708
48333
67167
67958
49084
81750
164166
204125
240125
277541
315041
355833
396041
434541
471166
505250
538333
575833
613292
650875
688709
726708
764208
798458
836042
874625
912333
947250
989208
1027834
1066375
1103875
1140958
1178000
1216416
1254375
1291667
1335375
1370917
1410042
1449250
1488291
1525833
1565250
1603916
1639083
1681417
1720833
1758875
1793208
1831417
1870083
1906916
1945208
1984041
2022834
2060667
2099666
2138167
2176375
75167
71750
115833
154375
187875
237042
279375
317917
356083
394042
440167
479417
54666
55333
113417
157416
198208
238667
280875
322000
359333
396833
434791
472000
505000
543083
581167
619750
50666
95709
144000
186250
224083
261625
299125
335833
374084
412292
450125
481958
520333
558333
598458
46584
48375
88125
135625
175209
213250
250750
289125
327708
365708
404333
441750
473875
46292
82208
120916
159333
197167
234166
272041
308750
345917
384333
421625
50500
91541
139084
178125
214667
251375
285250
321958
359709
399250
437167
469792
507208
545625
583083
620917
658834
697000
733791
772625
819583
857083
890958
928000
966500
1004458
1042167
1079666
1117000
1152666
1190708
1228333
1273917
1310250
1347333
1385334
1422500
1456959
1494500
1533291
1571375
1609083
1646500
1684250
1719042
1757334
65500
128250
169750
210041
248000
288833
326792
364416
404208
443208
480583
512333
551084
589542
628209
666792
704833
742750
780250
815250
855750
894458
932042
970208
1008500
1046875
1084958
1124500
1168292
1205958
1243208
1280666
1318250
1352375
1390375
1430750
1478083
1518625
1557041
1595459
1633792
1672167
1709958
1749334
1788250
1825667
1864084
1901833
1940167
1977750
2016042
2054083
2093708
2131125
2173125
2207625
2245209
2282584
2326959
2369625
2407875
2445542
2484875
2524875
2564208
2605584
2641834
2683625
2721208
2759791
2799083
2839000
2876959
2915084
2958125
2995750
3034083
3075583
3118500
3156250
3187375
3207750
3226917
3247083
3269625
3291708
3315209
3336042
3352541
3367500
41667
73333
103083
132417
160208
33875
56000
60084
143375
58708
76833
81167
64417
128375
174833
216208
255708
294041
71750
84417
69375
79500
195833
71584
87875
112584
197208
231417
267750
299375
337541
373583
411500
449625
488750
526459
559375
596125
89916
78875
140750
179250
219250
257167
297250
342417
382959
425333
464709
501500
533208
571042
609083
647167
685250
723250
761500
798292
840875
879000
917542
952375
990083
1027583
1066458
1103791
1139333
1176709
1213875
1250792
1298500
1335750
1370333
1408292
1451208
1487083
1525708
1566167
1606583
1648875
1687084
1728000
1766333
1805791
1844875
1883792
1922292
1959875
2001708
2041334
2076875
2096292
2117083
2136792
2152959
2172958
2192791
2213041
2231875
2253084
2275417
2295459
2315917
82875
60167
103667
146500
188625
225625
264292
300250
336709
375625
413959
453208
486250
530375
569916
609041
647667
686500
724667
761417
797042
834666
873125
912125
950208
989584
1030791
1068166
1110792
1150459
1189750
1227666
1265875
1310375
1345167
1382625
1427708
1471458
1512250
1550000
1584916
1622584
1664042
1704542
1743625
1778250
86584
202708
245416
281959
89416
87667
188750
224042
261458
299833
337459
375583
416041
455750
492708
526458
556250
594458
632000
670833
710792
749167
786458
820542
857459
894583
931625
965416
1003625
1041458
1079333
1121250
1158250
1194541
1231292
1269583
1306084
1343709
1385375
1423667
1460084
1504667
1546416
1586042
1623417
1660167
1697334
1734708
1768500
1801375
1838375
1875875
1913417
1950917
1989000
2026458
2063708
2102208
2141500
2173917
2223541
2260750
2298667
2347292
2386500
2431208
2468042
2505834
2543875
2580834
2615083
2652209
2689708
2737500
2777417
2815166
2859750
2909459
2947042
2985083
3022709
3057000
3094333
3132625
3170875
3221291
3261625
3298458
3336542
3373792
3411042
3447959
3487083
3523084
3539541
3562083
3572166
3585500
3601666
3617667
3633625
3649875
3666167
3682500
3706292
3722500
3739542
3755667
3776000
3791750
3756208
3771417
3787750
3804042
3820292
3836875
3842334
3867041
3883167
3899459
3915875
3928250
3945209
3963917
3981250
3998875
4013792
4030125
4047833
4075459
4101834
4120583
4132959
4144125
4160292
4185209
4199791
4216375
4232916
4249083
4265750
4282042
4297917
4314125
4326833
4343042
4357333
4372917
4389500
4405750
4421916
4438167
4454042
4470125
4486000
4498667
87875
204125
238459
277792
317250
355083
391583
436167
474750
511292
543708
581208
621334
656000
694000
732417
770291
87916
83750
88209
217750
262417
300125
340375
376625
415042
453042
491125
529500
564833
597041
634875
674292
712166
749416
787708
824000
858833
896417
934083
971125
1005083
1043625
1081209
1133542
1175708
1214083
1252125
1289250
1325875
1363208
1392292
1430125
1468250
1505334
1541584
1578625
1614334
1656875
1689458
1735334
1772291
1810000
1847708
1885000
1923042
1960000
1997250
62625
130500
175709
217292
254666
293792
332333
368875
409125
447542
484250
517500
51084
86250
85125
82167
165000
203334
241250
278125
314500
352083
389208
427625
463583
498292
83333
196375
80792
188250
230917
270166
309792
350166
391416
432084
471875
508583
543250
574375
612875
651250
689083
727083
764584
82750
85750
88542
190167
232250
269125
309250
345625
382958
421500
459500
496125
531000
570458
608084
645792
683000
720625
758125
794625
834958
874333
911750
948958
983458
1020792
1058667
1096583
1133791
1171709
1209000
1254625
1294708
1330041
1366792
1400916
1436666
1482291
1521125
1558917
1595000
1632542
1670959
1707708
1744709
1787916
1821708
1868958
1903583
1940667
1970959
2013042
2050708
2087750
2125209
2162000
2198792
2235791
2273291
2310625
2346958
2380500
2417458
2445583
2476334
2514542
2551875
2589708
2627958
2666500
61292
83708
81958
87625
80375
188958
73791
84833
87583
185417
226750
266292
304250
341458
378750
416875
456041
491792
526666
557875
595083
632166
669667
707542
744375
780667
815208
852417
890375
927958
962292
1000375
1030541
82666
59583
89334
84458
85375
82208
79542
200708
245416
285416
326250
366416
405792
446625
486625
84458
192416
234708
273750
314167
351459
390791
430291
470250
509458
546167
583625
620959
660458
699584
738417
778291
816084
852000
892292
931292
971250
1010542
1046250
1085625
1126625
1170375
1214500
1253625
112500
218500
253667
278291
318292
358041
397083
435708
474417
514208
553459
586167
630208
666708
700833
743917
784416
833209
873334
911209
947083
986417
1026000
1064834
1107625
1143667
1183500
1231584
1271459
1309833
1347500
1387292
1426375
1466125
1508875
1544583
1578084
1617750
1657292
1696292
1735459
1775417
1815083
1855459
1903542
1942583
1980791
2027125
2067625
2106542
2145916
2185333
2224250
2269041
2309167
2345375
2383416
2423042
2463417
2505500
2550166
2593583
2633208
2671875
2710375
2757041
2796958
2835375
2874959
2914417
2954167
2993250
3031834
3058916
3097792
3136584
3175041
3204875
3244250
3283666
3322958
3361875
3401209
3452666
3495042
3533792
3572542
3610833
3647500
3699500
3738292
3776291
3815458
3863667
3914083
3952583
3991292
4031083
4069791
4106541
4145333
4184042
4223333
4269416
67250
79416
65167
85958
85875
73292
81208
84583
78583
188334
232833
273000
313125
351041
390209
430792
469959
509125
544500
584041
620042
674375
715667
755542
791959
830250
866542
905834
944542
983875
1023875
1063500
1102750
1156500
1202792
1246916
1285750
1324375
1367542
1407459
1445875
1488459
1527416
87875
173084
216583
255375
295208
332667
371375
411375
450750
488583
524875
559375
599500
640875
692709
735541
774750
812666
848000
888083
927834
967875
1009125
1059125
1101416
1146333
1184875
1230875
1269500
1308291
1346625
1385459
1424958
1461041
1498250
1534750
1577875
1632250
1671917
1711250
1754417
1802208
1840208
1879292
1914916
1953375
1992625
2032208
2072333
2115584
2154459
2202125
2241583
2280709
2319791
2355709
2394792
2432958
2467167
2507042
2546375
2585167
2631000
2670875
2709791
2749375
2794792
2845875
2885375
2925042
2964542
3002167
3041750
3080791
3132750
3175000
3214584
3248834
3295584
3334666
3373667
87875
87333
172167
214333
254583
294292
332709
373750
413292
452584
490625
524292
554917
592250
629416
668041
705334
742875
779250
812750
849625
894416
933875
969417
1006625
1045209
1089542
1127625
1163583
1200250
1237875
1273875
1322917
1368667
1403625
1439084
58250
112583
159292
200333
240125
279375
317334
355709
395000
434584
470958
502334
540334
577583
619792
661375
699875
742750
780208
822667
866000
911750
946583
985500
1023875
1061375
1103958
1142458
1179250
83375
188209
230875
70917
56084
82541
86250
194750
239583
278459
319125
356750
394500
437042
475791
514542
551000
584667
624584
664500
704125
743208
783041
821417
856750
896083
934542
974125
1010292
1050125
1090000
1138333
1190708
1235625
1278542
1327875
1374875
1418166
1459583
1506792
1546041
1584709
1625084
1663584
1702875
1740541
1780083
1819708
1858458
1899042
1934084
1973625
2012708
2062000
2102542
2141417
83750
85208
173375
210125
97459
205959
234458
276042
314375
70459
54042
88958
219292
266541
305000
140625
258042
293875
337125
371250
399791
102291
217041
258666
301167
350500
393541
431792
469750
509125
549333
579500
610333
657584
697000
737125
779916
820875
860000
899208
934792
973833
1014083
1068542
1108917
1150209
81250
97459
195000
228250
276916
320000
369250
410625
449333
496000
542375
98083
138708
180625
220083
258958
297625
338166
377958
417750
455709
494791
537208
580667
620041
659917
705542
745334
785667
825459
65125
132708
182416
226375
265333
304042
344375
383459
424375
465459
508958
544250
583625
623583
663917
704542
743917
785333
823500
60792
113625
161750
204667
243917
283792
324000
363834
405083
447291
488709
535833
576917
616958
658083
697167
736667
774625
823750
860083
900041
939792
975625
1016583
1056916
1095875
1129000
1166750
1215584
1254625
1293459
1348875
1382083
1421916
1463542
1502834
1542291
1582167
1624833
1664458
1703917
1739917
1778000
1817875
1853917
1892417
1931084
1978875
2019792
2058416
2103041
2146208
2186042
2226250
2264791
2300916
2337792
2371417
2426417
2465375
2504958
2544875
2583958
2631125
2670208
2708958
2755833
2795042
2834291
96333
211250
256625
296666
336458
375459
409333
450500
86167
83625
