57166
35791
162125
43583
125250
119458
387166
1148541
1105875
256209
219084
61833
82084
197125
1029125
472375
166167
252375
77125
102833
260875
399084
194833
133417
235583
171833
146875
114250
141417
137166
307041
124541
126833
118875
160459
201917
385000
379625
246542
164167
170667
192458
109791
73000
74417
128542
57625
76041
130958
117708
107833
536959
478000
396834
455584
259042
185458
306833
412833
292917
142167
237041
165541
192792
304958
239333
187708
116125
123458
203958
326083
141417
115792
73917
62917
119084
134500
110542
89584
84417
87625
85958
85916
89959
166292
133916
100958
61750
47041
105500
125292
140500
199959
252375
148458
607042
342583
185958
151500
364833
380917
179667
223041
119125
142208
177625
144708
110208
111291
48500
89375
64167
63166
89708
102500
65667
94750
105833
90500
207875
123375
92875
166209
751916
379833
228041
96459
99292
83416
63125
158000
115625
93917
82167
52292
77333
82500
98375
54833
175916
194584
272625
429833
466500
248750
128459
97709
144958
178125
589458
615000
550166
280000
269084
234791
87417
314375
185958
147667
82708
1032000
456917
275583
291625
531583
420083
1373209
623417
199500
142458
920125
351875
203833
252750
233959
146667
229125
198250
138000
100958
103041
104667
70042
61916
102916
52375
76541
60750
59208
223750
528959
327000
233875
134791
126375
265250
329834
961750
1506208
1130208
581708
301833
240542
159167
201792
210666
171083
132875
335208
618333
358792
172833
132750
85625
139917
150625
128500
114584
143208
110458
2530791
1995792
2118166
1194500
927750
721834
1252375
699792
295458
196541
574250
422292
258792
244833
211125
1110917
844417
529916
241791
313083
553125
607417
443083
229583
100167
176750
144875
220792
393958
184750
409583
382250
2260041
1817958
583583
389666
554833
480916
360333
289084
486042
311875
174083
176625
1472542
1895833
581125
227583
167041
243208
247750
210375
275083
196458
190125
238791
157416
154750
281917
386667
850459
557417
367083
468125
333459
262208
190167
236833
230333
213084
188875
211708
222791
232459
185167
148084
102458
55000
142542
110959
98000
62208
92417
94042
101750
67750
101375
80459
63083
79541
164500
65334
78959
92125
237125
159792
68875
55584
110833
75334
111458
145333
295875
206667
257458
168542
111334
137292
109291
60833
136750
55875
64917
95375
96542
234625
128500
161167
208916
171750
261000
283791
4198208
623750
404125
450041
438417
390416
174250
100208
184416
167666
244666
161333
148750
122083
237625
68334
101041
105875
124625
79500
97250
91208
99042
92250
161083
115875
49917
55209
163084
158083
180834
173541
332709
198333
198416
190750
104000
83417
61875
80125
145375
215792
117417
73459
94500
45084
112875
117708
119459
239917
180584
301250
131917
145833
100125
58208
105208
1583458
856917
370708
272542
285834
91500
72667
62333
53792
40958
64791
71666
44500
108625
107834
120792
86250
103959
72917
63583
90042
77500
186667
185250
181417
87791
59417
133875
455458
223167
176500
146958
33167
21667
28333
20917
24083
56167
61583
57875
61709
89084
74667
105542
133083
76042
54709
52583
58875
81875
236917
219042
72292
139791
123541
185167
143833
58708
130292
120834
220125
71167
26584
52083
61542
51083
131000
119209
155750
86208
53625
92667
60084
80834
77500
87083
72584
434083
276000
152625
61042
132625
42292
101875
48292
76375
69833
106500
137625
961250
138375
82084
153833
243125
138583
144458
148458
26833
22666
25625
18250
22583
39792
51209
99750
47041
106459
137375
60375
106083
77875
94542
134458
137875
84041
75834
74417
59208
108041
73250
57583
84250
105833
99375
87959
67292
89250
80792
132375
65458
55833
75834
99959
112250
124167
87958
105041
60583
70083
55833
86917
80541
44542
46041
73167
48750
63250
57292
136542
122084
125291
115666
180167
250125
130584
93250
77500
112708
113041
153625
69917
65166
63708
162083
59583
57000
92750
122166
92791
53125
69417
69375
106375
102708
72042
63666
98375
226375
3143917
1301625
325042
759459
472709
291375
188417
124750
276042
164292
246250
226375
214458
218375
74584
90792
72833
124875
364459
326042
330917
397916
159875
318083
456125
930041
424084
140375
273167
215291
203084
205167
285458
241333
209042
64875
126292
111958
128416
707458
524542
314042
145417
142250
64542
118583
69167
36042
96750
121125
58417
65083
70583
62375
54792
79333
94542
42792
74500
89708
107416
129500
51667
123833
161125
139000
105541
120625
115416
70084
106625
94750
69084
102416
138083
173375
178667
150000
500584
613458
2921542
1092000
778542
438875
454917
101917
458208
165292
172292
168584
937542
669333
1316333
457792
542291
335916
234000
103583
248292
248667
304792
413667
253125
420334
316041
283084
204042
110583
265542
104333
142375
165291
99166
144583
97708
101417
125875
73709
119541
99792
118208
88167
76584
114459
111875
112000
77875
63291
90792
96041
84750
71917
56292
67458
109583
89834
79333
75959
202750
268291
150958
74917
66541
132583
94791
481333
481625
184667
268791
231875
109458
184208
325167
401917
215209
151875
125125
229000
152958
192708
156792
116416
233167
183125
95875
218334
310958
191916
266291
183500
150792
116958
104625
91709
131291
104958
206625
357333
352292
882292
503458
384458
321625
447583
273625
291750
260958
349500
824750
380250
208500
433667
405542
286750
178209
176209
1401958
306542
325917
291875
222041
916125
584041
314167
708625
356958
142542
187250
120542
291209
226291
124166
625375
534292
262833
752584
919000
326709
183917
187375
455375
260166
109458
93500
77250
230041
208167
292334
655500
557458
523625
252000
218458
313125
226667
312375
135333
142625
103375
146583
185416
214583
102667
670000
696917
410625
186417
134375
105792
199291
254083
145541
170416
148667
116334
136542
102000
85750
126959
302875
128542
235917
875875
554375
374417
304500
282500
185542
337042
494792
305209
209292
117292
252709
242375
213125
133667
171625
198333
163291
151250
146459
56167
89459
129375
365208
519916
402042
155791
157208
124792
136458
78666
112791
122125
158042
184833
67292
147834
163334
134000
105125
169625
156209
353750
485958
257875
187458
177000
124375
107667
160833
199916
247042
170125
163208
99125
176208
146750
181083
127084
157583
196250
104875
84125
95625
49292
69333
80917
85167
65542
104959
108500
235209
229625
190250
156250
493750
457084
242917
149000
141291
142084
198375
123459
143500
112833
82875
182875
135541
133708
83583
56875
87000
103792
628167
1006167
479833
438208
338542
207959
265250
109167
131916
109375
151833
72875
87042
78000
88792
85167
58291
49917
81916
117958
74333
94709
108375
58541
73959
55083
47167
116167
176959
92958
71042
60250
114542
105209
58500
38625
36708
45875
102833
1117291
2688458
1194791
378959
430209
840334
521000
235250
200833
250125
471958
355292
254666
180833
134333
95208
115541
540584
116417
174750
157167
141916
72000
100000
119333
252833
209209
95292
61000
100541
287417
643250
428041
239625
181625
168833
148542
159750
48375
55750
67833
222417
299333
217917
120000
89584
56166
31708
52625
120333
200041
635083
256875
241709
159459
95084
142583
52792
34875
91042
65167
137542
79875
74416
169417
164000
316625
206250
150000
950458
527375
214167
189917
245625
165000
102667
142792
712541
613917
529750
351750
526417
710959
362708
337041
240166
74625
58500
295041
344625
303625
211667
127041
124750
1741333
1365583
501042
264291
290750
240041
214083
209417
255667
229333
188250
328791
198042
211750
225917
283167
462708
313750
223708
128042
160417
153834
93792
87166
83042
88334
699625
408459
184208
125833
134333
85792
1408500
684292
296167
326041
217208
198625
212333
132708
339333
393875
210958
243958
124250
298459
180250
144042
216834
146291
132042
71583
175917
197709
78500
198083
165209
163375
321375
176917
239958
112875
74084
89875
288709
338625
292958
262959
115959
230542
231542
221584
184041
130292
140917
159208
148875
130458
121916
145583
148667
230375
196042
265084
119708
140917
175208
193167
169000
178666
301292
314542
684666
394667
249583
261917
187292
258791
298792
138709
211167
275084
221083
219334
217709
181875
167334
272458
137667
159750
159083
193209
176125
201458
152333
124084
114834
153292
264625
253042
188000
148625
218500
512667
1143625
777500
622125
516958
452125
690750
713041
1165042
1245375
710666
603750
528917
324042
388042
314625
182417
140250
140292
76083
126500
101083
152417
302834
296291
136334
139792
244333
180375
145959
137458
76292
90500
174209
196000
103709
43041
82167
104917
72875
91750
149125
92458
78667
165584
152750
117500
145500
93375
88500
346750
482208
386959
243084
269125
132208
71458
151042
178000
152583
132875
62625
562291
406500
259208
377417
460625
918083
353625
230708
984625
410291
303167
183917
187083
172167
97500
120416
80708
83292
109417
117459
180541
153750
281791
213250
228000
461792
410708
385000
258959
156334
96209
120417
177833
508292
703875
419458
309416
268292
316041
381041
674041
702250
360917
299708
208083
141792
181542
91916
138292
95167
98833
79625
101458
68125
90166
140708
109291
145125
165084
109458
99375
179792
182834
79416
62916
163292
180084
108583
351209
333666
272792
62583
99167
129959
188500
302541
163916
106208
436750
251333
476500
257667
161458
140708
102292
93917
82625
37958
77625
107291
138333
144541
118083
122625
1245875
935583
463833
225542
1011125
251750
259500
115167
101333
122791
195500
185500
241958
129916
239792
101375
107625
126125
85542
132000
99459
80000
142417
87167
132709
115292
98166
72041
59417
66666
75625
87459
57209
70208
102792
58042
81541
77791
102583
149875
145750
155333
111583
65542
53625
81708
93333
686375
361584
256417
130709
93667
140625
92750
138250
71500
63750
61708
88959
115917
117084
106583
57833
75000
139167
95375
95334
70041
68417
728916
455125
194541
298709
164458
122458
55750
71166
111709
100625
82458
94958
137625
150416
286125
353500
308958
369917
485375
410708
163708
76458
106250
240208
358000
211417
124875
342459
369208
244750
109792
117917
129875
299750
277417
131042
193084
135583
109459
433666
183750
170459
134250
137459
81959
87750
78959
57541
204167
282416
221542
125250
103542
144625
127459
104417
151333
83917
161583
129209
80791
132291
115708
70250
226125
242584
299458
128083
172167
123209
171625
123000
147833
74583
50792
58250
98250
92291
47125
77000
79459
102292
66083
88833
94416
83458
194917
165625
107625
139666
117083
61250
226458
459375
308250
63166
72708
220833
208917
128708
99167
45709
71917
78583
1996208
1268084
906916
380125
248208
262834
462167
439625
478125
233542
281292
184625
129458
230291
136666
110250
104166
117375
234916
570541
354292
174625
200958
138041
176500
264708
257083
131583
114917
136000
138459
108875
55584
130458
142792
107625
70584
117666
143708
109708
171333
108416
69125
128875
110958
87875
117458
45625
106542
79792
96167
972667
480292
263875
208542
198583
161125
124083
98875
98958
360917
446625
147166
172625
172500
119500
162875
187334
209250
162375
96917
149417
114291
282500
290458
315583
207667
246666
207625
166667
200833
141209
107000
198834
153500
155292
144875
235417
169125
87208
326666
774750
653625
616583
283875
524000
289750
226459
448541
291208
229250
307500
303958
288875
195083
246250
164541
242000
269708
154583
44875
534792
317291
634375
330458
617375
314708
170458
429791
289750
270917
154083
222708
169083
206042
129959
65333
40667
171959
171083
90583
42625
152375
285917
308125
192708
117833
71833
81000
149625
279459
552667
439875
225084
287167
226917
185792
149916
168000
595750
819958
1117125
501916
390417
126041
482042
1221708
455333
295000
241792
179541
213959
381875
270292
173250
110541
85500
84667
155084
135417
64833
78416
69167
91875
98875
93000
106792
65875
148292
401125
343833
175583
77333
87500
80417
67916
91875
115833
84875
63500
104959
406334
200875
150292
59333
56042
93750
73583
261292
392500
122542
125084
96250
595208
338542
264458
215167
112708
34000
32083
18375
86709
88000
143583
33625
57250
71041
182791
93625
60625
55000
54833
170500
54625
28958
35000
34291
42292
48417
76375
108416
97875
417125
286625
189500
76209
112333
124750
47542
33667
22375
37000
303625
205667
96958
76625
51291
47083
32334
36459
33958
74000
96958
367500
291458
85916
120292
135459
185583
111083
83792
93458
113708
103833
67833
132625
117042
84459
67416
63834
63334
71250
69750
109750
77667
71208
54958
68125
66667
