201125
135958
61000
58166
56958
57541
56375
57041
57333
66500
59000
56333
57958
104834
113750
105417
131667
82750
62292
59417
21791
20167
19666
19167
19250
18917
18834
18916
18500
18792
19333
19084
19083
18750
18959
19000
18500
18667
18416
18709
18459
18792
18375
19250
18917
18875
19041
19083
18625
18666
18917
18667
25625
20792
22542
22167
21917
36250
21667
21834
22333
22125
21834
31000
22542
22417
22291
22541
21959
22792
22250
22125
22125
22125
22291
22375
22584
22500
22916
22375
21916
22000
22333
22042
22167
22042
22042
22208
22209
22042
22500
22125
22583
22292
22792
22250
22541
22042
22250
22417
22417
22000
22708
21958
22625
22375
22333
107291
62167
59792
58458
58959
57417
57417
57042
33625
32666
33125
49625
33459
33083
33292
33209
33083
32959
32625
32708
80417
60292
58333
56708
56916
56834
56416
57417
56875
33125
32875
34583
32500
33375
33875
33042
37875
32667
32542
32750
33000
32583
32834
32875
33375
73375
35958
36709
33542
33417
33375
33292
35792
28791
28291
28625
28125
32125
28500
28750
27875
28333
28166
28125
27709
28250
28333
28042
28041
28459
28000
28250
28333
28125
28375
28291
28042
28750
28041
27959
28166
30833
28542
28083
28167
27958
28208
28000
28000
28250
27917
28250
28333
28000
27875
28167
29750
28292
28583
28375
28000
27917
28167
28208
28417
28292
28292
28125
28541
28375
27958
28417
28584
27709
28333
27583
27750
27834
28167
28458
27834
27916
28709
28041
28042
27917
28833
28291
28459
28625
28000
28417
28208
28292
30583
32417
28375
28041
28542
29375
29125
27959
28584
28458
54250
26167
24166
24542
24459
24500
24250
24625
24250
24167
24500
25625
52000
110250
34250
13458
12375
12000
11917
11833
11459
11459
11625
11708
12208
13042
11916
12417
12000
11834
11750
11958
12416
12292
54625
90542
111750
81500
50125
75708
36500
108416
63291
58250
57917
42666
34167
33125
48125
109291
106083
60000
57250
56042
56667
56833
56125
56208
55958
55917
59125
55708
56583
56334
56458
56333
55542
62584
56500
64333
56833
56833
57166
56459
56375
57000
56666
56667
55250
55834
32916
31875
33333
32667
32625
32625
32250
32750
32291
32250
32625
32541
32916
33000
32791
32375
32917
32750
32875
32750
32458
32666
32625
32584
32916
33084
33042
33375
32916
32667
32917
32875
32917
31750
32292
32709
32500
32708
32542
33792
33041
28166
27542
27625
27791
27625
27792
28292
28041
28167
27708
28208
27917
28000
28166
28334
28042
28000
27500
28000
27834
28375
27875
28209
28000
28084
28083
28042
27917
27500
27834
27792
27792
27750
27625
27708
28166
27750
27958
28125
28250
28333
28041
27959
28000
27834
28333
28250
28042
27583
27583
27791
27875
28167
28042
29500
103584
83041
102125
64416
23583
22042
21917
21875
21500
21625
21834
21833
23167
21917
21834
21875
21709
21917
22417
21750
26792
22417
25458
33750
22875
22792
22833
21792
25125
21958
24500
25250
21709
21750
39250
21541
76292
39083
21125
20041
19000
18875
21208
32416
20166
19792
32709
39833
85250
69958
21792
58042
20209
19750
19000
27083
20625
19208
18834
19583
19291
19125
19292
18708
19000
18833
18584
18666
18583
18750
19416
18792
18833
19167
18833
18833
18916
19125
18833
19000
19250
24625
67167
87542
85667
102542
48250
23458
93875
81958
113166
93708
88583
107250
106875
61334
57458
64583
58292
56042
56042
57292
56208
55833
63250
56125
56791
56792
57083
57083
55500
56292
56666
56458
57000
56292
55916
56250
56041
56375
56834
56500
56917
62125
56875
58792
61750
56666
55459
56541
56708
58000
56542
56042
32541
32958
32625
33000
36375
32584
32542
32209
32458
33208
32750
32583
32417
32541
32792
44166
33083
38667
32667
32584
32667
33000
68542
59458
56958
57500
64000
57125
56334
56334
56416
56500
55625
56500
56250
56375
70625
55708
56417
63000
56541
56459
56208
57084
55792
56292
32917
32917
32916
32792
33000
32625
32625
32917
32792
32916
32834
32583
32959
32875
32875
32917
32750
32792
32625
32459
32375
32542
32667
32584
32375
33000
32791
32708
37125
34791
33000
32625
32750
32833
32625
32833
32750
32667
32417
33208
33041
30000
27875
28000
27875
28334
27834
27875
27875
28167
28250
28041
27875
28208
28084
28458
28000
28125
28000
28166
27834
28334
28333
27750
28000
28250
27708
28292
31875
30125
27625
27458
28167
28208
27791
27750
28125
27916
28042
27916
27708
28292
28542
27542
28000
27875
28250
27750
28584
28167
39584
28167
27958
28084
28000
27833
27583
28125
28333
27625
27958
27917
28084
27750
27917
28166
27792
27959
28167
27917
27875
28250
28416
28042
28375
28041
28167
28250
28375
27416
28250
28458
28291
27834
28084
27917
28000
27916
27875
27958
27916
27834
27917
28084
28459
28125
30375
27667
27500
28458
27708
28250
28125
28459
28125
28125
28125
27583
28000
28375
27834
78875
58542
57208
65875
58083
56417
56875
108208
59000
57167
55875
56458
56708
56292
56583
56917
56292
56542
55958
57208
56208
56208
56542
56375
56042
56750
56500
56209
56459
56541
55833
55875
56125
55417
55916
56000
56542
56542
55667
56000
55500
56916
56875
56667
57125
56209
55125
57167
56583
55958
55542
56375
55875
56208
56500
56709
58375
79084
58625
57500
57584
56750
57416
56791
57417
57459
56875
56333
118584
104917
103500
60042
57459
107583
59792
57834
117500
103458
58375
57333
56583
56583
57084
56333
56083
57167
56500
56083
57083
56041
55958
56500
56708
56292
107625
106042
101833
103375
60083
57542
56583
102875
61167
91209
58250
55959
110959
58500
57125
56916
56917
55792
56542
89084
116167
78041
58375
56708
109708
57541
57667
61833
58334
56542
56125
56292
63583
57333
58833
56250
56000
57417
56416
56458
56167
56583
55833
57167
73250
58375
56750
57416
56083
56750
57084
57083
57084
56083
57416
56333
56417
56458
56666
56458
56792
62333
56542
63541
56042
56459
56708
56292
57417
56167
57875
56875
62292
56375
36958
32958
32666
33000
32833
32875
33125
32458
32833
32458
32791
32875
32375
33125
32709
32625
77334
68375
58084
57375
56958
56542
56667
56584
57125
56458
56500
62459
101917
88458
58209
57166
56875
56375
56792
56209
56625
56541
56875
56833
57042
55667
56167
56625
57000
56541
56875
55792
56500
57042
55750
56208
55833
104917
58292
56583
56500
110542
100667
58208
57083
56667
56084
56833
55916
56625
56333
57333
57167
56750
56708
57291
67333
58000
58084
56792
56334
56125
56209
56625
56917
56333
56542
63708
56542
56541
56125
56333
56041
55500
56583
56291
56292
56167
56042
56875
62500
105375
111833
60000
57500
56708
56667
56792
56709
102209
62250
58542
58000
57625
57416
56375
56833
56959
57000
64875
108792
88333
88667
44458
53666
71208
25750
27125
29834
25292
26000
25000
24792
25250
25125
24708
25709
24666
24041
24791
24208
50875
27375
25292
25292
27584
24625
24584
24542
24292
24375
24041
36125
25125
24833
24625
27083
25167
27083
24125
23917
24500
24125
24541
28291
24417
24750
30125
24875
24208
23833
24500
24417
27208
29084
32834
24542
24542
24458
35125
28333
25042
27167
24792
24791
28917
24125
22292
21750
21292
25833
25666
24375
21250
21375
21250
21125
21375
21125
21167
20709
20959
20875
21083
21250
21166
21000
21584
21167
21125
21417
20917
27625
35958
31000
28209
31709
30500
28458
28833
28000
27958
27875
31250
27958
28500
28333
28792
28167
31917
33708
28458
28000
28166
28833
28250
28083
28500
28292
28083
28084
28541
33542
21667
22000
21958
21833
21916
64125
31291
28125
28000
38375
31208
30208
28875
42667
61625
56583
56500
56250
56166
56666
56292
65833
102458
60458
57209
56500
56417
56250
87750
115708
91750
71542
74000
33750
32750
32333
32959
32875
32833
32292
32792
33208
32958
33292
47250
56167
105791
112208
103083
88500
112083
58750
56417
56875
56500
56500
55875
56125
56167
57458
57084
56708
56083
56500
56084
56542
57542
56625
56125
56250
57125
56542
57041
56084
56875
56333
56792
56125
56584
55750
92625
108666
58833
56708
97250
59417
56916
56250
56500
56875
55792
56584
93667
56458
43292
29416
14958
13958
27417
49250
20292
17625
16833
16709
16542
16750
16500
16250
16625
16166
15791
16625
16500
16208
16416
16125
16125
15958
16375
16083
16084
15958
16292
15958
15916
16042
15917
21959
16250
16083
15958
16125
16000
16583
30125
74125
30083
28833
28417
28292
105500
116375
81708
58167
56959
56834
57375
57500
57625
55750
56292
57000
56917
57333
57167
57542
62666
56667
56917
62750
56833
55750
56291
56875
56125
55834
55959
57041
56208
56958
56875
56834
56500
56583
57458
55250
57208
56375
56208
56666
56167
56042
56375
57208
56709
57709
33250
33250
33000
32458
32583
33417
32458
33875
32833
32667
33459
33875
33000
33167
33041
33333
32958
32750
32667
32833
32833
44959
42833
41584
42042
41458
40917
40750
41500
41166
46541
44958
41667
41542
41000
41625
51875
41833
41417
41334
47541
44583
43500
40792
41250
41333
41417
41375
46333
41875
42125
41000
42458
41959
40292
41125
41000
38625
32958
32625
33000
32500
36208
32958
33500
33000
32750
33000
32750
32917
32916
40583
62417
63708
57584
56916
56541
56417
56791
56708
56958
56125
55583
56875
56292
55791
56041
56583
56583
57500
63750
56209
56750
60625
57417
57125
56042
56084
56666
59542
56875
57500
56041
62625
57542
56792
56542
55708
56208
56250
56375
56542
55958
56208
55750
57000
56708
62875
56834
56792
56166
56292
56833
56334
56500
56083
55375
56042
56083
56208
56708
56333
56000
56917
56458
56250
55958
56375
76125
106500
58541
56917
56875
56833
56708
56333
56291
56458
56667
56750
68666
56833
56125
57042
56167
57291
56834
63042
56250
56750
55875
57208
56541
56792
56958
57458
67750
112209
99667
109916
59750
57500
66500
111167
60000
57417
56334
104125
59250
57333
57500
57042
56875
57042
113250
108584
59583
57458
57041
57250
55791
57209
56791
57333
56416
56250
56917
57083
56875
57541
66667
56458
57583
57416
57166
56666
57375
56375
105417
105208
113291
58458
58084
57125
56000
57375
57291
56916
56209
57291
56875
57250
56583
57250
56333
56833
56459
56875
56541
64292
56709
56250
58750
56666
56541
57459
52458
32667
32583
32250
33083
32500
33125
33083
32917
32625
32709
33250
32875
33333
32958
32875
33000
32959
32959
32708
32666
33125
95416
107833
110875
112166
103750
68292
90500
58250
57666
58375
58500
56333
57375
58000
57500
57333
57958
57666
56250
56875
57334
57250
56708
103959
58208
64750
57167
56625
56959
56833
56083
56500
56375
56583
57625
55958
63459
57416
61709
56750
57542
57709
55417
56375
56166
53625
32708
32708
32709
32834
37084
34833
32459
32792
32458
33000
35292
32875
32542
33208
33167
33292
32791
32750
32917
32750
32667
32375
33125
32917
35459
32917
111084
58458
56750
57125
56667
56500
55708
57250
56583
55542
57042
55625
56458
56375
55792
56375
57167
57375
63667
40834
33917
33250
34000
33417
34959
32708
32833
32625
32375
32542
32708
32875
33333
32542
36667
33291
35375
33958
32875
32542
32917
32792
35042
33208
32667
33125
32709
33291
32334
32667
33209
36750
32959
33083
32958
32625
32750
32916
32625
33500
35209
33083
32792
34000
37584
61584
67875
59500
71541
112542
96542
84625
116292
102084
60125
57500
58459
57125
57542
55958
92042
112333
115583
64334
109542
60041
56292
56250
56583
57250
56166
55333
56167
56500
56375
56625
106875
58875
83583
110542
58500
57375
57000
57042
56500
56416
57250
56458
57208
57750
57500
56458
56875
57250
57041
56292
56542
56875
56708
56416
56958
57167
56333
56458
57084
56208
56833
56709
56833
57292
56500
109916
59292
57666
56292
57000
57584
56417
57500
56959
56959
56167
56917
109667
102625
59625
56750
56542
56333
113541
107208
29583
29167
105083
105292
58250
56166
57209
56833
56167
57166
56916
100250
109000
77041
58833
56333
56750
57041
88834
107959
57292
57000
56959
55583
57458
56542
56208
56000
56292
56583
56291
55750
56209
66291
58334
56584
56708
57042
55917
56125
56083
73958
57667
57375
56875
57000
56333
57000
56083
56500
116417
58125
57667
111000
58000
56959
57292
56542
56417
56416
56000
56833
55500
57625
56541
57166
55875
56334
56208
56625
56375
56375
56375
56167
55750
56875
55667
56542
55959
56625
56334
55875
56333
56167
56292
56125
56917
56917
56375
55583
56542
56458
55666
56166
55417
56416
56083
54125
32750
32542
32209
32459
32500
32709
106291
58458
57334
56334
56708
56708
56833
57042
55958
55708
56292
56625
111000
109083
68459
64000
106000
111125
101958
111083
104708
101000
58625
58791
64459
114000
58333
105125
108875
99917
94708
59500
57375
57834
58125
57500
56625
55791
56666
55500
55916
56875
56542
57500
111500
58709
112042
99333
121708
102708
61750
57041
107167
87875
57750
57417
56834
110541
59417
57250
57584
55834
55792
56667
57000
56458
56541
55917
56250
56792
57459
56375
56542
55333
57000
56667
56208
56708
56500
56958
55833
56917
56250
55958
55750
56000
56500
62709
57333
56542
56917
56834
56250
56791
56958
57459
32709
32417
33083
32833
33000
33042
32458
32625
33083
33250
32583
33042
32708
32167
32917
33042
32792
32625
32584
32625
32166
32917
32792
33459
32583
33041
32625
32667
33000
32375
32916
32917
32542
32792
32792
33125
32500
32250
33250
33041
32208
28709
27833
27958
27750
28041
28000
27708
28041
27625
28250
28084
28084
27541
27833
28292
27792
28417
27833
27958
28292
28541
27791
27959
27708
27917
27916
28250
28208
28334
29125
28083
28041
27792
28083
28208
27708
28209
28041
27750
28167
28500
27666
27875
28000
27958
28042
28041
27667
27625
28000
28375
28292
28167
28209
27875
27583
27875
28166
28208
28000
27917
28208
28042
28083
28000
28333
28167
28000
28209
27792
33584
28500
27667
28125
27958
27750
27542
28125
28167
28167
27791
95958
64000
56500
57333
56584
56209
57000
57541
56834
55875
56875
57959
57417
57333
57375
56834
56834
56667
56250
55917
56250
56417
56959
67750
57208
57583
56875
57000
57750
49333
41750
107125
101917
69250
57916
56958
56667
56916
56208
56541
57083
56459
119667
61166
96000
93750
57750
57667
56208
65459
57542
60625
66875
57625
56083
60583
56666
55542
56625
56375
63917
56750
56625
56584
56958
56542
56416
56042
56541
56666
56708
57125
57041
56916
56583
62375
56916
56792
56625
56250
57250
56167
56250
56583
56459
57250
56584
57209
56833
59834
56167
57542
57208
56291
55791
62500
56542
62625
56334
56292
55917
56917
56666
56875
56459
62042
57458
57583
62167
51834
33083
32750
32833
32875
32833
32792
32459
32916
33125
32750
33083
32667
32625
32917
32958
32666
32417
32750
32500
32417
32666
33041
33083
33041
32917
32583
60208
115542
112666
58416
56917
55542
56542
56291
57208
57292
57125
57083
57167
56458
56625
57333
56416
55958
56333
56416
57792
56292
56625
55792
64291
75583
56875
62167
56333
57084
56916
56875
56583
56917
56708
55417
56125
57042
55542
56791
56000
49583
32708
33083
32750
32667
32375
84417
58000
56833
56917
56208
57500
56042
57250
57000
56875
57250
55709
56667
56959
56042
56333
56375
55916
56458
56584
58166
56250
68833
58709
57167
57542
56291
56334
56833
56167
56500
56250
56750
57667
56333
57042
57000
56125
56500
65709
62292
66292
57583
57458
57333
56084
56000
56542
56625
56083
56042
56084
56000
55833
56000
56459
74084
57209
56250
57042
60000
32625
32583
32667
33166
32666
32667
32541
33125
33125
33208
33042
49708
42458
42500
41292
41125
41167
41041
41208
41375
41500
41583
41583
41416
40542
41583
41583
41833
40834
41084
41375
46333
41292
41916
41333
61084
57334
57042
56791
58583
56250
57666
56833
56959
56291
57042
63625
56750
55833
56500
56125
56542
56208
55958
56167
56084
58125
57291
57791
58042
57750
57334
56875
55750
55833
56834
64291
56416
56458
56334
56750
56083
57042
55417
56708
55708
56000
56666
56167
56750
56750
57375
77000
57167
57459
56417
56917
55792
56041
56000
56875
55709
57000
56125
56166
55500
55917
62541
56792
56000
57209
56500
56375
56750
55917
62291
56625
56958
56250
57333
56250
55958
55875
62167
55750
61625
56500
56917
56083
56625
56167
56250
56791
56958
62250
47416
32833
33042
32500
33167
33042
32709
57000
32667
32625
32584
34083
32709
32458
33000
32542
32958
32709
33000
32833
33083
33084
34709
32792
32542
33500
32917
32917
36834
36333
32666
33042
32708
33417
32583
32792
32959
43667
33833
33042
33125
32875
32208
33583
32625
32792
32875
33042
44250
33417
32667
32333
32833
32500
32916
32791
32875
32709
32500
35500
33667
33375
33959
33458
33084
33333
36208
38500
37375
32417
32875
32667
32292
32792
60875
62083
58708
56125
55834
56250
56125
56833
56958
63625
56583
56792
59542
59750
57667
69375
57000
56875
56000
56959
56458
57084
57416
56625
56167
56000
47167
21875
21542
22209
21792
21500
21542
21625
23000
21792
21666
22083
21750
22042
21542
68750
105000
58084
57667
57083
58208
55792
56667
57500
57166
57333
57125
57125
56459
56416
56750
56500
56833
57750
56583
56750
55959
119042
59458
57000
57041
57541
57500
56542
56792
56875
56459
56250
57166
56375
56792
56542
56041
56334
56834
62709
56750
56375
56417
56292
56875
56416
57042
57209
56166
56625
55875
57541
57375
56375
58000
56291
56208
78583
58833
57375
69292
57916
56916
57333
56291
59500
57375
56042
56500
56333
56458
63375
57125
57083
56916
56333
56417
56833
56417
56417
56333
56459
56916
63000
56500
56708
55834
56125
56709
56042
57334
57666
57250
56250
57500
57375
56417
56750
56667
57667
32875
32500
33000
33333
32417
33083
32916
110708
58834
56083
56500
56917
56833
56166
57167
57000
56208
56125
56333
56916
55500
68000
59416
111917
74834
57417
56958
67041
67375
58209
56709
57500
57084
56792
56583
56875
57334
56750
56959
57125
56708
56458
56375
56625
56833
56875
64875
57541
56958
56709
57125
56208
56333
62166
56708
56708
57000
56750
57083
56459
56167
56416
42917
33500
32583
96208
58833
57458
57375
56375
57125
56167
56500
56750
70708
56750
55875
55958
57084
56583
56375
56458
56500
56125
56333
56583
104916
110791
58917
58042
57292
58292
57875
57292
56417
58459
57500
56875
58416
58083
66375
109666
58000
57291
57125
56875
85667
44125
110125
58667
57667
61583
56541
56958
56541
56750
57083
56083
59959
57208
55916
56000
56542
57084
56708
56167
66167
56917
56959
55833
56375
56375
56500
56959
56875
56291
57041
56500
56792
56500
55750
56125
56542
58583
56583
56041
56125
56084
56791
56500
55792
51500
33250
32542
32417
32750
32625
32834
32791
36792
33667
33292
33084
32833
32417
32834
32625
32750
32666
36875
34750
33208
32583
32667
32959
32833
32791
32750
72625
58250
57000
56584
56791
56666
57208
56625
55708
68916
59125
57708
57125
56875
57542
57292
57625
57000
57083
56709
57292
57458
57292
57584
56958
81125
57375
57417
56500
57292
57041
56584
57417
56667
56125
56500
56584
56708
56666
56791
56250
57417
56666
56250
72417
56916
57375
56625
57084
55833
56667
56500
57958
61958
67625
57500
57084
57125
56625
56541
55917
55667
56250
62083
56584
56416
57959
56750
56792
56208
56416
56292
62000
57291
57792
57750
55667
51000
32333
32833
32584
32792
32500
32500
33166
32458
32667
34667
32916
32917
33083
33083
32625
85500
64875
56875
56542
57125
56791
56750
56917
57542
57542
55958
63750
56458
57500
56750
55958
56208
56167
56750
57500
57125
56417
56542
56708
57125
56458
47459
33250
32708
33208
32917
32958
33000
32958
33292
32500
63375
57042
57542
56916
57125
56250
56791
56542
57000
55583
55625
56666
56917
56416
56334
56166
63000
57500
56875
57167
56917
56958
56291
56084
56042
56375
56125
63500
56500
55959
56000
55583
56792
56458
55875
55708
72916
61542
57584
63583
56708
62125
56458
57417
56459
56917
56625
57625
60958
56875
56084
56541
56541
56792
56666
56667
56834
55916
56708
57417
57208
56666
56292
55125
55583
65250
56958
57041
55625
57000
60583
57625
55958
56667
55917
57708
57042
56334
57500
55875
56041
55375
56667
55875
57208
55667
55500
55916
56792
56500
55792
64167
57459
56750
56042
56833
56708
56709
56416
56958
55583
55250
56667
57625
56250
57333
59959
57917
55500
56208
56208
56917
56625
56542
56250
55500
56375
57333
56042
55709
56125
56708
65291
57250
56250
57083
56209
57334
56875
56958
57667
56125
58000
56500
55708
56458
59791
55833
56583
56416
56375
56167
55917
56666
56417
56250
57083
56750
57541
55917
56167
58667
56708
56667
55875
55708
56750
56542
56791
56709
56166
56541
56375
55750
56667
56917
55500
56459
56625
55959
56750
56375
55416
56208
48792
42084
41375
41500
41208
41750
41375
41250
41625
40958
42084
41250
41375
40917
40958
41667
41208
40417
41125
40834
40834
41583
41291
41041
41083
46125
43125
40792
41083
41667
43291
40833
41167
40833
40875
41417
41125
45625
41458
40459
41750
42000
41708
41375
41250
41541
41083
40875
40875
40958
41791
58708
57792
56959
56000
56625
56166
57209
56209
56667
56042
56333
56625
56167
55792
56208
55916
56208
56375
62750
57125
56250
56333
56500
56166
56292
56292
57417
56291
56500
55917
60084
56666
56708
56334
56375
57000
56542
56542
57250
66917
58042
57083
62459
56084
56375
56958
56417
56500
57500
57333
56833
56166
57541
56292
57084
56584
56250
62625
56084
57334
56958
56833
55958
32750
33000
32500
32916
32625
32542
32750
32583
32834
33458
32958
32458
33000
32792
33458
32875
32458
32958
32542
32834
33000
34167
33000
32416
33375
32417
32583
33084
60875
68500
57500
58584
57708
57333
56791
57250
56750
57209
56458
56791
57875
57167
56792
56709
56792
57458
65500
56833
56917
57042
56459
56292
57500
56208
56917
57125
57000
63792
57875
56875
58708
57417
56750
61708
57666
57333
56750
57583
57625
56375
56250
62292
56666
56208
55875
56750
56500
57375
57083
56542
55625
57583
73833
62792
104541
58542
73750
57417
56250
56917
56667
56458
57042
56000
56417
55792
57417
56792
57084
56209
56542
61792
56709
57167
56167
56708
56541
62875
57667
57125
56250
56291
56041
56250
56500
57584
56041
56583
63333
110958
60000
58875
108834
59292
105625
58625
57625
61208
56041
56125
56958
56459
56958
57375
60166
56625
56417
56208
56334
56333
56208
55709
64500
57250
56084
56125
60833
56083
56834
55916
56333
56291
57084
56625
57375
56792
56584
56792
57292
56584
56125
56583
55583
56584
56709
55791
56000
56542
56208
56583
56125
57250
57125
56833
56625
56875
56875
56709
56000
55917
56208
56166
56125
57792
56500
57209
56958
56250
56375
56667
32792
32542
32500
32875
32917
32541
32875
33209
32709
32667
32459
32500
32792
33083
32333
32958
32291
32458
32416
32750
32209
32958
32750
33000
32875
32833
32834
109875
68833
57042
60583
57625
56541
56917
57458
56417
55875
74125
57167
56625
56209
56458
56375
55833
56833
62250
55667
56875
56584
56875
56292
56500
56167
56417
56791
56083
57000
56125
56250
57042
56708
56459
56416
56625
56625
56167
56709
56459
32958
33167
33334
32917
32666
32584
32375
32625
32750
32959
32375
33459
32958
32875
32584
32916
32458
32750
32959
34750
32875
33208
32333
32500
32541
32125
33000
32666
33166
32750
32666
32417
32667
33208
33000
32500
32667
33334
34333
32500
28209
28167
28125
28000
28000
28750
27916
62917
67084
57917
57250
57500
57541
55583
55125
55625
55875
56583
57000
56375
56125
56208
56583
56209
56041
56375
63041
56458
67500
57916
57334
56833
58125
57250
56791
57000
57042
57250
58500
58750
57666
57041
57375
56458
59292
56708
58041
57333
57208
57167
56500
57625
57417
56583
57083
57459
57083
57792
63625
57792
57583
63208
57959
56875
78167
58000
74292
58500
56625
56500
56916
56834
57333
57292
56917
57250
56417
56500
57791
56833
57333
56750
57459
56625
56458
57833
56917
56708
56833
56792
63125
56666
117958
101834
58459
56667
57125
57709
56334
57209
56959
58959
57375
56459
57416
56708
56292
56375
57125
57208
56500
57084
57833
57208
56042
57167
56250
56042
56375
56875
79875
34000
32958
32625
32958
41708
33375
32375
32666
32750
33125
33000
32750
32750
32916
32292
32666
32416
55292
33333
33084
32416
32583
32458
32958
32750
32791
32584
32500
32667
33083
103167
58542
57209
57875
56500
56917
56208
56583
56750
56625
55917
56458
57334
56625
56291
56417
56041
113125
58458
56625
57625
56833
57000
56209
56625
57666
57042
56042
58375
57167
56625
56833
66750
111042
58875
57458
56625
57250
56208
57709
56416
57250
56042
68625
57125
57375
57125
56208
56709
57083
56875
65250
56666
56375
56250
80292
67125
66125
56917
56208
62792
56750
56542
56792
57416
55875
56250
56708
55958
57042
56375
56500
56125
55875
56750
57125
63333
55875
56250
51666
33125
33000
32750
32834
43750
34208
33500
32541
32792
32459
32667
32750
33333
32333
32459
32375
32916
32584
33000
32542
32916
40583
59000
56917
56166
56208
56375
55958
56042
112417
58584
57166
61333
56500
57166
57083
56542
56708
56917
60917
56666
57166
56917
56875
56917
56459
56542
63000
56958
57375
56250
56458
57084
56625
56375
57375
56292
56875
56833
55792
56458
56583
56416
57416
56125
56375
56542
55667
57208
56584
66083
56833
56375
56083
56833
55875
55583
56584
56583
55625
56500
56959
57792
55833
105084
60792
57375
57000
56250
56542
56833
57250
56125
55875
56750
56750
57625
56709
56833
56625
57250
56666
57209
57000
56375
56625
63542
57209
56583
55916
74666
56834
56959
102000
60166
58209
63000
57000
57167
57375
58042
56625
56250
59250
57750
56334
57083
57000
55917
56875
56625
56792
57041
57958
57125
56792
56666
56709
56542
57166
56666
56792
56292
57291
57375
56375
55792
55958
56583
58584
55583
56625
57042
57125
51292
33167
33333
33208
32833
33209
33042
33291
32625
32750
32334
33167
32417
32875
33250
32584
32250
33084
32875
32250
32666
32958
32833
32875
32667
32875
32625
33333
33417
32791
32708
32791
32917
32250
33000
32542
32667
33125
33459
32208
32875
32750
28208
27834
28250
27791
28250
27916
28250
28292
28625
28500
28250
27958
28000
28125
28667
27750
31666
28292
28334
28417
28250
27959
27875
28208
27750
28334
28208
28000
27917
28416
28333
27875
76791
58542
56417
56834
57041
56000
56125
56750
56959
56750
101000
58583
55542
55917
56834
57000
56125
56875
56916
56166
55917
57083
56959
57000
56958
56166
56125
56792
56417
66000
55916
113375
58167
57625
61334
56542
55875
56375
56416
57750
56042
60250
58292
56792
56584
57125
56542
56625
57459
64833
55750
56458
56125
57125
55666
56084
56542
74000
56125
56709
56250
56667
56125
56917
56875
56542
56166
56917
56833
57375
56542
56833
55917
56875
33583
32625
32458
32709
32666
32750
32917
32958
32958
33084
32584
33167
33334
32916
32750
33250
32792
32958
91417
58709
114542
58125
57334
56250
57542
56375
56208
56708
57000
56625
56666
56708
56791
55917
57209
56500
64167
56000
55833
56000
56084
57083
57083
56208
56375
56042
56500
55708
56167
56708
55625
56292
55375
56584
56875
57042
56125
56791
56459
56333
56292
55917
55333
56459
56125
73333
32834
32833
32375
33250
32958
32459
32667
32875
33042
33041
33041
32584
32917
32750
32417
32875
32917
32584
33000
32708
32709
32583
32583
32250
89125
58750
57125
57500
60417
65416
100417
98750
57709
57791
56750
56916
56667
56791
57209
57292
57292
56750
57333
57375
56584
56584
56875
58125
69041
110750
114042
96042
109833
58958
56833
57000
56417
56375
56542
56250
57041
57000
57208
57291
56542
56958
57084
56875
57125
56334
56042
64834
56916
56750
56875
56208
57333
56292
55917
56875
38875
33375
32542
32833
33041
32541
32959
33042
32875
32292
33458
33083
33209
32666
32834
32875
33167
32667
32750
32916
32875
32833
33917
32917
32791
33125
32416
32250
32666
32500
32791
32459
32459
33125
32875
32917
33166
33083
33125
33167
33167
28000
27959
27833
27750
27916
28125
28000
28292
28333
27875
28416
27833
28000
28416
28042
28167
27750
27833
27583
28542
71166
109917
88209
69167
78833
114250
113834
93334
80333
58375
76833
69958
114042
116000
58416
111750
107375
105416
101625
113292
58709
88083
58250
56959
56875
56042
56166
55666
56042
57042
55792
56250
57584
56500
56750
56916
55625
56000
56917
56375
56375
91834
111542
92208
68083
91000
114917
111875
115917
103875
58625
57042
57083
61500
56875
56417
56417
56375
56000
56458
56791
56000
56667
56292
56334
56167
62791
56250
56250
56916
63250
55458
52292
37167
32125
32708
32334
32625
32958
32709
32334
32833
33417
32750
32667
32542
33333
32792
33042
45541
32333
35042
36500
36166
32291
32750
38041
34875
33167
32750
33208
32583
32417
32458
32500
32417
32625
32625
33000
33084
32916
34167
33000
28084
27959
28208
28292
28084
27958
28083
28166
27916
28166
28084
27750
27791
27750
28167
52459
67917
57667
57375
55458
56584
56583
56292
56500
56541
56166
56750
56208
56458
55417
56333
56125
56459
56750
55708
56041
64292
56375
56458
50583
32917
32792
32542
32333
32792
32583
32917
32416
32667
33208
32958
32500
32708
32750
33250
32500
32541
33208
33084
32583
32583
32333
33125
32417
32458
32791
32584
32792
33250
33042
32875
32917
88000
111334
104000
95292
73666
93542
100250
58416
66166
112500
98083
109292
59000
109333
58875
56792
79792
81166
116458
58792
86875
57459
56667
112708
110083
101166
112333
115458
74875
112417
40667
107292
102375
74458
110375
108792
59333
58208
57292
57500
56709
56833
102500
68333
68625
57125
57167
57625
61500
56334
56417
56666
57000
56916
56542
57375
56791
57375
56292
56709
56959
56792
62583
56291
62458
52958
32708
39083
37958
33500
33792
32834
36959
33125
32209
33416
32750
32959
32750
32375
33333
32792
32583
32667
32500
32958
32708
33542
32542
32542
33042
32958
33084
33000
32500
32875
33333
32500
32834
32708
37459
36459
33250
33417
32791
36458
32542
33375
32875
32500
32625
32792
33292
32875
32458
32916
32667
32667
32375
32625
32417
32709
32541
32792
33000
32084
32500
32584
32833
33375
32375
28000
27958
27959
28167
28250
28083
27917
28292
31708
30375
27917
28417
27792
27917
28375
28125
28209
30583
28041
28542
27916
85583
111375
59125
57458
106375
58458
57041
106625
63667
110416
58041
57125
57000
57083
55750
56042
57250
56958
58000
56375
56291
56875
57500
56042
56125
56250
96959
108667
58792
57666
101917
90542
107208
107583
104167
58375
57500
57959
57042
56166
60417
56583
56459
56459
56333
57084
56500
56584
56333
55833
56875
56834
55875
56167
55875
56250
57208
65292
59625
57375
57084
56541
56917
57500
56792
57042
56750
56542
57000
60292
56917
56792
56791
56625
55917
55542
57334
56666
63542
56458
55125
33083
33208
32875
34500
32875
32750
33208
62458
58208
56500
56166
56542
56875
59500
57042
56125
57292
56875
56250
59708
56834
56375
56417
55375
56125
57000
56541
62458
56833
57083
79958
57750
56416
56500
56500
56875
56708
57209
56667
56792
57458
56625
56500
56958
56875
56792
57292
56333
59250
57084
57250
57667
57625
55542
89042
58292
57541
57417
57917
56750
57375
56625
56583
56792
57041
56959
55625
56500
57292
56625
56875
56292
56791
57083
64125
67125
57084
57417
56958
56792
56709
57000
75000
62750
58000
58209
57500
57125
56500
56750
57334
61667
57625
57000
57417
56833
57375
57583
64041
57375
57417
57125
56500
57208
57000
58458
56500
57042
57916
56292
57000
56417
57375
33041
33000
33125
33250
33375
33291
32667
32834
33000
32458
32500
33250
32959
32625
32792
33625
32792
32708
32708
32541
32500
33209
33041
112834
57625
57500
57250
57750
57042
56042
56458
56541
56375
65417
56875
56792
57458
56208
56375
56375
56125
58000
56833
56375
56875
56666
57084
55750
56667
56916
56292
56750
56292
58250
57208
56750
57000
56958
55833
52209
33416
32750
33042
32583
33167
33000
32708
32750
32750
33000
33500
32833
35833
36791
33291
36250
32458
33292
104250
107542
113333
111542
58041
57959
57916
56208
57042
56667
56833
56417
56958
57583
57041
56666
56292
56500
55625
56625
56333
56458
56083
56500
56417
56792
56042
62250
56833
113875
109959
110833
58417
56542
57250
57292
56709
56000
56500
56833
56000
57042
56333
56750
56917
56292
57542
56833
56666
56708
56125
63250
56583
56625
56750
56042
57000
56416
56083
56917
56375
56417
57417
57125
55916
67959
59083
57042
55958
56125
56875
56667
56792
57083
64709
56167
55833
61458
57792
57458
56875
57083
55875
56958
55208
57833
56750
57667
32292
32833
33125
32750
33167
32792
32834
32750
32833
33042
32750
33000
34584
32792
32542
37916
33333
33500
33083
32833
33167
32667
32959
33208
32750
32750
32875
33625
35959
32625
32083
33792
32792
32709
32500
32709
33375
32708
33083
32834
28209
28167
28334
28041
28333
28250
28125
28250
28125
28333
28416
29959
28375
49291
43042
42041
42083
41333
41666
44792
41417
41500
41333
41458
41459
41166
41167
41458
41292
47541
41208
40959
41459
40958
41416
41291
41000
41542
43709
41625
48500
41167
41875
40541
65917
64833
56791
55459
56583
60834
56791
55292
56208
56375
57541
56708
55500
56666
57667
56916
56500
56208
56875
57416
56292
55958
56667
55917
56291
56208
51292
32667
32917
32792
33167
32625
32500
32917
33042
32167
33125
33333
32875
32417
32459
33000
32875
33000
32500
33250
33292
32583
32750
33083
33084
32542
32791
33416
33292
32833
33000
32833
33042
60167
57333
56625
55667
56375
56916
56667
56709
56291
56625
73375
58292
62416
61000
114291
81916
98542
59250
57958
61375
56916
55917
57542
56167
57417
56833
57500
58833
56708
58417
56708
56958
55791
56875
56584
57833
56500
56084
56666
57542
58458
57333
57458
57750
57542
56291
57167
56625
63084
58042
58041
58208
56959
59584
57584
56292
57584
56541
56250
57625
57542
56584
56916
55667
55709
60792
56625
56583
56833
65542
57042
56500
57125
56334
57166
57000
56916
56166
56583
56250
56166
56667
57917
56292
35584
32750
33292
33000
33000
32833
32834
32875
32541
32875
32834
33125
32667
32542
33041
33875
32833
32875
33000
33250
33084
33292
33042
107917
58250
56875
56459
56375
56875
56958
56042
56458
57083
56458
57334
56750
56208
56209
56875
56709
56000
56250
57083
57042
56583
58000
69208
71334
59416
58917
56750
58209
62583
58791
57208
56583
58333
57333
57458
60959
57916
57916
58541
58042
57875
57625
56708
57250
57292
57250
53792
35625
34917
32916
32958
33375
33292
33125
32791
32959
111000
62459
57666
57125
57500
57083
56542
56208
57084
57333
56792
56375
57083
57000
57084
56959
55500
79500
57500
57375
57458
57625
56833
56459
57125
64584
57208
56083
58166
56667
56708
56209
56833
56041
56917
56375
55833
61667
56292
58584
55542
56334
56541
56041
56833
56166
56083
64459
58125
56791
57208
56959
56625
66375
64750
56833
56916
57167
66167
57250
56250
57166
57416
57166
57375
57250
62208
55666
57250
56667
57833
55958
56167
56333
57542
56208
56708
56166
56583
53250
33042
33167
32959
33250
32916
33375
32667
33875
33500
32792
33916
33292
33209
32833
33208
33250
33167
32750
33084
33375
33000
32792
32834
33333
32750
32500
32750
32833
32583
62500
66667
57041
56875
56875
56958
57458
56750
57042
56834
56666
72125
65833
56167
56417
57584
56500
56166
56625
56875
57792
57000
57292
63334
57500
56625
56375
56083
56625
56583
57000
56958
57458
57708
56333
58375
56458
82958
58375
108375
104250
104375
57958
57250
56834
57708
56875
56958
56750
56458
65542
117083
58333
57167
56625
58625
56917
56792
55875
55709
56250
57500
56875
56083
56166
56291
56208
57667
56708
56667
64917
56458
56959
56875
56125
56458
56541
56375
56333
56667
80125
59708
56917
57125
56208
57125
56750
56583
56833
56916
56833
58375
57042
57417
55875
56500
56458
56458
57083
56792
56792
57000
56709
56292
57750
56500
56667
104875
111042
123084
88625
109709
83041
87709
91084
57917
57166
56833
56750
56708
104416
60000
57208
57042
57958
56792
57500
57791
57084
59291
57333
56833
56750
57125
58042
57083
56250
56166
56166
56833
59292
57375
56500
57125
57209
58167
57459
57125
56625
56792
56875
56708
57583
57542
57417
57584
56708
57792
57250
57084
41375
34125
33208
33500
34833
32875
33584
33375
35375
32917
33250
33250
33291
33208
32500
35625
33166
35541
36292
35709
34833
33000
33625
33292
32708
33167
33583
33709
33125
33500
32709
32667
33000
33250
32458
34334
33834
33084
34833
32500
28500
27792
28375
28166
33625
32000
31291
28500
28583
28250
28208
28500
28041
27833
28042
28584
29208
30625
28166
27875
28083
28417
27709
27750
28334
28458
28167
31541
28417
27916
28041
30500
29500
28458
32000
28209
28041
28208
28042
28042
28125
27958
28375
27875
28042
28000
28000
28459
28334
28208
28584
27875
28750
28000
28333
28417
28042
28167
27833
27875
28125
28041
28333
71666
114459
110209
103583
117125
107375
114667
113750
83167
110292
67209
63917
57292
56541
56583
60292
57667
55750
56750
57084
61292
57500
62292
55834
56250
55583
56375
56375
64458
57666
57541
57500
57125
57334
57041
56917
56417
56542
56709
55875
57083
56750
62500
56375
56834
55750
56125
56041
56791
56208
56583
57667
32667
32917
32791
32583
32542
32708
32084
32834
37083
33208
32458
32750
33916
32750
33125
32750
32833
32750
33208
32667
33041
32583
32708
32625
32541
32875
32458
33083
32917
32833
32958
33125
32583
33084
32708
32417
33000
32875
33125
33208
28208
28042
28125
27791
27625
27666
28042
28042
28083
28000
28208
32084
31084
27917
27833
27958
27916
28042
28125
28125
68958
58583
56458
57250
57375
56917
57125
56500
56958
56958
56542
57666
56917
56583
56625
57000
56834
56625
56792
63208
58417
57125
57500
57125
56125
56792
57083
56458
56833
56500
57292
60625
57333
57833
56625
56542
57500
56625
56875
57375
66083
56375
56958
57042
60458
72666
64833
56458
57250
56417
56083
56458
57209
56584
56917
56666
56125
56000
56208
56833
72500
57625
57625
57334
56375
57083
56125
57000
56250
55916
56708
55542
57000
56708
57042
56333
56042
56125
55917
57042
56292
56667
56458
63166
56792
62417
58541
57125
56250
55583
56625
55875
56041
57250
56250
56541
56541
56542
56708
62000
59291
56042
56166
56292
57917
63834
60042
56916
51292
33166
32875
32875
32667
32916
32917
41458
33667
35459
33291
33042
32666
32750
33000
97334
57958
56875
62708
56958
56584
56375
57417
56708
56708
63333
56667
55750
56042
56417
56042
56584
56667
56583
57250
56291
56375
56667
55584
56500
56250
56916
56209
56917
56959
56625
57000
57125
56833
56542
56417
57084
56959
56709
56625
56792
55625
56750
55958
67459
57709
56375
55875
56875
57000
56459
57667
56916
56708
55917
63458
56708
55792
56417
56542
56292
57375
57250
57417
57167
57084
56500
57000
56125
62541
42667
32292
32958
32792
32791
33125
32708
32750
32417
33292
33083
47750
41334
40709
40667
41250
41291
41083
41042
41041
41250
41375
41292
40917
40917
41667
41625
41416
40833
41333
41375
99208
103042
106250
75416
59125
57000
58250
58416
57958
57958
56416
56958
56625
58208
57208
58125
57167
56958
56083
56917
57500
56167
56375
62958
56958
56792
63375
57208
56417
56875
56542
57750
57000
56917
55833
56958
56166
105417
58875
57167
57208
57500
56708
56459
56125
56167
56833
56750
57416
56208
56667
56584
57250
56708
56209
55958
56916
62375
55542
55958
57250
56667
57292
57000
56709
56833
108541
59083
57708
57500
56667
56000
57167
63667
57583
56750
63000
57250
57042
57834
56666
57042
63125
57542
56875
103458
80209
114959
107250
58500
117125
58792
56375
56625
56709
56500
56166
56125
63000
56875
55792
57416
90375
106709
102500
111209
107291
114167
58834
57333
56833
56917
57208
56250
56875
56625
57167
56959
74583
58208
57541
56917
56000
56416
57333
56042
56542
56250
56458
56875
60125
56875
56875
57000
56625
64083
57125
55542
56209
57083
58375
56167
56334
55541
62667
57084
56500
57584
56959
47375
33042
33875
32875
33083
37625
35042
33250
33125
32958
32750
32959
32792
32750
49458
33083
32791
33125
33125
33125
33292
32917
37125
33166
33333
33167
32958
37125
33167
33000
32125
33208
32375
32583
32750
32834
33042
32875
32458
32625
33000
29125
28167
28208
28458
28375
28041
28166
28333
28334
27833
28000
28208
27791
28250
28417
27958
28541
28333
27959
27875
28167
27666
27917
28125
28167
28375
27666
28208
28334
28500
28125
28084
27959
28708
28583
28042
28625
28208
45250
61375
58292
57583
57125
57166
58042
56250
57084
57208
56917
56167
56792
57417
56417
56667
58833
56708
56417
56792
56333
56500
56917
57167
56833
62958
58166
56583
56917
56833
57250
63666
57125
56417
56917
57458
56542
57250
56292
56250
62708
105917
103625
77542
63250
106084
58666
57958
56209
57083
57333
57000
57208
57584
56458
56042
56416
56667
58166
32541
113500
59250
57042
56417
57125
116917
58875
57042
55666
56792
56208
56625
56667
57000
57291
56250
56708
57208
56625
56500
55750
56167
56667
56541
63833
56917
76875
59792
56916
114417
58083
57709
57166
56750
57916
56833
57125
56167
56584
56000
56458
56750
57042
56292
55750
56334
62833
65167
56375
56667
56917
57125
57042
57334
57125
56458
56125
57833
57709
56792
57000
56458
56584
56458
63041
56458
56125
56417
57084
79791
101375
57375
57458
56791
56667
55875
56750
56250
56708
57000
55958
56000
56834
104375
58833
109167
59500
56334
56916
57500
55916
56834
55750
56416
55542
56500
57125
56750
56375
56625
56375
56459
55583
55125
63209
56583
56875
56333
56667
56416
56334
55709
56083
56750
56417
56875
110583
109417
105958
114875
57291
56875
57334
55583
56583
56541
56458
56000
55333
56292
58208
56708
57084
77375
56833
55375
56583
56542
64625
56875
57958
107666
58875
56584
55750
56292
56416
56250
56167
57334
56625
56792
57250
57166
56833
56166
57125
57083
56500
56208
64583
56500
56416
56083
55667
57459
56459
56458
56250
56375
56208
57416
56583
56458
56250
56458
56417
56958
56875
56708
55959
57041
57125
56750
55917
56291
56833
56041
33000
32625
32334
32917
32000
32958
33416
32500
32583
32750
33209
32708
32458
32666
33083
32709
32458
32375
32500
32292
32584
32666
33083
39042
34000
32833
33125
36708
33250
32542
33083
32667
32833
32208
33250
33208
33125
32791
32875
32792
32583
33000
32708
33000
32458
62959
57666
56625
57375
61833
56375
55542
56875
57250
56625
56458
56792
56500
56208
55833
56709
63084
58416
56125
56125
56875
56667
56292
56250
56416
57208
56416
56750
55875
56500
57292
56375
56667
56500
33000
32875
32917
32875
32375
32666
32541
32958
32625
32917
32708
32875
32792
32583
33042
32791
32708
81375
58000
60958
57125
57125
56875
56917
56542
79666
57334
56167
57292
55375
55167
56625
62208
56958
56417
55958
57459
56458
57875
56000
63250
56291
57000
56583
55583
55916
57042
57083
56708
56750
56250
62250
58917
62166
56417
56333
56083
56292
56584
56833
55875
56666
56166
57292
55875
56291
55625
56292
60667
57583
56291
56500
56750
56416
55875
57125
56583
56917
55916
56084
56625
56292
55958
56458
56833
56916
56416
55834
55917
63709
57042
56959
62125
56500
56750
56167
32959
32625
32958
36708
34708
32917
32708
32291
32709
32833
32792
32958
33916
33459
32625
32417
33125
33125
32292
32458
32708
32750
32959
33333
33250
32750
32792
32417
32792
32625
32458
32917
32750
32709
32750
32875
33792
32917
32583
33125
28167
28083
28041
28083
28583
28084
27708
27792
27916
32166
28000
27708
27833
28000
27833
28125
27666
27958
27875
27917
27625
28208
31833
28000
27959
33459
28333
28500
30500
28584
28125
28083
27958
28416
28416
28292
27750
28208
28125
28375
28208
28292
28583
28500
28000
31792
28792
28083
28125
28042
28000
28167
27875
28125
28709
27917
28292
28166
28167
28042
27667
27959
28084
28083
27833
28333
32125
28250
28000
28209
28000
28000
27792
27958
27750
27666
28500
27791
28708
28166
28167
28042
27875
28084
27791
27917
28000
27958
28291
28250
28167
28167
28167
28250
28167
27875
27833
27792
28125
27875
28166
28083
27833
28042
28167
27875
27834
28416
27875
28125
28083
30084
36208
28167
65000
67542
57375
55875
56667
54708
56250
56584
56292
56291
55875
56541
56416
56333
56292
55792
108500
88125
57750
57417
56625
56708
56416
56416
56500
56250
57458
55417
56541
55792
55958
55917
56125
56750
56750
69250
83625
61958
105000
58958
57209
57750
57791
57000
57792
57833
59125
57834
57875
57500
57041
57708
57541
56916
57750
57625
64667
57500
57291
56792
57125
56791
57084
57792
57208
56917
57542
57625
57708
57917
57542
83875
58125
56750
60709
58959
57584
58208
57459
57334
57417
57208
33584
33792
33083
33125
33375
33042
33500
33250
33083
33042
33125
33375
33291
33208
33250
33041
32791
33375
32916
32750
33042
33125
33333
33041
33250
32833
32666
109666
105791
58459
56833
56583
57458
56083
56542
56458
56708
57375
56917
56667
56500
74708
56292
57166
56292
56625
56208
56625
56583
56666
56125
56375
57125
56333
57084
56333
106083
58958
57959
57583
56125
57041
56000
57459
56750
56250
56625
56209
55875
57042
64042
56375
56709
56125
56584
55750
56333
55875
56209
56875
55750
55834
56292
56250
63167
55792
56083
56042
56625
56042
56000
56083
55875
55875
56625
56125
56875
56208
56750
57125
55958
56166
56084
55667
56166
56916
57000
54959
55625
56209
56541
56167
55959
56500
55916
56625
56792
56292
56417
57500
33583
33125
32833
32667
32583
33083
32209
32625
32500
110500
116083
58416
57333
97458
66583
107084
76333
57667
57250
56375
56208
56834
55958
56750
56250
57208
55667
57166
57125
56291
56875
55792
69875
96584
104500
58709
56458
56625
56334
57500
56500
56083
56875
111625
104750
60625
58500
57375
57292
58542
56958
56875
57209
56333
57333
58416
57791
57875
56833
98042
59834
57667
58334
58125
57542
56667
56000
56041
56583
56750
56750
57209
56959
56500
56583
56958
56375
56625
58125
56875
56959
57917
58375
56625
57583
56125
56792
57167
57916
103875
59667
72208
70834
57542
57167
64917
57292
57250
63167
56625
57000
55917
56042
57542
56209
108042
115958
58000
56459
57333
57333
56959
56833
56541
56167
110458
58709
57125
56917
94042
57583
57250
56792
56625
56375
56959
56541
56834
112625
58333
57333
112917
109625
110916
102083
57791
57375
57709
56458
56625
71291
63459
57375
56542
57041
56542
57375
57459
56416
56791
108459
58250
58000
58500
56041
57083
56291
55542
56291
56791
56459
56667
56125
56708
56708
55958
57042
57167
56250
56333
56083
56334
56958
57500
66958
56875
56208
56417
57042
56708
56667
56375
55708
55500
56833
56041
56833
56167
56500
56125
57000
32875
32417
32875
113000
107625
91500
45500
34083
33125
44958
43125
33333
33125
33417
32958
43208
32500
43041
33125
32875
43708
33041
44834
33250
33458
32625
43000
32875
109667
58667
57125
56958
112750
64000
57333
57167
57375
57625
57084
56541
65541
56834
56459
56208
57791
56333
56208
112334
58709
57667
57250
56583
56458
56167
56292
56750
56042
56792
57000
57458
56750
105917
59292
57625
56292
57042
55833
57209
56125
56875
57709
57541
57000
57041
55542
57083
56834
56750
56834
56875
58416
56541
57750
56500
56041
56458
56791
62833
71000
62625
57750
55833
56084
57166
56625
55625
56708
56917
56542
57000
57208
57958
56292
57166
56375
56292
56541
56042
56833
103792
107333
107416
112125
110917
98834
82458
58459
57000
57166
56834
56208
56625
55583
56833
56250
63917
58209
57208
56917
57250
56500
57125
56792
56375
55917
110792
58917
57167
61375
57041
56167
57500
56959
56625
65000
55791
56791
56792
56000
56875
56750
56500
56583
57000
56209
57209
56125
58083
56125
55458
55541
56666
56625
55750
56500
56709
56500
56458
56875
56917
56250
56250
57000
56083
56125
56958
32875
33375
32792
32875
33042
32375
32792
33958
32875
32542
33500
33208
33000
32792
33208
32917
33000
33291
32667
32709
33292
32958
32583
64250
58834
57792
58500
57334
57583
57583
57333
57917
57083
62750
58000
56917
58833
60208
57625
58292
57708
57250
58167
56750
56750
57083
57125
60584
57291
56042
55375
56000
55584
56125
108500
89542
57750
56667
56417
56416
56875
56417
56083
56083
62500
62792
98708
109666
110459
58458
56541
56958
58416
56500
99541
109917
112584
80875
62292
57084
56834
56417
56792
56709
56833
56334
56625
56416
56750
56500
57334
57084
56459
56334
56833
56333
57166
56958
55708
57083
56125
56250
56583
56625
55875
55250
62917
56000
55792
56583
56250
56875
57000
56833
56750
56167
56333
55750
56083
55833
56000
51084
33084
32416
32750
31917
32334
32959
33083
32125
32917
32958
32916
32792
32458
32417
105917
57583
56375
56000
56584
56000
55500
57041
57125
57459
115000
113709
58875
56833
57083
56167
56542
57250
56333
56792
73958
58625
56209
56833
56625
56792
56542
56334
56083
109333
105375
67459
57541
57625
109041
121208
63125
57584
103250
57500
58208
56917
56292
108459
59375
56458
94625
108000
58250
57125
56833
55750
57375
56208
57084
56000
56583
56292
56584
56792
56959
55916
56291
55916
62500
57000
110917
60083
56708
56959
57708
56875
73125
63791
114458
58459
57625
56792
74708
58667
58041
57833
56833
56292
56917
56292
56917
56042
56625
56042
56042
56208
56125
57292
57000
57292
57167
56667
55667
55417
56750
56250
61917
65958
57916
57875
57000
57000
56917
55750
59917
58083
57500
57209
56500
56542
73833
57541
56291
56291
55750
56875
56542
55708
56584
56916
56250
56250
56750
57458
70000
62208
66583
60334
57250
57000
57084
56416
63167
56750
56708
56084
56500
67916
59167
57250
57417
57417
56417
56709
57125
57834
56833
56458
57125
60333
57416
56750
56666
56458
57125
60417
57250
55708
56041
55417
57209
80334
56583
56750
56667
57375
56083
57500
57625
62750
56125
62458
58583
57750
67166
57625
57625
56458
57083
51875
34000
32916
32542
49875
56791
57209
56375
56500
60333
57334
57208
56916
57042
64417
57750
56959
67125
85875
57917
56583
56084
56416
56084
55792
56750
57000
57250
56458
56750
56250
57084
56333
56208
56292
56333
55709
108209
111708
108584
115375
59500
57875
73208
58291
56875
55834
98041
114500
57542
57375
101542
58291
90250
57959
56917
57125
56625
57209
56250
56750
56833
56375
56584
56875
56333
56083
61417
56083
56875
56333
56667
60416
66958
56417
56875
56583
57291
57000
57375
56917
57333
56250
56416
55709
55916
105458
67500
26458
24792
28000
110208
58417
56917
57042
55959
105542
60666
73584
58000
100292
115875
58458
72917
108042
110333
59000
57208
55875
57292
57791
99166
98375
114083
58625
57583
56750
57125
57333
56417
56208
55542
56167
56833
57083
56292
56709
56459
56417
56542
57083
56125
56167
56333
56792
57291
56333
56083
56000
52792
32959
34791
32708
32875
33083
32875
33125
32875
32333
32583
32542
33250
33250
33417
32959
32958
33166
32875
32625
33416
33000
33167
32875
33167
33209
32459
32542
33125
32750
33250
32875
33375
32708
32916
32958
32375
33458
32584
33084
32958
34917
28708
28083
28000
28541
27875
27875
28667
28042
28041
28042
28084
28208
28167
28167
28000
28459
28209
28000
28458
28167
28291
28042
28542
28375
28625
28000
28542
28042
28167
28042
28250
28334
28125
61250
57833
56791
56416
56875
57125
56250
56000
56166
56916
56625
57958
55834
57500
55959
56083
56167
56541
56125
56167
105209
59875
57208
57750
57542
57833
57208
57833
57791
57291
57583
58292
58458
57458
57875
57041
57541
57917
57667
57667
58125
59000
58459
63334
58792
57417
57750
58125
57625
57959
57959
56667
57792
72333
63875
56792
56709
56750
56625
67834
56542
61750
56584
105500
107167
110250
59417
107375
59375
104667
82666
58000
57208
56542
56333
56042
55583
56959
56333
56875
56500
56375
57417
57250
56250
56917
56584
56458
109959
99083
114833
84875
58000
99041
99500
58000
57125
56375
55792
56500
56334
56041
56250
55667
56083
56458
57000
56417
56542
93750
68125
67375
86750
109083
90459
91875
111458
58834
106917
59250
57084
56334
56500
57375
57375
57125
56500
56625
56833
56916
56708
56500
67875
56500
56542
56959
56209
56625
55792
56417
56541
56583
56792
56666
56750
62042
57000
57125
58375
55708
56500
56417
56250
56500
56833
60666
56875
56792
56500
80084
57041
56292
56458
56625
56417
56417
55833
57208
59792
66166
57250
57041
57209
56083
61458
57042
56416
56334
57000
57166
77209
57416
56917
56250
55958
56042
58083
55583
55959
77459
104792
109000
58041
56791
56959
56500
55792
56667
55791
56166
56333
56625
56917
57083
56292
56625
56208
56250
56500
56250
64250
56708
57084
57250
56875
55875
56500
57583
56292
56083
56208
57125
57000
56709
56250
56709
55792
56042
56708
56916
55709
58041
56500
56000
57625
32500
32750
32875
33125
33125
33000
32625
32416
32916
32625
33000
32792
32750
33166
33208
32542
32708
33375
33375
32458
106250
60167
111916
63792
91042
114542
106208
58792
57291
57125
57459
57916
56875
56917
56791
114542
86583
110083
70167
58541
57000
56625
56875
57209
56792
56583
56584
56625
111708
57958
57708
57250
57042
111125
103209
112333
59291
56750
57167
57875
105708
110208
105542
112959
98125
111958
67083
21875
104167
58708
57208
56250
57041
56917
56084
56625
57250
56333
55917
56792
56583
111000
58417
57167
56958
61667
56459
62709
57750
56708
57500
55834
58291
56917
56750
56958
57084
56625
56834
56250
56209
56834
56709
49583
37416
33791
33167
32584
32292
32583
36250
36500
33166
32500
32625
36875
32875
32667
32666
32833
32584
32792
32208
32958
32334
32500
32792
32500
33000
32917
32584
36917
33250
32875
32541
32625
36875
32667
33084
32208
33083
32708
32333
32459
32500
30542
28458
28292
28167
28042
28042
28209
28417
30708
27875
27708
27750
28000
27791
31083
30125
27583
28084
27916
27791
27958
27750
27500
27792
28375
27625
27750
27958
28125
27958
27916
28166
31875
28084
28334
28166
28167
27958
27875
28084
28000
28167
28167
28583
27709
28334
28667
32458
28333
28291
28167
27959
27917
27542
28500
28084
28167
28208
27875
65250
58834
57166
56875
56500
56500
57000
56250
56292
56458
56583
63583
56125
56958
56417
56417
65917
102083
108291
59292
57708
58042
57750
57042
56917
57917
58000
57292
56500
58500
57584
106459
116000
95333
58417
57250
56292
56000
59792
56083
56542
56000
55458
55875
59750
57167
55875
56625
56583
55667
56416
56625
65042
56167
55583
62542
56291
56417
56083
56208
56333
56334
56750
56500
56000
55750
55625
56292
62541
56833
56042
57042
55084
56084
57208
56292
34125
32625
32583
32583
32833
32750
32375
32583
32625
34708
34084
35125
32958
35833
34584
32959
32708
32625
32916
32792
32625
33084
32125
32666
32583
33208
32875
32625
32541
32333
32875
32750
61000
33291
32333
34583
34167
34792
32709
31625
28333
29042
30792
28167
28416
27750
37667
28292
28083
27833
28667
28042
27917
28000
28167
27500
28333
28083
31375
28000
27584
27708
28167
27959
28084
27917
28500
27667
27833
27708
28167
35625
36250
32958
32542
32875
33334
32625
32500
32500
33125
36792
32959
32875
49333
43292
41250
41209
41208
41375
41416
41875
45292
41500
40916
41417
41583
41625
41334
44542
41375
41500
41333
40917
40709
41709
40542
44000
41250
47416
42500
41583
41333
41208
40834
41458
41750
41750
40917
41375
41000
41375
41125
41375
41833
41709
40959
41666
41708
41125
41625
42333
40958
40875
40625
41167
40750
46667
44166
41417
41083
33833
32500
32666
32791
33042
33209
32459
32958
32625
33167
32666
33208
33000
33000
32542
32959
32333
32584
32500
32500
32667
32917
32958
32625
32542
33208
32917
32250
32625
33083
32458
32667
59083
80709
57083
56416
55750
55875
56750
56042
56875
56333
55666
56000
56750
59792
58292
66791
56917
56916
55833
56625
56583
56833
56333
56292
56542
56375
55625
57333
56541
57167
56250
56500
56541
55708
55250
55625
56583
56250
55958
36500
32542
32583
33166
32916
62125
57000
56625
56375
56417
56334
56000
55792
56042
61750
57417
57458
55792
56542
56834
55875
56541
56083
56500
56083
55917
55875
55500
109458
116917
107334
105708
108417
60583
56375
57459
57125
57250
57916
56333
56625
56708
57208
57417
57291
57417
56417
55917
56541
56541
65541
56916
56333
57208
57125
56792
56584
56375
55959
56750
56584
56875
56917
57333
56625
92833
105709
115666
83209
43833
100500
76417
94875
58791
56334
58084
56625
57375
55875
55083
56083
58167
56458
57833
55583
56958
56833
56333
56417
57166
55959
56709
56334
57875
56958
56291
56833
56542
56875
61458
56958
57500
56833
56208
57000
57375
56292
55833
56250
57167
55833
65208
56000
56875
56833
56708
57375
55833
56709
55667
55541
55958
56333
55583
55958
56750
57375
57000
56667
55708
55875
65041
51500
32583
32875
32666
32709
32541
32875
32334
32834
33167
33000
32625
32541
32750
32584
109750
58958
109416
111458
58125
57250
56750
56875
56417
55791
55792
55625
56375
57334
57209
57084
55958
55708
54792
56208
56375
55584
56375
56000
56542
60292
56041
62958
56333
55666
56625
55542
55959
56375
55584
55792
56084
56542
56875
55750
56584
56625
69458
59958
56875
55250
56041
56167
56459
56333
63292
56875
55667
55417
55708
55750
55875
55458
56583
112958
59625
75208
111834
58458
57292
57041
108167
59000
56833
56750
57000
56625
55959
56125
56208
56083
55958
56125
56416
56125
56833
108875
58375
56792
108708
58750
65417
57792
56041
56125
56875
56708
56708
56500
56625
56792
102125
100833
59791
57291
56416
56458
56250
56458
56500
55708
121042
59666
57875
57625
56584
57042
55584
56875
56583
55250
55833
56583
56875
56292
56833
55125
57417
57083
56166
68375
56708
56167
104375
98583
102250
75625
57916
57708
56833
56958
57375
55958
56166
55833
56542
56208
58125
56917
57333
56667
58375
58542
56583
56625
57000
55959
56834
55667
56208
56375
56208
56916
56834
56666
56167
46375
33000
37333
34708
33125
33208
32667
32875
32666
32583
32583
32250
32625
32542
33125
32583
32083
32875
32750
32875
33417
34208
33125
32958
32875
32666
33041
32917
32625
33000
33667
32375
32917
32875
32458
32584
32958
33333
33125
32417
28166
28000
27583
28584
27917
28208
28458
27958
28125
100291
57709
56750
56541
55375
57958
55916
56791
57083
55709
56292
56209
57500
56625
56041
56875
56333
56958
63500
57750
62167
57000
57917
56042
56417
56375
56334
55583
55917
57083
56583
56750
56667
56083
56708
55959
57042
55709
56042
56209
66666
58375
58250
57417
57334
58667
57333
57000
57084
63583
57667
56750
57667
56375
56750
56834
56625
56917
56292
56792
56708
57125
57833
57250
33541
32875
33250
32875
32417
32917
33416
32833
32875
32750
33166
33084
33000
32833
32833
32958
37708
34875
64250
57083
58666
67958
65167
57667
57417
62042
59750
55958
56500
56333
56083
55917
56792
57250
56375
55875
56459
56708
56417
55709
56334
55959
56458
55667
73666
57500
56666
56875
56125
56458
56375
56208
56250
56583
55708
56417
56542
83041
59500
57709
57375
57625
56583
57333
58083
57083
57792
56833
57834
57708
57334
62166
57208
57083
57000
56041
56459
56417
57917
56875
56833
56250
61292
57166
56750
57000
56542
56958
56208
56083
56208
55958
56209
56209
57334
62416
56583
57209
57250
56416
57250
56417
57000
56667
64041
57209
32875
32834
33041
32667
32542
32791
32708
33584
32542
32750
32667
32458
32542
35000
35958
32625
32375
34709
32541
32417
32917
33083
32708
32666
32917
32500
32250
61291
58584
57083
57292
56917
56250
57500
57083
57042
57083
56958
57125
56167
57125
56166
55917
56625
57500
60000
56833
55709
56667
56583
56125
55584
55875
64750
57000
56083
55875
57041
55833
56333
56250
56208
56208
57875
57708
56541
57041
56041
56750
55625
56208
55917
56375
57041
56167
56333
56125
56542
56708
63000
56583
56750
58792
56042
55500
55541
56667
55750
56458
56625
56708
55750
56375
56042
57000
56125
55958
56458
56083
60583
63917
57500
56167
56625
56875
56750
56208
56416
57333
56292
56917
56916
56417
56458
56750
57125
59500
56375
55375
56000
56250
56208
60083
57916
56541
56750
56625
56667
57125
56291
57291
56917
56041
56750
60292
57500
56500
56459
56625
56625
55750
56708
56542
56792
56500
62833
57083
56416
55417
65584
57958
56417
56541
56334
56500
55834
56916
56500
56459
57291
57041
55625
57583
56417
57459
56417
56583
63458
56291
56417
55416
57125
56542
56292
55917
57375
56708
56292
56709
56708
57042
56833
56291
56583
56167
55667
57000
56041
78834
56834
58209
56291
56292
56958
57000
57250
56375
56125
56250
56584
56791
56209
56375
57166
56167
56250
56083
61917
57417
55208
49167
32750
61916
57959
55833
56125
56834
55583
55542
56792
55750
55833
56666
56166
56958
56583
55500
56291
56417
56917
61042
58291
57500
55583
56833
56250
56042
55917
55500
59583
56500
57041
56500
56000
55958
61208
56542
63833
56875
56750
56458
69667
57375
56792
56792
56750
63292
55750
56500
56542
55083
49750
33000
32209
32417
32583
33000
32833
32500
33042
32625
32750
33042
33209
32875
32125
34709
32792
37250
32709
32959
32541
32333
32750
32459
33167
32292
33667
32500
32458
32667
32333
33000
32958
32375
33375
32625
32916
32625
32208
32875
33958
32250
32125
32791
32583
32792
32416
33500
33125
33083
32958
32958
32500
33083
32375
32917
33250
32875
32583
32875
32875
33125
33292
32917
32584
32500
32542
32375
32875
32583
37042
35375
32583
32417
32458
27958
27792
27709
28334
28042
28417
27917
28084
43375
30333
27958
28833
28958
32125
28333
28000
27584
28042
28292
28083
28375
27500
28000
27875
103791
67083
57667
57209
56208
57083
56875
56167
56709
58333
56916
56750
56875
55959
55709
56292
64333
56500
57417
56583
56375
56208
55416
57000
55917
56916
57333
56458
49208
32875
37167
32666
33000
33083
33000
32917
33000
33042
32666
32709
32291
33416
32750
32459
32916
32875
32958
32250
32792
32750
32458
32500
32917
33209
33000
32292
33042
33125
32583
32750
32792
32709
32750
32833
33291
32625
32833
33209
33000
30125
28666
28333
28416
27875
27750
28375
28084
28041
28167
28250
28417
27875
111375
111459
118250
62958
56625
56625
56792
57041
56833
56125
56708
57000
56166
55708
64042
56958
56625
56625
56250
55916
55917
56000
55625
56458
56791
56541
56208
56916
61958
56041
109708
59083
58042
57208
57625
57167
56792
56834
56708
57208
58084
56958
57625
67375
57667
57125
57334
57250
56375
56958
63167
58167
57875
57167
57708
57250
57000
57375
57125
57666
57083
57084
56500
57084
63083
56542
73792
58042
56917
56875
57042
60958
56667
56500
55792
56625
56417
56625
62792
55875
55792
56792
56042
56875
63125
57208
56833
57000
56250
57042
35250
32584
32583
33084
66167
104042
62125
57875
86125
69667
68000
110000
104125
98042
62208
57458
57375
56292
56667
95333
58250
56958
57084
57583
57167
56833
56542
56291
57375
56125
57042
56417
97625
69166
111458
108667
104375
94792
107958
104916
84750
70542
102292
79750
61417
202584
80875
102375
115708
58750
56708
56375
57208
57250
56750
56583
56875
71667
55834
57458
57167
56375
55875
56334
57042
56125
58083
56916
102500
59250
57292
57292
56541
104292
58292
108042
111292
102916
98250
58833
56583
75584
113833
57208
56500
61625
57250
56250
56708
57125
56917
56834
60375
57541
56000
58459
57292
56083
56792
57958
65125
56583
56084
55667
57083
56959
57500
57250
57000
57875
57000
56959
56541
56750
56791
57208
56292
56083
56750
56833
56708
56834
56625
56375
56500
55917
32500
32584
32875
32458
32833
32542
33042
32667
33333
33166
33292
32458
32458
32958
32959
32667
32750
32709
32917
32875
33167
31917
32666
33000
32917
33084
32750
32375
85459
77542
58959
57000
56083
56958
56667
57000
57042
91208
58000
56750
56833
57042
57208
56375
56667
57708
56958
56917
57875
57084
56459
56125
56708
56875
111125
108625
59166
79916
42916
115209
58625
56334
56333
56542
56167
57042
56625
55500
57625
56750
55958
56750
57375
55958
57000
56375
102625
98584
115125
57792
56333
57375
57500
60792
56917
56958
62750
57041
56791
56750
56916
56417
56541
56209
57083
56291
56125
56625
56250
55458
56625
56708
56208
62917
56000
56291
56875
56417
56083
55875
56209
57000
56416
56166
56833
57000
57541
56250
57125
56625
56458
56625
56542
56709
32542
32791
32666
32708
32542
32334
33084
32666
32458
32458
32500
32584
32541
32459
32833
33000
32666
32208
32458
32500
33125
33042
32791
32750
33208
32625
32667
32708
32584
32958
32584
32709
32500
32792
32833
32666
32458
32250
33041
32542
32958
32417
28000
28083
28000
28083
27875
28167
28083
27875
27875
27708
28125
27917
27916
27958
28250
28000
28292
28042
28042
27917
27750
28208
28000
103500
90208
103292
60125
57875
109417
57833
56333
56500
56292
56834
55916
56083
57250
57000
58250
103709
58000
58291
56208
56625
56500
55875
56666
56834
56083
56166
56791
56084
56917
56708
56625
57292
57333
57083
64333
56083
56958
55417
116875
58542
57458
56750
56292
56458
56125
56792
57083
69834
112458
57208
56875
57125
56750
55834
56208
56875
55833
57041
57041
57167
57792
56666
55833
56208
57709
56333
63333
57000
56917
56208
56958
57625
56750
56792
56709
56542
56083
109083
58000
56917
101667
111833
58666
58041
56959
56375
56708
56625
56791
56500
56417
56541
56583
56709
100791
74458
58083
57042
57333
56334
57667
57458
55959
56000
58166
56250
56042
56542
56209
56584
56041
56417
55791
57500
55917
56542
55500
56917
57000
55583
56166
56375
57458
56667
55750
56041
56083
56875
56417
57291
56791
56708
55875
57250
56375
57250
32708
33708
32750
32583
32750
32875
32792
32791
33083
32708
32625
32917
32541
33625
32875
32250
32291
32792
33083
33125
32709
32792
32250
32708
32792
32791
32458
32708
32750
33334
32833
32875
33250
32542
32875
32791
32625
32791
32417
33125
33084
28125
28042
27834
27958
27916
27875
28167
28000
27750
34833
27459
28375
27833
114167
111416
58500
57250
57375
56375
56791
56083
55417
56458
58000
57625
101250
57500
56375
56791
56042
56375
56000
110333
100708
57625
57125
56333
61041
57209
57209
66083
58000
57042
56833
64667
56500
56875
56167
55959
56500
56041
56458
56667
56125
57084
57166
56959
105083
58709
58333
56709
68291
56875
68458
56500
62958
57084
56750
56833
63875
56833
56542
56250
56000
56000
57458
56833
56166
56500
56500
55792
56583
55917
56166
55667
56500
55459
56292
56667
56000
55750
55958
56791
61125
56875
56500
56458
56666
56709
60792
55917
56791
56917
57000
62625
60708
56250
55834
56584
56416
56542
56917
56875
63417
56333
56667
51583
32625
32875
32750
32666
32541
32084
33000
32792
32916
32959
32958
32917
32916
33000
33042
33416
32958
32958
32542
32834
32500
32583
32833
33125
72417
93208
115416
114000
57917
56584
57042
56417
55459
56083
56000
56500
57000
56000
56500
55875
56791
56875
56000
55541
56625
56250
63584
56750
56959
57125
55084
56375
56625
56334
56333
56166
56542
56625
56417
56875
56792
56500
55834
55750
107750
106125
108375
116709
89458
111000
109333
59334
65417
56833
56750
57083
56125
56000
56375
55958
56791
57083
56416
56834
55958
56042
56292
56167
56000
63917
55834
56291
56500
56333
55959
56875
55167
55958
55625
56417
55750
56250
56125
55708
56833
56292
55458
55959
56791
56375
56750
55625
55958
56166
56708
57500
56500
56375
56708
57375
56042
57292
56000
56833
55291
55875
56666
56792
56875
51166
33083
32834
32709
33000
32584
32792
32167
32333
32583
33417
32250
32584
32583
32541
32708
32834
32792
32834
33125
32584
32958
32708
32792
33000
33000
33041
33084
32458
33167
32834
32458
32750
32958
32875
32500
32333
33334
33000
32500
33167
33667
30625
27625
28375
28208
27917
27958
28125
28167
28250
28042
28000
27833
28125
27833
28292
27792
28125
27791
28458
28000
27959
27916
27708
29500
28334
28625
27792
28333
28083
28167
28000
28541
28041
28083
28167
28084
28125
27958
28417
27875
28125
28375
27667
28083
27875
28292
28083
31417
27958
29000
31375
28458
28042
28500
27667
28125
28625
28333
27792
29208
28208
28541
31667
31708
28167
28375
28167
27875
27959
28250
40542
28666
28417
29167
27583
28125
28000
28291
27792
28208
28000
32291
27958
28125
28000
27958
28041
27917
27750
28000
28250
28125
27791
27875
111708
111208
85542
102250
60791
59625
58500
58292
66291
57666
57958
58916
56791
57625
61208
112583
57375
57709
57334
56417
56875
56334
56083
56167
56166
56750
56083
56417
57208
56375
55625
56250
56000
56917
65917
56458
56500
56875
55791
56541
56875
55792
55875
55625
55833
56709
56000
55500
56792
56542
55792
56500
56667
56666
56625
55625
55584
57333
56000
32792
32583
32417
32417
32709
32459
32625
33167
32583
32375
32750
32625
32458
32292
32333
32542
32625
32791
32875
32500
32583
32791
32875
32166
32958
33291
32750
32250
33000
32791
32833
32542
32625
89833
77875
106250
58958
57709
56833
56416
57625
57000
56292
56375
56708
57000
57416
55583
56875
56875
56750
56042
56000
56208
65042
57625
57916
56667
56625
56208
56500
56708
56708
56125
56167
56334
56250
55708
56917
55959
55958
56166
56750
56625
56791
56458
56333
56375
56333
53041
32500
32375
112666
58042
57417
56375
56166
56334
57000
56250
56917
56416
56500
56583
56375
57333
57209
56958
57166
57375
56292
66584
57875
57167
56541
56333
56125
57042
56334
56042
56375
57458
57000
55875
56375
57584
56959
56500
56375
56792
57875
56084
56500
56250
56500
56250
100959
57750
55750
57208
57584
56917
56500
56708
56875
56500
56833
56667
56375
57875
56292
57042
57958
109750
59167
57417
57750
57958
56459
57250
56250
57500
57000
60334
56709
56750
56333
57084
57084
57333
56917
62875
56292
57584
33083
32625
33166
85250
61167
57416
56416
58375
56792
57375
56333
56833
56917
57750
57250
56416
56417
56208
56416
57083
56292
64666
56750
56875
56708
56333
56792
56250
56500
56416
111125
58250
57584
57041
57083
56125
56583
56375
56458
56791
56000
55959
56209
57209
56417
57792
57417
56584
56750
106542
115084
59125
56500
57292
56875
57125
110208
58125
57333
56959
56166
55500
57125
56125
56500
56250
56792
56000
56541
57042
56000
56791
56083
55917
56417
65250
56583
56541
57583
56333
55500
56250
56125
56958
56750
56750
57250
56917
56000
56250
56583
56209
55625
56416
56542
72792
108750
58291
56834
56875
56583
58291
56416
56250
57500
56959
57041
57292
56500
56875
56334
56500
56500
56375
57250
56625
56875
55750
63042
56791
57333
57459
57000
57041
55833
56875
115875
58417
61083
56833
57500
56708
57292
56792
57292
57542
56666
56083
56542
56667
57000
55958
56250
55792
56875
63709
57083
56375
57125
56958
57667
56208
56625
56375
57042
55958
33209
32792
32500
32958
33125
32833
32792
32625
32917
32750
32333
32750
32666
32625
32792
32750
32833
32791
105209
58625
57083
56750
57291
57541
57125
57208
56791
57250
57584
58292
57292
56667
56959
57125
57833
108458
59417
57250
56791
56417
56000
56667
56708
57625
57083
57584
56083
56542
56166
56542
56250
56500
56917
99917
117166
63375
63000
118458
58916
57917
56709
56417
57542
56541
56750
56167
56792
56000
57000
57375
56958
56791
57292
56709
57208
58000
102291
59250
57750
58042
57416
58000
58167
57250
56958
57791
104291
59333
57416
56209
56666
57959
56542
56667
56209
56583
56292
57083
57166
56417
55875
56000
55250
56542
56833
57041
56250
56458
57125
85375
104292
101875
111917
113625
110791
114875
113500
40250
23292
114250
92833
108250
86583
116792
60625
119208
58667
56208
55958
57084
56375
56292
56542
56583
56875
56500
56834
56541
57042
65709
57875
56209
56042
56875
56625
55875
65167
58250
58083
56125
57250
63500
56583
57250
56667
56375
57167
57541
57167
56958
56209
56083
55792
56750
62208
56250
57000
62042
57875
56791
57334
56583
58750
56959
56916
56958
57042
32875
33250
32916
32792
84292
58167
109542
108917
59125
57750
57000
56958
57125
56458
56375
57000
57084
56959
56542
56833
56875
57167
57542
56458
106500
105250
59125
57917
57458
56583
56792
57083
56708
56292
56542
56250
57041
56292
57208
106833
58959
57375
111042
58833
63000
57375
95625
84250
57375
57417
56459
57250
56875
56625
55834
56792
57291
56083
57042
56250
56709
56500
56875
57791
56667
56375
56541
56500
56000
56417
89333
57917
57500
56417
56291
55750
56167
56375
56625
56250
56083
56041
57250
56708
56042
63209
56292
57084
62708
57250
56416
56792
56750
56875
56375
57209
56916
32542
37000
33958
32916
32667
32750
37375
33083
32709
32750
32417
32875
33167
32833
33750
33375
33167
32916
32458
32834
34542
33666
73875
57750
58000
56166
56208
56166
55958
57583
56791
56000
56417
56750
56500
56500
56541
56209
56375
56041
56625
57333
56959
56708
57250
56875
56083
56917
56542
55583
55750
55583
56250
62084
58417
58000
56875
56916
63958
57167
56375
57000
56834
56167
56333
56541
56667
56958
56833
57042
56667
56375
57334
57375
56958
57166
56500
56375
56375
110083
93375
69791
57833
56958
56792
56750
56416
56208
56834
55958
57375
56167
57666
64250
57209
56375
56167
56708
56959
55584
56542
56167
55750
56708
55500
56666
62500
57209
57083
56875
94875
63000
104000
57417
56416
56334
56750
56625
56542
56667
57084
57042
56667
57042
57291
56708
57208
55958
56250
56041
56583
56459
55833
57167
58167
63459
56708
55750
108375
63917
57709
56875
56750
56708
56500
57916
57250
56750
56292
55333
55958
75209
56958
57750
56417
56917
57000
56833
56708
62500
56291
56709
56292
56416
60917
58042
57666
57792
57459
57333
60750
57459
57084
57500
57292
57458
75084
56917
57083
56750
57208
56833
56833
58250
57209
57750
110541
115125
57667
57500
56583
57667
56708
57417
57417
57125
57541
56750
56042
56750
56959
55625
56875
56833
56708
65333
57500
57250
57125
56958
56708
56833
57250
57583
56333
56625
56792
56708
56500
56375
56167
56083
56791
56000
57375
56875
56083
55875
55708
32542
33000
33250
32709
32916
32833
33500
32625
32666
33542
32625
32917
32750
32917
33458
32958
32458
32792
33208
76792
60166
90791
79375
58000
57709
57458
58459
57375
56750
57458
57458
56709
57708
58625
57958
56500
57042
57792
56875
57667
63208
56250
56292
56833
57000
57167
56916
56875
57125
56666
56292
56833
56666
57292
64125
56417
56458
56792
57459
56833
56917
56416
56542
57375
57250
33125
33333
33042
33125
33083
33500
33167
32916
33416
49625
62375
102292
61666
58000
58459
57625
56625
57375
57375
57209
57125
56875
58125
56042
57334
56750
56417
56333
56541
57250
56125
64750
57708
57416
56583
56042
56125
56625
56959
63709
57875
57250
57584
57500
68791
56750
56709
57292
57041
32750
33000
34000
33167
33292
32417
32792
32791
32917
33375
32750
32833
32917
32750
33125
32417
32917
32708
32958
33000
33041
32834
32667
32542
35083
32916
32916
32708
98667
58125
58000
56916
56750
57000
57209
57666
57833
57083
57208
58000
57416
58625
57250
57083
78209
58791
58334
57750
57583
57375
57458
57375
57416
57791
57292
64625
56250
57125
57291
57417
57791
57458
57666
57042
56958
57291
56667
56708
58417
57750
57292
57208
56667
57334
56833
57083
55958
57542
56208
57792
57250
57500
56583
67875
89208
91792
113125
116291
108459
59125
57500
57542
56833
57125
56792
57125
56458
56542
56792
57209
56458
55750
57000
56416
55666
57250
56792
65500
56500
56625
57292
33000
32750
32541
82792
57416
56417
61542
67542
57083
57584
57541
56000
57250
57458
57417
57292
57917
56666
56916
57125
55791
56250
56000
57125
105500
57917
105917
87958
71250
57500
57917
57125
56583
56542
57750
56542
56958
56750
63625
57333
56375
109334
91792
58334
57917
56834
57625
58417
56875
56583
55875
57250
57000
57292
57083
57000
56375
56375
56833
64250
57666
56833
57167
57041
33042
32791
32500
32750
88959
58958
58083
57417
56875
56709
57417
56917
63208
57458
57625
56417
56958
56083
56833
56083
56250
55834
57125
62959
57208
57167
57375
56625
57084
62916
57709
57417
57208
57125
55875
57292
56333
56500
56833
55709
56625
57250
61333
58709
57583
56750
57041
57542
56583
57542
57459
57916
57542
57459
57375
57625
57167
56959
57333
57000
56625
68875
56625
56708
57250
56125
56708
56042
56708
83750
55917
71500
56834
57417
56833
56667
56417
56750
56084
56875
56875
56375
57667
56417
56334
57459
56208
56000
56542
56791
56416
56292
56042
55667
62542
56625
56958
55917
56084
56500
56625
90750
59542
57708
57209
56958
57542
56583
57292
57666
57583
57209
65666
56875
56958
56916
56459
57500
56625
57000
55959
57250
57709
57083
56583
57500
56791
56708
56833
57083
57125
57625
56792
56875
57459
56542
56792
57041
56625
67291
56708
105875
58750
57292
56583
56083
57167
57500
56542
56583
56958
56833
56542
56292
56417
56167
56542
57209
56458
56333
56375
63334
55750
57167
56167
55791
55792
56667
56375
56459
56500
56375
56167
56458
56459
73500
56500
56750
56125
114084
111208
109209
60625
57292
56625
57000
57209
56042
57125
56584
57125
56792
56375
56125
57667
56542
57083
56208
56375
57625
65167
57375
55833
56542
56542
56083
56916
56750
56750
57292
56500
57375
56209
56292
56500
56833
56750
55875
56042
56333
56000
57125
56916
56417
57208
56583
55791
56250
56667
56083
56583
56334
57208
57167
57292
57000
57000
56250
57041
56667
56375
56500
56041
56334
56750
56167
56875
56583
50500
32417
32291
32750
33000
32583
32667
32667
32917
32917
32625
33208
33375
32708
33125
33125
33250
33291
32542
39000
33125
32834
32834
32375
32666
32625
32625
33167
67250
63208
59041
58458
58333
58000
57542
58000
57166
58041
57000
56166
56875
61541
57208
58250
57875
56625
56500
57333
57500
63667
56791
57833
55875
33209
33291
32750
33000
33375
33750
33959
32833
32834
34208
33458
32917
32666
33541
33208
33167
32791
33084
33333
32791
33750
32625
32875
32875
32708
33291
33583
33083
33041
33167
71958
58250
66167
62666
62125
62375
88250
97292
112375
63000
57625
59917
83250
57208
60750
59000
57375
57375
65625
56500
56917
56583
56584
57417
56208
56250
63209
56958
63416
56167
56750
56625
56667
56959
55917
56250
57125
56292
56875
56417
56958
56791
56042
57084
51458
33584
33000
33083
33208
33083
32625
33084
33042
33833
33125
33500
33458
112125
61584
57459
108750
112166
58208
57209
56792
57000
56625
56916
56542
56500
56417
57083
57000
56541
57416
57125
56417
56583
56250
56792
63250
57542
56792
56959
55333
55834
55958
93750
60500
57583
57834
58042
56792
57000
57667
56916
56792
33000
29083
28375
28917
29083
27958
31167
29584
29292
30292
28250
28375
48959
57542
57333
56875
58459
58125
56542
58500
57125
59250
58083
28459
28250
28375
28584
28417
28166
28167
28042
28000
28125
28250
28042
28125
28250
28292
28084
65000
58500
57208
57291
57417
57083
56458
55625
57166
56375
56542
63042
56250
57000
56834
56791
56750
56000
56084
56375
57541
56750
56583
56375
56625
58250
63292
56500
56833
56208
56000
58000
56250
57083
56375
56292
57375
56708
56333
56959
56666
56042
56750
62000
56250
56416
56875
56541
55791
43875
33459
37500
32750
33083
32625
32625
32584
32625
32959
32709
32917
32875
33292
32584
32708
44334
33083
32625
32625
32917
32625
33209
32916
32583
32375
32417
33125
32917
32625
32917
32709
36750
36542
33792
60875
64708
98125
102542
57334
57417
56292
56584
56458
56625
56375
56917
56958
56291
57125
57000
56500
56292
56917
56583
57042
56959
64375
56209
57750
56875
56125
56250
56083
56583
56667
56666
54125
33084
33292
32750
33333
32334
32958
33375
32709
33000
33250
33041
33250
33083
32708
32916
32416
33125
32917
33042
33667
33042
32875
32750
32708
33083
33042
33125
33417
33250
32833
32875
33167
33000
32459
32791
32750
32792
32959
33291
33750
28208
28000
28250
28417
28292
28584
28459
28084
28125
28209
28042
28542
28291
28291
28334
27834
28208
28375
27917
27875
27959
28417
28000
66875
58916
56459
57000
56541
57000
57417
56375
57166
56750
55708
57208
56000
55541
55500
56375
56334
60875
57917
56750
56042
56209
57375
61292
56916
56541
56916
57125
56334
60792
56292
56417
56125
57125
56291
56375
56417
63875
56708
56500
57250
59792
57417
100208
58375
81083
57625
57042
56291
55833
56292
56166
56292
57250
56875
57250
56958
56625
56708
56459
56209
107500
58625
56917
56542
105792
115458
58333
57208
56916
55958
56833
56708
70875
114542
58625
57083
72209
59333
57250
56458
57375
69625
56958
56042
56958
55667
56125
57042
70709
56000
56959
57250
56958
56292
55959
50166
33291
33042
33125
32208
33250
33500
33500
33250
32791
44667
34208
33042
32875
32416
32708
32750
33292
32750
32958
32583
33125
32875
33250
32959
32708
32708
32916
32916
32958
33167
32834
32584
32875
32917
33000
32708
32625
33167
71500
60375
57625
59917
57417
61916
57458
59333
57041
55875
56708
57458
57333
56709
56334
56458
57250
56750
56792
56166
56666
56166
56875
54333
60167
57917
57375
56375
56666
56291
57208
56417
56500
56125
56709
56250
56166
57167
56042
56500
56958
56542
56083
56375
55875
56334
57583
57500
50375
33458
32541
33500
32416
36750
32500
33083
32917
32792
33500
32958
33041
32500
32709
33375
32417
33417
33042
33000
33417
32542
32750
33083
32750
32709
32750
32959
32666
33000
32500
32625
33209
32958
32917
32917
33333
33000
32666
33042
33292
33125
39167
31084
28250
28000
28375
28083
27917
28166
28333
28500
28084
28208
27916
31583
28334
27958
28375
63042
56333
56125
56417
56083
56417
56291
55541
56125
57291
56625
62542
59083
56250
57750
57041
57167
56791
63417
56792
56583
56625
56833
56791
56458
56458
56459
56417
56375
56875
56209
56291
55875
56417
56333
55833
56208
56791
60333
56625
56292
56166
55792
56625
55875
58375
59042
59917
57334
112416
58542
57708
56083
55791
57000
56583
57458
57125
57208
55625
57458
56833
55916
56958
56667
56166
56791
56750
66916
57000
55833
56500
57333
56625
56375
56667
56292
56500
57125
56417
55958
56125
57833
56625
57292
56167
55917
56292
56000
56583
56416
56250
56083
56625
57166
56959
56584
57375
56750
55583
56209
56333
56375
57000
56500
55958
56500
56541
56000
55875
56334
56667
55708
56000
56250
56916
49667
32375
32917
33042
32542
32500
32875
33416
32333
33333
32917
33167
32834
33167
32667
32750
33000
32583
32459
32750
32250
32708
32958
32583
33000
32750
33292
32458
77666
59084
60334
61250
110792
109916
107500
87500
99917
110834
60084
104459
89000
110166
58708
62917
57791
56333
113167
58958
56541
57583
88458
57458
56458
56792
56875
58041
66459
56500
56917
57041
58334
57292
57625
56250
56208
55916
56500
56084
56458
55833
56500
57209
56417
56917
56167
56125
56792
56208
56459
33084
32916
32583
33834
32959
64000
65292
56792
57167
57625
57333
57292
57416
57041
57458
56917
65708
59042
57500
56959
58000
56250
59334
56583
56000
57166
57625
103500
74083
57625
57500
56625
56708
56708
56167
56708
57250
56584
56625
57042
92500
111166
110000
60042
93791
63250
107750
107875
97041
99417
98500
101833
107375
108209
85959
59250
56208
57042
56167
57459
56375
56000
57417
112125
114750
71792
57542
57333
57208
59833
57208
56541
56375
56792
109625
104291
102625
67084
92750
78250
76125
58167
57792
56917
56750
56708
76750
59250
56084
57333
56541
61875
59292
57584
56000
56791
56959
56333
56459
57083
56334
57250
61708
57417
57042
60084
105708
57709
56875
57250
56542
56041
56167
56792
57042
57208
56292
56917
56166
57167
57458
55542
56750
57000
56458
55958
57042
56375
56125
32959
33125
32334
32834
32916
33042
33042
33208
32708
33000
33125
33333
32750
32625
32791
32708
32291
32667
32500
32875
33292
32833
32708
32958
32792
109542
73083
112209
105375
112625
95209
113042
58416
57917
57917
57166
66375
64167
60333
59791
107709
87666
67459
26042
24958
25041
24709
25000
25042
24750
78000
32166
34333
29666
47583
61583
25000
25750
22458
22292
21708
21750
25709
24708
24791
24375
22667
22375
21750
21958
24833
22125
22250
21791
21959
21833
24708
24792
22042
26583
26375
22250
22084
25708
22250
24958
21750
22125
26000
21542
23208
21834
23625
22291
22667
21917
23542
21834
24542
24875
23083
26083
22708
22958
22625
21959
22292
26542
26250
22625
22500
22666
25958
23917
49500
60791
26125
25250
24667
24750
24292
32334
25083
24167
24375
24542
24125
30584
24458
24416
24375
24292
24542
24417
24167
24458
24459
24375
26542
24542
28208
24708
25458
24875
27042
25083
29250
24959
25833
24542
24583
31458
28833
29292
28542
32417
31208
28583
29042
31208
31292
30250
28625
28083
28334
28417
28583
33167
28667
28791
28417
28083
28250
28459
29250
29208
28458
28125
28583
29042
24958
24833
24667
25541
25708
27875
24625
25333
26292
27791
28208
25000
25875
25667
24584
26875
38167
27333
77208
34875
32541
30458
29375
29167
28542
31000
30666
28208
28625
29625
28583
28667
27916
28959
28250
26667
33291
11875
11000
10625
10084
10417
10375
10291
42042
11333
19958
11125
10834
10708
12625
10500
10541
10375
10125
10417
10583
30500
27666
15834
13666
13292
13250
13000
12708
12792
12959
12834
12750
12750
12875
12834
12709
12833
12834
13042
12916
13000
13458
12916
13084
12667
12708
12625
12500
12833
12917
12958
12917
12917
12875
13041
14625
12917
13291
12875
13125
12875
12792
13334
12792
12917
26167
14958
14667
14542
14541
14334
14334
13958
14459
13958
14333
14375
14250
14458
14375
14083
14542
14250
14292
14167
14709
14334
14459
14250
14459
14417
14167
14125
14083
14208
14000
14667
14375
14542
14417
14083
38167
14917
14625
14250
14291
14167
14334
14209
14334
14542
14333
14042
14583
14375
14458
14500
14542
14250
14500
24375
19458
18833
18958
18625
18542
18583
19417
18667
19209
18542
19166
18458
18625
18625
18208
18958
18291
18625
18667
18625
18667
18750
21459
19917
19500
19167
18625
19042
18667
18708
18750
18667
18458
19000
18625
18791
18625
18417
19375
18667
25292
18208
18791
18417
19166
19167
18875
24167
23916
52417
22458
19833
19209
19125
19208
19125
18667
18750
18625
19417
18875
19041
18458
19000
18292
18708
18708
18250
18334
18833
18583
18541
18709
18916
76709
35500
31000
70000
53833
29917
28583
28584
28833
28708
28291
28667
28750
28250
28208
28833
28000
27917
28208
28625
28375
28209
27958
28125
28167
28291
28833
27834
28542
29042
28833
28792
28500
29000
28542
28875
28042
28083
28584
29000
28291
28250
28041
28250
28334
30792
28083
27917
30750
44500
25916
24500
24625
25333
24750
25000
24542
24625
65792
31375
15458
14292
13333
13208
12875
13083
12833
13041
13250
12834
13459
12834
12875
12958
13166
13166
12959
13125
12625
13000
18500
13166
13125
12792
12541
13084
12875
12917
12709
13083
13000
12583
12792
13166
13041
13000
12917
12875
13125
13458
12875
12958
12916
13000
12833
12834
12917
12833
12708
12833
13667
31750
39625
25667
30500
27083
22875
18042
27166
42834
16417
24042
15625
15208
14666
112708
112375
116167
91500
66167
59667
107792
110000
58583
57167
57000
57291
56959
55791
56875
57583
56417
55542
56916
56375
56583
56292
55792
56208
56292
56917
110375
113750
58333
56666
56292
61459
57375
59334
58500
56417
68208
57792
57083
56458
56917
85000
60958
65625
57209
56875
56167
56708
56958
56584
56084
58500
57333
58833
57292
56917
56541
56750
56833
56750
56417
52792
32458
32875
33291
32958
32917
32750
32542
33250
32875
32833
33042
32959
32291
32333
32625
33208
32917
32791
32750
32542
32709
32875
33083
32917
33416
38750
32708
32708
32833
32833
38166
35166
33042
32792
33042
32459
32791
33000
33084
33042
36708
30958
27916
27958
27916
28084
28166
28542
27916
28166
28375
27917
27958
28167
28292
28625
28458
30959
27750
28167
28333
28500
28250
28375
28000
28333
28750
37458
28916
28667
27959
28167
27875
28000
28167
28166
30125
28166
28333
28542
28166
27875
28167
28083
28292
29541
30916
28375
28250
28208
28458
28333
27958
28292
29000
28791
28583
27958
28417
28208
27958
28625
30875
29000
28875
28625
28708
28875
28583
28459
28708
28333
28792
28417
28167
28541
28750
33209
30958
28666
28541
31875
28708
29708
28292
31042
28333
28875
28209
28583
28500
43750
33500
32625
33125
32666
32833
33042
32958
33000
35541
33166
32917
32916
33125
33209
32916
32333
33084
34083
33041
33042
33084
33584
83000
58916
57959
57500
57375
57083
57959
56583
56667
57750
55750
61541
57500
57208
42375
41375
40917
40958
41708
41625
41041
41500
44167
41750
41625
41583
40792
41542
42084
41708
43291
44583
33875
35292
33416
35667
33250
42125
33333
42875
32792
33125
33250
41584
32875
38833
32625
33333
33083
33333
32959
33084
33583
29250
29208
30209
29542
28625
28625
28333
28416
28500
28375
28542
31792
28542
28416
28042
28542
28042
28458
28084
28333
28042
28541
28208
28291
33250
28250
28042
28000
28000
28541
28000
28208
28375
28708
27667
28042
28083
28167
28042
28125
32042
28583
28541
24583
24583
24250
24416
24541
24625
24500
24250
24750
24208
24375
24667
24334
24667
37917
32583
24917
24417
24291
24584
24458
24750
25417
67667
60959
34834
33416
32500
32792
60625
57625
57709
64917
81708
66958
70416
95000
68334
73916
54541
109625
61500
58125
57458
56041
57625
57083
56167
56500
58125
57958
57417
60000
57542
57292
57250
79958
58834
62875
113375
